personID,carsharingType,startTime,endTIme,startLink,pickupLink,dropoffLink,endLink,distance,inVehicleTime,accessTime,egressTime,vehicleID,cost,bookingTime,companyID,vehicleType
32948392,twoway,51733.0,58309.0,460492,13928,null,13928,9294.523953643284,729.0,165.0,0.0,12121611,12.836039999999981,6576.0,Oply,car
27166063,twoway,71710.0,72131.0,280059,320455,null,93351,711.880293596762,85.0,336.0,0.0,12103612,6.073909731866278,421.0,Oply,car
29243131,twoway,58462.0,63951.0,175197,1384,null,1384,765.6404641796059,95.0,121.0,0.0,12102641,12.641984649267677,5489.0,Oply,car
28439751,twoway,15881.0,40199.0,257108,131665,null,131665,4715.566719724511,428.0,98.0,0.0,12131611,41.37990931105437,24318.0,Oply,car
28908922,twoway,58358.0,59909.0,257303,131665,null,131665,6820.518204686627,591.0,234.0,0.0,12131613,6.173226563886888,1551.0,Oply,car
27339817,twoway,61809.0,66323.0,172993,456157,null,456157,9707.126612647506,820.0,107.0,0.0,12103623,12.110332236745345,4514.0,Oply,car
27714263,twoway,57845.0,63836.0,286607,337736,null,337736,2466.509065699978,257.0,139.0,0.0,12102701,12.65914315683942,5991.0,Oply,car
27178170,twoway,50158.0,56851.0,125553,105073,null,105073,14372.84808498365,1221.0,142.0,0.0,12096522,12.007769909145383,6693.0,Oply,car
29390245,twoway,62185.0,68586.0,89257,126200,null,126200,1514.7306707614534,137.0,386.0,0.0,12104712,12.588692343397813,6401.0,Oply,car
33624130,twoway,80622.0,81539.0,436770,449534,null,11624,342.2928824125636,46.0,871.0,0.0,12104662,6.312495000000003,917.0,Oply,car
28704786,twoway,8816.0,32256.0,280055,320455,null,320455,7318.102341265547,605.0,234.0,0.0,12103611,41.312843327167464,23440.0,Oply,car
27178172,twoway,77002.0,85179.0,125553,105073,null,105073,4738.840219680109,370.0,142.0,0.0,12096522,18.93359999999994,8177.0,Oply,car
28919026,twoway,12415.0,40496.0,440255,126200,null,126200,232197.36991468028,9841.0,127.0,0.0,12104712,50.50079999999998,28081.0,Oply,car
27030498,twoway,11301.0,51057.0,402707,7103,null,7103,221953.3059555248,9077.0,502.0,0.0,12120631,64.59555356978294,39756.0,Oply,car
27050544,twoway,79992.0,80243.0,131665,131665,null,419114,3110.4759644366577,250.0,1.0,0.0,12131613,0.3945057875694587,251.0,Oply,car
27669894,twoway,56460.0,59836.0,500879,501127,null,501127,4036.6408703252464,433.0,326.0,0.0,12133672,6.151627372017462,3376.0,Oply,car
31574958,twoway,78869.0,86498.0,61449,229018,null,257127,2193.495431060974,212.0,2006.0,0.0,12095571,18.770849999999978,7629.0,Oply,car
34974198,twoway,65696.0,75796.0,379132,370301,null,370301,17267.458728237514,1228.0,115.0,0.0,12132682,19.50501000000003,10100.0,Oply,car
27149052,twoway,75732.0,76561.0,185953,119231,null,389729,6429.956795036571,434.0,395.0,0.0,12133662,6.106357832893863,829.0,Oply,car
35031325,twoway,78713.0,79261.0,270940,272361,null,276589,3177.603758405953,252.0,296.0,0.0,12102622,6.368670000000005,548.0,Oply,car
26992920,twoway,55374.0,58841.0,294765,403375,null,403375,4445.083567230522,441.0,141.0,0.0,12132642,6.454770000000003,3467.0,Oply,car
26691992,twoway,78202.0,79455.0,13015,36125,null,36125,6421.679941306005,629.0,390.0,0.0,12133722,6.134872983679198,1253.0,Oply,car
27493290,twoway,20302.0,24189.0,136810,427832,null,427832,4541.5896877162795,368.0,196.0,0.0,12121651,6.449075537036993,3887.0,Oply,car
28611804,twoway,13431.0,43782.0,267414,211949,null,211949,22909.528229421525,1766.0,405.0,0.0,12122641,53.31065196517684,30351.0,Oply,car
28665783,twoway,73249.0,73973.0,444375,7103,null,255282,4735.626996969674,394.0,330.0,0.0,12120631,6.097086946885982,724.0,Oply,car
26710753,twoway,15400.0,38519.0,341904,486024,null,486024,24193.496915184794,1788.0,1014.0,0.0,12132661,41.39332250783171,23119.0,Oply,car
28161672,twoway,59385.0,64927.0,391664,172623,null,172623,4797.0165358055,418.0,191.0,0.0,12104672,12.127505196254258,5542.0,Oply,car
27120453,twoway,82033.0,87784.0,362878,282876,null,282876,7376.649669844385,628.0,242.0,0.0,12102671,12.432210000000005,5751.0,Oply,car
28068296,twoway,47488.0,49534.0,229018,414631,null,414631,6767.3343022891895,500.0,91.0,0.0,12120621,6.163166666303871,2046.0,Oply,car
29134707,twoway,15824.0,22776.0,1484,105073,null,105073,5991.406885729086,495.0,479.0,0.0,12096521,11.808347233529046,6952.0,Oply,car
26685129,twoway,15525.0,44187.0,490734,274193,null,274193,13357.920516750688,1134.0,478.0,0.0,12133611,48.41363750524015,28662.0,Oply,car
28008802,twoway,62747.0,69101.0,354404,474619,null,474619,14753.697669463872,1210.0,146.0,0.0,12105614,12.087046867919659,6354.0,Oply,car
29312809,twoway,57668.0,82395.0,342369,13762,null,13762,100886.08602529355,4931.0,364.0,0.0,12133682,42.79362080080956,24727.0,Oply,car
32107184,twoway,77246.0,82517.0,175197,1384,null,1384,2999.693581464773,282.0,121.0,0.0,12102641,12.719699999999984,5271.0,Oply,car
29731044,twoway,69405.0,73028.0,412100,119231,null,119231,7938.189950960288,637.0,453.0,0.0,12133661,6.216129068285071,3623.0,Oply,car
29312807,twoway,11172.0,46518.0,342369,13762,null,13762,100886.08602529355,4931.0,364.0,0.0,12133681,59.290077560920274,35346.0,Oply,car
28176764,twoway,76518.0,78615.0,98440,316629,null,316629,6503.859234504115,535.0,158.0,0.0,12122632,6.205828459108208,2097.0,Oply,car
26725247,twoway,89987.0,90474.0,180209,423936,null,256822,2535.4579881974755,212.0,275.0,0.0,12102631,5.857712620196866,487.0,Oply,car
34462705,twoway,72995.0,79759.0,125553,105073,null,105073,4757.136902809995,369.0,142.0,0.0,12096523,12.435678828816878,6764.0,Oply,car
27578650,twoway,61371.0,65263.0,20711,20711,null,20711,18674.09874082809,1173.0,1.0,0.0,12132622,6.840592306865101,3892.0,Oply,car
27502283,twoway,66770.0,71340.0,220140,274193,null,274193,7920.612359474002,676.0,139.0,0.0,12133612,12.466160412856066,4570.0,Oply,car
26807987,twoway,67274.0,73979.0,16200,105073,null,105073,4466.098226802989,351.0,471.0,0.0,12096522,12.466160412856073,6705.0,Oply,car
33262080,twoway,48584.0,52008.0,257108,131665,null,131665,9021.933194604602,747.0,98.0,0.0,12131612,6.163166666303868,3424.0,Oply,car
29374788,twoway,62833.0,70968.0,175197,257127,null,257127,2853.183285157409,284.0,857.0,0.0,12095571,19.588590000000043,8135.0,Oply,car
27714563,twoway,76344.0,81445.0,125553,105073,null,105073,4066.4518398930973,316.0,142.0,0.0,12096521,12.30264992893711,5101.0,Oply,car
29838166,twoway,75198.0,79058.0,440255,126200,null,126200,1242.0828296979575,128.0,127.0,0.0,12104711,6.941759999999998,3860.0,Oply,car
29414923,twoway,72843.0,73675.0,137540,257127,null,229018,2520.3843293912146,220.0,612.0,0.0,12095571,6.481019999999997,832.0,Oply,car
26716528,twoway,63158.0,69428.0,280055,320455,null,320455,5019.819781810533,454.0,234.0,0.0,12103611,12.278992638099396,6270.0,Oply,car
27564566,twoway,10900.0,38108.0,137569,257127,null,257127,6524.999360539933,556.0,113.0,0.0,12095571,50.50079999999995,27208.0,Oply,car
32289422,twoway,47048.0,49867.0,354404,474619,null,474619,12115.774086851157,1069.0,146.0,0.0,12105613,6.062927907981215,2819.0,Oply,car
29831642,twoway,65710.0,76462.0,481189,322830,null,322830,8228.58209629512,742.0,739.0,0.0,12132653,18.74768817007493,10752.0,Oply,car
27899804,twoway,66883.0,70634.0,281928,274193,null,274193,8416.718763621693,717.0,89.0,0.0,12133611,6.795390000000006,3751.0,Oply,car
27010839,twoway,68134.0,74956.0,320475,280126,null,280126,8663.230786018596,736.0,102.0,0.0,12103641,11.98323293190527,6822.0,Oply,car
26814681,twoway,73593.0,79519.0,165624,1384,null,1384,5765.498849645986,507.0,157.0,0.0,12102642,12.418520321245126,5926.0,Oply,car
29313639,twoway,10391.0,46504.0,291599,281413,null,281413,18002.909257558484,1324.0,338.0,0.0,12102681,60.84618742973507,36113.0,Oply,car
30961056,twoway,16472.0,41559.0,166319,474619,null,474619,98233.04289074724,4279.0,316.0,0.0,12105611,40.69700336504727,25087.0,Oply,car
27044933,twoway,39448.0,47591.0,382149,274193,null,274193,8223.165030560473,739.0,91.0,0.0,12133612,19.14570000000001,8143.0,Oply,car
27859526,twoway,87968.0,88367.0,127904,369565,null,1484,1700.4301813904938,169.0,230.0,0.0,12096541,5.911004926066743,399.0,Oply,car
27619638,twoway,39824.0,51023.0,281928,373984,null,373984,4251.652475700415,377.0,724.0,0.0,12104681,24.62649566134533,11199.0,Oply,car
31224598,twoway,54696.0,60594.0,36249,36249,null,36249,7238.2449931525325,533.0,1.0,0.0,12111612,12.166854367982816,5898.0,Oply,car
33490035,twoway,52364.0,57872.0,456159,456157,null,456157,5730.084599936788,466.0,145.0,0.0,12103622,12.086868319553062,5508.0,Oply,car
32287264,twoway,66283.0,72217.0,433359,109148,null,109148,15356.36725865052,1234.0,415.0,0.0,12121621,12.200880492160644,5934.0,Oply,car
26662638,twoway,65193.0,70504.0,243379,243383,null,243383,17362.590737669012,1203.0,168.0,0.0,12104631,12.546098871660886,5311.0,Oply,car
28721633,twoway,68043.0,73186.0,257108,131665,null,131665,7265.0730405590775,609.0,98.0,0.0,12131612,12.466160412856093,5143.0,Oply,car
34063378,twoway,48855.0,54312.0,456159,456157,null,456157,4759.803996459041,387.0,145.0,0.0,12103621,11.914347049129324,5457.0,Oply,car
28154652,twoway,62274.0,68082.0,257108,131665,null,131665,2472.169724756712,270.0,98.0,0.0,12131611,12.299506939053037,5808.0,Oply,car
31072036,twoway,71525.0,78873.0,501129,501127,null,501127,2060.1798928222383,234.0,297.0,0.0,12133673,12.395569098326213,7348.0,Oply,car
26880919,twoway,52475.0,59597.0,389093,87195,null,87195,12208.789937420013,878.0,149.0,0.0,12133621,12.372697012788821,7122.0,Oply,car
28339980,twoway,16974.0,49300.0,60303,486024,null,486024,7580.601276545142,705.0,1098.0,0.0,12132662,54.609473656997764,32326.0,Oply,car
33046421,twoway,68522.0,78036.0,66928,66928,null,66928,5194.037348883757,451.0,1.0,0.0,12108612,18.718518707203025,9514.0,Oply,car
27619640,twoway,47855.0,57539.0,281928,274193,null,274193,6710.296991237612,612.0,89.0,0.0,12133611,18.62889073823995,9684.0,Oply,car
34668948,twoway,69973.0,74819.0,157720,484179,null,484179,3877.938641047261,335.0,365.0,0.0,12121632,13.01223000000004,4846.0,Oply,car
27581445,twoway,20297.0,26324.0,97168,484179,null,484179,14222.774906589064,983.0,118.0,0.0,12121631,11.919712412894913,6027.0,Oply,car
27581443,twoway,26444.0,39220.0,97168,484179,null,484179,15653.252303880212,1306.0,118.0,0.0,12121631,25.286100000000058,12776.0,Oply,car
27581444,twoway,28193.0,33654.0,97168,7103,null,7103,14277.861780990483,1066.0,914.0,0.0,12120632,11.816730481514867,5461.0,Oply,car
27445225,twoway,17424.0,40886.0,498129,454386,null,454386,48596.61882929025,2291.0,382.0,0.0,12122611,41.369849413471464,23462.0,Oply,car
30265930,twoway,61526.0,67379.0,419130,272361,null,272361,12076.12190734083,982.0,150.0,0.0,12102622,13.114500000000042,5853.0,Oply,car
28021956,twoway,66557.0,68791.0,421149,410043,null,410043,3040.2796345419956,254.0,127.0,0.0,12096511,6.4609650000000025,2234.0,Oply,car
27937195,twoway,60536.0,61743.0,450264,409369,null,409369,4014.2754271556323,326.0,439.0,0.0,12121641,6.143046871137832,1207.0,Oply,car
26957710,twoway,74895.0,75275.0,496978,42301,null,449534,425.52489343772163,50.0,330.0,0.0,12104662,6.255789995861218,380.0,Oply,car
27055239,twoway,61976.0,69405.0,296618,322830,null,322830,6876.49556225767,588.0,633.0,0.0,12132652,12.70860944076257,7429.0,Oply,car
27181130,twoway,60783.0,64370.0,350145,275690,null,275690,6211.483253953812,510.0,223.0,0.0,12131651,6.295254563276229,3587.0,Oply,car
27072893,twoway,70426.0,93996.0,403976,222465,null,222465,3941.3641557811734,317.0,240.0,0.0,12102691,42.414922325762255,23570.0,Oply,car
28342276,twoway,10994.0,34596.0,308788,36125,null,36125,14607.672185128204,1220.0,773.0,0.0,12133721,42.398571277370536,23602.0,Oply,car
28111597,twoway,61752.0,62648.0,993,30901,null,993,736.0479544591594,110.0,786.0,0.0,12133711,6.322708175391012,896.0,Oply,car
32169882,twoway,69253.0,75138.0,421149,410043,null,410043,9753.237194142324,828.0,127.0,0.0,12096511,12.992070000000044,5885.0,Oply,car
26871562,twoway,69330.0,72351.0,7101,7103,null,7103,1620.962195098064,187.0,122.0,0.0,12120632,6.115825971795537,3021.0,Oply,car
32059672,twoway,52252.0,52922.0,316616,126200,null,231205,6478.82116609779,538.0,132.0,0.0,12104711,6.107419371564409,670.0,Oply,car
31502089,twoway,16638.0,52855.0,257254,445439,null,445439,104839.83329106227,5745.0,1123.0,0.0,12133691,59.77847572593114,36217.0,Oply,car
26808788,twoway,81931.0,85820.0,81621,254295,null,254295,1002.8267765786858,127.0,147.0,0.0,12102661,6.500551059752211,3889.0,Oply,car
27724934,twoway,13026.0,40453.0,282009,172623,null,172623,13041.234188323504,1070.0,144.0,0.0,12104671,46.64146695912782,27427.0,Oply,car
28384921,twoway,78078.0,78801.0,258376,66928,null,372689,2887.0825222442727,252.0,471.0,0.0,12108612,6.385469999999999,723.0,Oply,car
29183476,twoway,88269.0,88834.0,270934,271647,null,118082,3192.7107265930163,257.0,308.0,0.0,12104641,6.140820000000004,565.0,Oply,car
28637897,twoway,80748.0,81279.0,46022,126200,null,96576,4252.449099872308,353.0,178.0,0.0,12104711,6.308925000000003,531.0,Oply,car
29610542,twoway,73060.0,79444.0,382149,274193,null,274193,10485.907287878303,922.0,91.0,0.0,12133612,12.935055000000013,6384.0,Oply,car
31882953,twoway,44867.0,56146.0,422625,30901,null,30901,7243.061041346581,630.0,123.0,0.0,12133712,24.809082368388157,11279.0,Oply,car
28071943,twoway,66650.0,73672.0,363801,172623,null,172623,9837.47794353908,920.0,224.0,0.0,12104673,11.983232931905244,7022.0,Oply,car
28052231,twoway,54523.0,60457.0,1825,1825,null,1825,9448.206777717709,828.0,1.0,0.0,12107641,12.942720000000032,5934.0,Oply,car
28338904,twoway,72091.0,79327.0,21199,485280,null,485280,4557.204400395528,476.0,126.0,0.0,12131621,12.562348987655325,7236.0,Oply,car
31882954,twoway,38212.0,39892.0,422625,30901,null,30901,10911.271625617706,852.0,123.0,0.0,12133711,6.055943848849191,1680.0,Oply,car
31179974,twoway,73062.0,75135.0,447997,501127,null,501127,4028.160784076337,432.0,330.0,0.0,12133671,6.234796057185207,2073.0,Oply,car
26693570,twoway,75752.0,82580.0,286148,286148,null,286148,24364.61788993362,1492.0,1.0,0.0,12131682,12.353116127677518,6828.0,Oply,car
27972643,twoway,60797.0,68778.0,175197,1384,null,1384,3869.4031976921065,325.0,121.0,0.0,12102642,19.621455000000044,7981.0,Oply,car
29612570,twoway,71936.0,72172.0,342364,13762,null,488928,2290.6063895723346,185.0,51.0,0.0,12133683,0.41725453118570965,236.0,Oply,car
26589077,twoway,68570.0,75841.0,421149,454386,null,454386,5397.267986485096,458.0,596.0,0.0,12122612,12.388270741256171,7271.0,Oply,car
29150141,twoway,85877.0,89424.0,94475,372689,null,255099,2484.6275422665058,238.0,3309.0,0.0,12108612,6.1929000000000025,3547.0,Oply,car
28104532,twoway,54651.0,60676.0,151011,320455,null,320455,10228.244836793117,905.0,135.0,0.0,12103613,12.163599695235368,6025.0,Oply,car
28479717,twoway,46795.0,53598.0,501129,501127,null,501127,2388.70678813989,216.0,297.0,0.0,12133671,12.227016500587123,6803.0,Oply,car
27039170,twoway,56016.0,65867.0,271783,484179,null,484179,10744.385174567642,831.0,321.0,0.0,12121632,18.883341312289183,9851.0,Oply,car
27379595,twoway,67069.0,72382.0,97168,484179,null,484179,3001.8269544752156,298.0,118.0,0.0,12121631,12.46616041285607,5313.0,Oply,car
27078343,twoway,54144.0,54838.0,390166,145569,null,390166,900.4229067030033,79.0,615.0,0.0,12102611,6.314069999999996,694.0,Oply,car
27880711,twoway,81092.0,85747.0,460492,13928,null,13928,13174.811930594222,1121.0,165.0,0.0,12121611,12.489330000000004,4655.0,Oply,car
27387432,twoway,35464.0,40485.0,316087,486024,null,486024,10918.242528965216,787.0,401.0,0.0,12132663,12.720014999999968,5021.0,Oply,car
29189504,twoway,66779.0,71273.0,281415,281413,null,281413,6745.109871370826,577.0,128.0,0.0,12102682,12.466160412856066,4494.0,Oply,car
26691261,twoway,65225.0,70584.0,175197,1384,null,1384,3882.352924463764,330.0,121.0,0.0,12102641,13.048245000000007,5359.0,Oply,car
34693504,twoway,37719.0,50590.0,423291,20711,null,20711,8252.27258629158,878.0,120.0,0.0,12132621,24.575020138630066,12871.0,Oply,car
26841256,twoway,3855.0,7721.0,333278,316629,null,316629,6073.385521151941,503.0,368.0,0.0,12122631,6.349858990313347,3866.0,Oply,car
28920154,twoway,50045.0,50724.0,43045,487115,null,7101,6036.751209322883,466.0,213.0,0.0,12132691,6.478290000000001,679.0,Oply,car
28720334,twoway,55322.0,61047.0,476665,66928,null,66928,5817.317828289704,490.0,127.0,0.0,12108612,12.487961810711967,5725.0,Oply,car
28576961,twoway,15596.0,48095.0,450290,36249,null,36249,12206.872438291026,925.0,948.0,0.0,12111611,53.48906720760519,32499.0,Oply,car
26736267,twoway,54918.0,58795.0,376898,486024,null,486024,7519.670610171714,759.0,481.0,0.0,12132661,6.437644068005319,3877.0,Oply,car
32022676,twoway,80470.0,86065.0,391584,60605,null,60605,6012.038361510736,480.0,423.0,0.0,12107631,11.749664497628086,5595.0,Oply,car
27051499,twoway,59460.0,66359.0,79823,79825,null,79825,14515.97303106275,1107.0,112.0,0.0,12120662,12.6145310371529,6899.0,Oply,car
34013823,twoway,13161.0,45370.0,267467,66928,null,66928,134466.2957403284,5043.0,171.0,0.0,12108611,54.57041281917262,32209.0,Oply,car
28046757,twoway,53484.0,59332.0,105073,105073,null,105073,6505.723852279966,564.0,1.0,0.0,12096523,12.400150624903624,5848.0,Oply,car
27267858,twoway,75234.0,78445.0,375437,337736,null,337736,1331.4595560832158,153.0,359.0,0.0,12102702,6.255789995861218,3211.0,Oply,car
29510525,twoway,38598.0,44649.0,444829,445439,null,445439,1671.4456683674098,205.0,817.0,0.0,12133692,12.111887697698366,6051.0,Oply,car
28067659,twoway,54566.0,55659.0,13428,322830,null,323442,7377.739471154203,571.0,522.0,0.0,12132651,5.977058561017974,1093.0,Oply,car
29550622,twoway,8532.0,32710.0,37224,79825,null,79825,4064.3962754534605,333.0,305.0,0.0,12120661,42.271901118532085,24178.0,Oply,car
28008795,twoway,39570.0,44294.0,354404,474619,null,474619,19179.24032685852,1525.0,146.0,0.0,12105612,11.835173627083734,4724.0,Oply,car
28588940,twoway,60705.0,66049.0,370300,370301,null,370301,2801.9293534489802,265.0,90.0,0.0,12132681,12.614531037152918,5344.0,Oply,car
28932186,twoway,78025.0,78607.0,299824,280126,null,7101,2912.497890505319,263.0,319.0,0.0,12103643,5.999446764462541,582.0,Oply,car
32823610,twoway,60420.0,64025.0,364077,373984,null,373984,5606.775859143046,492.0,117.0,0.0,12104682,6.284959458733183,3605.0,Oply,car
26921647,twoway,80760.0,81581.0,342717,337736,null,267467,2638.0375026845663,229.0,592.0,0.0,12102701,6.062807251877895,821.0,Oply,car
26769971,twoway,71385.0,77900.0,281926,274193,null,274193,8076.659048067375,779.0,132.0,0.0,12133611,12.482006799260596,6515.0,Oply,car
28304075,twoway,20255.0,23940.0,421149,410043,null,410043,4061.664989555016,358.0,127.0,0.0,12096511,6.399330000000003,3685.0,Oply,car
32823611,twoway,62190.0,69282.0,364077,373984,null,373984,8092.957378343738,664.0,117.0,0.0,12104681,13.096020000000028,7092.0,Oply,car
27210770,twoway,64027.0,71755.0,186275,231205,null,126200,13666.3346274181,1065.0,6300.0,0.0,12104711,19.553205000000002,7728.0,Oply,car
27915918,twoway,51826.0,60634.0,7101,7103,null,7103,16228.311647516188,1300.0,122.0,0.0,12120634,18.196579451641306,8808.0,Oply,car
27056719,twoway,23103.0,32630.0,97168,484179,null,484179,9862.438702765363,823.0,118.0,0.0,12121632,18.730425000000007,9527.0,Oply,car
29130643,twoway,9164.0,38211.0,425793,286148,null,286148,28405.67545408033,1921.0,477.0,0.0,12131681,48.90013166109748,29047.0,Oply,car
27021081,twoway,75181.0,79279.0,280126,280126,null,280126,11690.624642696937,1039.0,1.0,0.0,12103642,11.895136619848142,4098.0,Oply,car
26691130,twoway,8683.0,39618.0,362976,282876,null,282876,13087.809895859611,1037.0,409.0,0.0,12102671,56.73654,30935.0,Oply,car
27348893,twoway,77865.0,78395.0,363071,66928,null,65774,1872.6661358327156,158.0,372.0,0.0,12108611,6.392189999999997,530.0,Oply,car
28150371,twoway,13670.0,46217.0,91701,320455,null,320455,84934.12052781048,3209.0,731.0,0.0,12103612,54.84656385868016,32547.0,Oply,car
28021585,twoway,69995.0,72402.0,434340,79825,null,79825,14375.487872662132,1111.0,127.0,0.0,12120662,6.258817967785647,2407.0,Oply,car
28021586,twoway,72160.0,78590.0,434340,79825,null,79825,14303.079174312468,1125.0,127.0,0.0,12120661,12.961830000000033,6430.0,Oply,car
27889513,twoway,52015.0,58347.0,241416,301163,null,301163,1559.7930667562878,154.0,196.0,0.0,12133641,12.352510533292651,6332.0,Oply,car
28021587,twoway,62417.0,69846.0,434340,79825,null,79825,15061.527723190364,1176.0,127.0,0.0,12120661,13.516440000000015,7429.0,Oply,car
26933106,twoway,11009.0,14867.0,186265,126200,null,126200,1242.0828296979575,128.0,266.0,0.0,12104711,6.571607467578707,3858.0,Oply,car
29597072,twoway,72121.0,73032.0,234405,289762,null,186275,7609.124361189735,623.0,288.0,0.0,12131641,6.210572281789811,911.0,Oply,car
29152783,twoway,60994.0,66543.0,66928,66928,null,66928,3088.9496326665053,305.0,1.0,0.0,12108611,13.122900000000046,5549.0,Oply,car
26808914,twoway,52822.0,58176.0,323482,403375,null,403375,6061.443765467826,557.0,143.0,0.0,12132641,12.382386522946986,5354.0,Oply,car
33224363,twoway,67752.0,84549.0,90114,16208,null,16208,13512.857702633619,1123.0,616.0,0.0,12107621,30.83787540231498,16797.0,Oply,car
26790781,twoway,89632.0,91775.0,190666,255099,null,94799,8879.843548328945,740.0,1403.0,0.0,12108612,6.10386,2143.0,Oply,car
28794839,twoway,62159.0,67832.0,105073,105073,null,105073,9784.255312375308,764.0,1.0,0.0,12096521,12.302662985353596,5673.0,Oply,car
