personID,carsharingType,startTime,endTIme,startLink,pickupLink,dropoffLink,endLink,distance,inVehicleTime,accessTime,egressTime,vehicleID,cost,bookingTime,companyID,vehicleType
27932266,twoway,41432.0,46656.0,275714,275690,null,275690,9489.86797910855,748.0,163.0,0.0,12131652,12.0,5224.0,Oply,car
28686595,twoway,56911.0,60742.0,485278,485280,null,485280,3034.6370500806943,349.0,119.0,0.0,12131621,6.39,3831.0,Oply,car
27518969,twoway,64890.0,71926.0,87197,87195,null,87195,16888.3340517456,1318.0,171.0,0.0,12133622,12.0,7036.0,Oply,car
26531738,twoway,37540.0,43452.0,243379,243383,null,243383,12236.614109807255,1040.0,168.0,0.0,12104632,12.0,5912.0,Oply,car
27714263,twoway,55576.0,61057.0,286607,337736,null,337736,2466.509065699978,255.0,139.0,0.0,12102702,12.0,5481.0,Oply,car
28074329,twoway,59204.0,68418.0,356662,274193,null,274193,12062.167864251453,1022.0,178.0,0.0,12133611,18.0,9214.0,Oply,car
27703922,twoway,66430.0,72436.0,421149,454386,null,454386,10656.347948429817,873.0,596.0,0.0,12122613,12.0,6006.0,Oply,car
27941778,twoway,61946.0,66383.0,186275,413150,null,126200,3235.977030280507,295.0,2677.0,0.0,12104712,12.0,4437.0,Oply,car
28704786,twoway,8095.0,39389.0,280055,320455,null,320455,7318.102341265547,605.0,234.0,0.0,12103611,54.0,31294.0,Oply,car
27255739,twoway,52373.0,55868.0,70032,414631,null,414631,7325.996793091239,602.0,67.0,0.0,12120621,6.0,3495.0,Oply,car
27820663,twoway,0.0,26672.0,500682,423936,null,423936,15609.856292930961,1261.0,288.0,0.0,12102631,48.0,26672.0,Oply,car
27139995,twoway,61392.0,66931.0,8869,8897,null,8897,2669.5944218821783,279.0,181.0,0.0,12133631,12.0,5539.0,Oply,car
27840954,twoway,53386.0,60089.0,501129,501127,null,501127,9284.068998980973,792.0,297.0,0.0,12133671,12.0,6703.0,Oply,car
27878663,twoway,55758.0,60634.0,73280,280126,null,280126,7786.343305102473,639.0,201.0,0.0,12103641,12.0,4876.0,Oply,car
33635719,twoway,47580.0,49012.0,382149,274193,null,274193,8485.558725546554,776.0,91.0,0.0,12133611,6.0,1432.0,Oply,car
31420147,twoway,71590.0,77670.0,153656,153654,null,153654,1613.8367914140788,149.0,162.0,0.0,12103671,12.0,6080.0,Oply,car
28124925,twoway,66839.0,75424.0,294765,403375,null,403375,5635.4489741916295,524.0,141.0,0.0,12132641,18.0,8585.0,Oply,car
26768583,twoway,55357.0,59083.0,289218,286148,null,286148,1140.5893155014842,118.0,233.0,0.0,12131681,6.21,3726.0,Oply,car
26992920,twoway,53712.0,57574.0,294765,403375,null,403375,4397.22357513627,442.0,141.0,0.0,12132642,6.44,3862.0,Oply,car
27467747,twoway,27511.0,38032.0,497471,245646,null,245646,6334.196469484111,523.0,514.0,0.0,12131661,18.0,10521.0,Oply,car
28665783,twoway,74571.0,75295.0,444375,7103,null,255282,4735.626996969674,394.0,330.0,0.0,12120634,6.0,724.0,Oply,car
28161672,twoway,59422.0,62537.0,391664,172623,null,172623,4797.0165358055,418.0,191.0,0.0,12104672,6.0,3115.0,Oply,car
27071639,twoway,68631.0,77379.0,21199,485280,null,485280,5846.862499046987,553.0,126.0,0.0,12131622,18.0,8748.0,Oply,car
26461540,twoway,20452.0,51799.0,445439,445439,null,445439,177275.47651620462,6495.0,1.0,0.0,12133692,54.0,31347.0,Oply,car
29398826,twoway,77307.0,81065.0,378954,487115,null,487115,6458.712965491524,530.0,1037.0,0.0,12132691,6.26,3758.0,Oply,car
28046087,twoway,53289.0,58704.0,362927,282876,null,282876,6928.148861858802,548.0,210.0,0.0,12102671,12.0,5415.0,Oply,car
28008802,twoway,63484.0,69705.0,354404,474619,null,474619,14753.697669463872,1210.0,146.0,0.0,12105613,12.0,6221.0,Oply,car
29312809,twoway,57826.0,84183.0,342369,13762,null,13762,100886.08602529355,4931.0,364.0,0.0,12133681,48.0,26357.0,Oply,car
32107184,twoway,75432.0,80412.0,175197,1384,null,1384,2999.693581464773,282.0,121.0,0.0,12102641,12.0,4980.0,Oply,car
26782308,twoway,62468.0,65155.0,8869,8897,null,8897,3105.9477537017597,340.0,181.0,0.0,12133632,6.0,2687.0,Oply,car
26944055,twoway,7237.0,39329.0,285022,275690,null,275690,12910.283976946426,1232.0,843.0,0.0,12131651,54.0,32092.0,Oply,car
28789577,twoway,12193.0,44802.0,370157,145569,null,145569,19333.92700236069,1586.0,685.0,0.0,12102611,54.35,32609.0,Oply,car
33008747,twoway,60184.0,69405.0,105073,105073,null,105073,6364.361378310297,528.0,1.0,0.0,12096522,18.0,9221.0,Oply,car
33262080,twoway,45925.0,53729.0,257108,131665,null,131665,9021.933194604602,747.0,98.0,0.0,12131612,18.0,7804.0,Oply,car
27382060,twoway,49276.0,53453.0,434340,79825,null,79825,8163.783458703198,648.0,127.0,0.0,12120662,12.0,4177.0,Oply,car
26699107,twoway,69864.0,76853.0,321827,42301,null,42301,8768.689985073597,760.0,173.0,0.0,12104663,12.0,6989.0,Oply,car
27810840,twoway,79257.0,80685.0,316616,378375,null,124850,7887.974576183446,597.0,831.0,0.0,12106612,6.0,1428.0,Oply,car
29838166,twoway,74550.0,79658.0,440255,126200,null,126200,1242.0828296979575,128.0,127.0,0.0,12104712,12.0,5108.0,Oply,car
32922029,twoway,51047.0,58461.0,229018,414631,null,414631,6976.013208127115,539.0,91.0,0.0,12120623,12.36,7414.0,Oply,car
27219414,twoway,64913.0,70535.0,11624,42301,null,42301,8635.209462989593,736.0,163.0,0.0,12104661,12.0,5622.0,Oply,car
27239397,twoway,50595.0,57247.0,257108,131665,null,131665,7742.905819368356,638.0,98.0,0.0,12131613,12.0,6652.0,Oply,car
32289422,twoway,45442.0,49275.0,354404,474619,null,474619,12115.774086851157,1069.0,146.0,0.0,12105612,6.39,3833.0,Oply,car
28236520,twoway,72725.0,91156.0,65774,281994,null,281994,26765.47129988052,1631.0,161.0,0.0,12095581,36.0,18431.0,Oply,car
27461086,twoway,63608.0,70359.0,165624,257127,null,257127,1617.0267232080887,140.0,883.0,0.0,12095571,12.0,6751.0,Oply,car
26951903,twoway,70906.0,75996.0,105073,105073,null,105073,7692.574924069827,612.0,1.0,0.0,12096523,12.0,5090.0,Oply,car
29776267,twoway,24012.0,34793.0,60517,289762,null,289762,19382.68956478297,1642.0,318.0,0.0,12131641,18.0,10781.0,Oply,car
26814681,twoway,69705.0,74689.0,165624,1384,null,1384,5765.498849645986,507.0,157.0,0.0,12102642,12.0,4984.0,Oply,car
28089923,twoway,67659.0,75288.0,195855,42301,null,42301,5679.145656682489,499.0,558.0,0.0,12104662,18.0,7629.0,Oply,car
27044933,twoway,42990.0,49879.0,382149,274193,null,274193,8201.45585571395,740.0,91.0,0.0,12133612,12.0,6889.0,Oply,car
27609177,twoway,70122.0,73880.0,294765,403375,null,403375,7608.90225422566,676.0,141.0,0.0,12132642,6.26,3758.0,Oply,car
27611477,twoway,67407.0,71658.0,65774,281994,null,281994,7518.611756450749,681.0,161.0,0.0,12095583,12.0,4251.0,Oply,car
27619637,twoway,75827.0,80405.0,281928,373984,null,373984,4025.4369882231636,352.0,724.0,0.0,12104682,12.0,4578.0,Oply,car
26934002,twoway,57516.0,64703.0,280124,280126,null,280126,6434.524507273471,543.0,171.0,0.0,12103642,12.0,7187.0,Oply,car
26934001,twoway,59801.0,62117.0,280124,280126,null,280126,7689.583379263022,674.0,171.0,0.0,12103643,6.0,2316.0,Oply,car
34793533,twoway,71236.0,73128.0,406139,474619,null,474619,1023.2950258627268,122.0,485.0,0.0,12105614,6.0,1892.0,Oply,car
28154652,twoway,64021.0,66593.0,257108,131665,null,131665,2472.169724756712,270.0,98.0,0.0,12131611,6.0,2572.0,Oply,car
27155595,twoway,68101.0,75732.0,172623,172623,null,172623,6551.799355138058,590.0,1.0,0.0,12104671,18.0,7631.0,Oply,car
27694315,twoway,32544.0,39304.0,275688,275690,null,275690,6677.827397916023,557.0,162.0,0.0,12131652,12.0,6760.0,Oply,car
28662617,twoway,46609.0,49070.0,476663,66928,null,66928,6096.643005371105,533.0,177.0,0.0,12108612,6.0,2461.0,Oply,car
27581445,twoway,27810.0,29311.0,97168,484179,null,484179,14222.774906589064,983.0,118.0,0.0,12121631,6.0,1501.0,Oply,car
27581444,twoway,26946.0,32838.0,97168,484179,null,484179,16040.110149398959,1179.0,118.0,0.0,12121632,12.0,5892.0,Oply,car
35171953,twoway,11892.0,41261.0,337570,126200,null,126200,5148.062111010363,411.0,1011.0,0.0,12104712,54.0,29369.0,Oply,car
28971239,twoway,67218.0,72629.0,356662,274193,null,274193,8507.267900393077,775.0,178.0,0.0,12133612,12.0,5411.0,Oply,car
28581372,twoway,60993.0,65249.0,409479,172623,null,172623,2141.949595628667,225.0,135.0,0.0,12104673,12.0,4256.0,Oply,car
27901678,twoway,13234.0,47393.0,257303,131665,null,131665,7891.55495746449,653.0,234.0,0.0,12131611,60.0,34159.0,Oply,car
28342276,twoway,7557.0,40881.0,308788,36125,null,36125,14607.672185128204,1220.0,773.0,0.0,12133721,60.0,33324.0,Oply,car
27415808,twoway,19758.0,30153.0,419028,8897,null,8897,9263.594627206854,821.0,557.0,0.0,12133631,18.0,10395.0,Oply,car
28111597,twoway,55490.0,56386.0,993,30901,null,993,736.0479544591594,110.0,786.0,0.0,12133711,6.0,896.0,Oply,car
27991679,twoway,18572.0,54561.0,401839,7103,null,7103,19012.706569269452,1345.0,658.0,0.0,12120631,60.0,35989.0,Oply,car
27745497,twoway,72793.0,78250.0,255923,243383,null,243383,3972.878208097874,337.0,206.0,0.0,12104632,12.0,5457.0,Oply,car
26808788,twoway,81370.0,84334.0,81621,254295,null,254295,1002.8267765786858,127.0,147.0,0.0,12102662,6.0,2964.0,Oply,car
26826197,twoway,71323.0,77886.0,405192,301163,null,301163,11674.552937240625,914.0,409.0,0.0,12133641,12.0,6563.0,Oply,car
29183476,twoway,85389.0,85954.0,270934,271647,null,118082,3192.7107265930163,257.0,308.0,0.0,12104641,6.0,565.0,Oply,car
29317060,twoway,47248.0,55669.0,186275,126200,null,126200,957.9799598653508,92.0,135.0,0.0,12104712,18.0,8421.0,Oply,car
32840598,twoway,53162.0,59510.0,87197,87195,null,87195,17281.60712756984,1344.0,171.0,0.0,12133621,12.0,6348.0,Oply,car
31882953,twoway,42946.0,53188.0,422625,30901,null,30901,7243.061041346581,630.0,123.0,0.0,12133712,18.0,10242.0,Oply,car
26696720,twoway,62806.0,72114.0,87970,36249,null,36249,16017.17674148115,1063.0,254.0,0.0,12111612,18.0,9308.0,Oply,car
28338904,twoway,76231.0,80040.0,21199,485280,null,485280,4557.204400395528,476.0,126.0,0.0,12131621,6.35,3809.0,Oply,car
31882954,twoway,35940.0,41531.0,422625,30901,null,30901,10905.995733881347,851.0,123.0,0.0,12133711,12.0,5591.0,Oply,car
26693570,twoway,76536.0,83613.0,286148,286148,null,286148,24364.61788993362,1492.0,1.0,0.0,12131682,12.0,7077.0,Oply,car
32068276,twoway,62587.0,67895.0,359302,456157,null,456157,4127.085930050124,366.0,379.0,0.0,12103623,12.0,5308.0,Oply,car
29612570,twoway,80300.0,80536.0,342364,13762,null,488928,2290.6063895723346,185.0,51.0,0.0,12133682,0.39,236.0,Oply,car
28923301,twoway,65719.0,70181.0,271533,272361,null,272361,1429.0129628461652,178.0,164.0,0.0,12102622,12.0,4462.0,Oply,car
28031638,twoway,16079.0,26352.0,220151,255488,null,255488,7466.127237118196,649.0,431.0,0.0,12103681,18.0,10273.0,Oply,car
26589077,twoway,61494.0,70637.0,421149,410043,null,410043,4574.8399761934725,401.0,127.0,0.0,12096511,18.0,9143.0,Oply,car
29150141,twoway,84178.0,84815.0,94475,66928,null,255099,2483.461694841022,231.0,406.0,0.0,12108612,6.0,637.0,Oply,car
27018570,twoway,63845.0,69734.0,66333,110,null,110,10066.94668178495,860.0,211.0,0.0,12103631,12.0,5889.0,Oply,car
27936841,twoway,52573.0,57881.0,476663,66928,null,66928,1676.6913470522288,200.0,177.0,0.0,12108612,12.0,5308.0,Oply,car
28677063,twoway,64313.0,69770.0,187450,346913,null,346913,3874.990244795422,331.0,193.0,0.0,12133732,12.0,5457.0,Oply,car
34693504,twoway,37488.0,49619.0,423291,20711,null,20711,8252.27258629158,878.0,120.0,0.0,12132621,24.0,12131.0,Oply,car
27051499,twoway,59037.0,64702.0,79823,79825,null,79825,14375.487872662132,1112.0,112.0,0.0,12120661,12.0,5665.0,Oply,car
26675332,twoway,6652.0,37575.0,243379,243383,null,243383,3194.020370445553,304.0,168.0,0.0,12104631,54.0,30923.0,Oply,car
27217556,twoway,72483.0,78731.0,70032,414631,null,414631,10813.39050224398,861.0,67.0,0.0,12120622,12.0,6248.0,Oply,car
28751477,twoway,74590.0,80430.0,65774,172623,null,172623,6562.2957190883635,561.0,739.0,0.0,12104672,12.0,5840.0,Oply,car
29550622,twoway,4492.0,36159.0,37224,79825,null,79825,4064.3962754534605,333.0,305.0,0.0,12120661,54.0,31667.0,Oply,car
26696719,twoway,55904.0,59247.0,87970,36249,null,36249,4278.954334728431,312.0,254.0,0.0,12111611,6.0,3343.0,Oply,car
28716384,twoway,66982.0,75792.0,343630,281994,null,281994,7805.436675653436,695.0,439.0,0.0,12095582,18.0,8810.0,Oply,car
28852763,twoway,34505.0,37520.0,290268,255316,null,255316,10768.470428386121,953.0,446.0,0.0,12132611,6.0,3015.0,Oply,car
27056719,twoway,19564.0,26986.0,97168,484179,null,484179,9862.438702765363,823.0,118.0,0.0,12121631,12.37,7422.0,Oply,car
29700592,twoway,66352.0,72079.0,379132,370300,null,370301,8788.708791909112,717.0,173.0,0.0,12132681,12.0,5727.0,Oply,car
26933106,twoway,8709.0,12578.0,186265,126200,null,126200,1242.0828296979575,128.0,266.0,0.0,12104711,6.45,3869.0,Oply,car
29553323,twoway,69264.0,75930.0,280124,280126,null,280126,6607.687252148075,568.0,171.0,0.0,12103641,12.0,6666.0,Oply,car
28971240,twoway,74037.0,79922.0,356662,274193,null,274193,9289.784148228196,765.0,178.0,0.0,12133612,12.0,5885.0,Oply,car
32948392,twoway,56242.0,60213.0,460492,13928,null,13928,9294.523953643284,733.0,165.0,0.0,12121611,12.0,3971.0,Oply,car
27166063,twoway,78941.0,79362.0,280059,320455,null,93351,711.880293596762,85.0,336.0,0.0,12103612,6.0,421.0,Oply,car
28506439,twoway,60156.0,67896.0,267467,254295,null,254295,9266.879000517123,807.0,977.0,0.0,12102662,18.0,7740.0,Oply,car
26795573,twoway,73405.0,78849.0,65774,281994,null,281994,7671.546336540261,687.0,161.0,0.0,12095583,12.0,5444.0,Oply,car
27178170,twoway,55468.0,62011.0,125553,105073,null,105073,14372.84808498365,1221.0,142.0,0.0,12096521,12.0,6543.0,Oply,car
26917175,twoway,62786.0,67762.0,299701,280126,null,280126,11406.52177286433,1003.0,98.0,0.0,12103644,12.0,4976.0,Oply,car
27178172,twoway,76052.0,81779.0,125553,105073,null,105073,4738.840219680109,370.0,142.0,0.0,12096522,12.0,5727.0,Oply,car
28477222,twoway,30679.0,36454.0,8899,8897,null,8897,8444.470061527963,675.0,88.0,0.0,12133632,12.0,5775.0,Oply,car
27030498,twoway,27824.0,38710.0,402707,7103,null,7103,221953.3059555248,9077.0,502.0,0.0,12120632,18.14,10886.0,Oply,car
27050544,twoway,81750.0,82001.0,131665,131665,null,419114,3110.4759644366577,250.0,1.0,0.0,12131611,0.42,251.0,Oply,car
27669894,twoway,58608.0,62422.0,500879,501127,null,501127,4028.160784076337,432.0,326.0,0.0,12133672,6.36,3814.0,Oply,car
27946037,twoway,71631.0,79090.0,442047,105073,null,105073,7148.7193989080515,556.0,699.0,0.0,12096521,12.43,7459.0,Oply,car
27900824,twoway,43279.0,50807.0,269791,126200,null,126200,4901.318919943422,409.0,887.0,0.0,12104711,18.0,7528.0,Oply,car
34974198,twoway,65669.0,74007.0,379132,487115,null,487115,18887.723263118554,1361.0,1039.0,0.0,12132691,18.0,8338.0,Oply,car
29051821,twoway,49579.0,54307.0,460492,13928,null,13928,2905.3688533084305,231.0,165.0,0.0,12121611,12.0,4728.0,Oply,car
27149052,twoway,76364.0,77189.0,185953,119231,null,389729,6434.938079179863,430.0,395.0,0.0,12133661,6.0,825.0,Oply,car
28506440,twoway,72808.0,78455.0,267467,66928,null,66928,6234.629711870294,555.0,171.0,0.0,12108612,12.0,5647.0,Oply,car
35031325,twoway,79304.0,79852.0,270940,272361,null,276589,3177.603758405953,252.0,296.0,0.0,12102622,6.0,548.0,Oply,car
27308063,twoway,58674.0,61810.0,391632,373984,null,373984,7154.611441166023,591.0,503.0,0.0,12104681,6.0,3136.0,Oply,car
27493290,twoway,20531.0,24427.0,136810,427832,null,427832,4541.5896877162795,368.0,196.0,0.0,12121651,6.49,3896.0,Oply,car
29699359,twoway,49144.0,63331.0,370300,370301,null,370301,4531.407476613868,398.0,90.0,0.0,12132681,24.0,14187.0,Oply,car
27258177,twoway,68670.0,74197.0,460492,13928,null,13928,8893.431379135081,701.0,165.0,0.0,12121611,12.0,5527.0,Oply,car
27885453,twoway,74200.0,80060.0,460492,13928,null,13928,6667.316584206356,574.0,165.0,0.0,12121611,12.0,5860.0,Oply,car
28068296,twoway,46566.0,52210.0,229018,414631,null,414631,6767.3343022891895,500.0,91.0,0.0,12120621,12.0,5644.0,Oply,car
28176764,twoway,75919.0,81751.0,98440,316629,null,316629,6362.403554388707,535.0,158.0,0.0,12122631,12.0,5832.0,Oply,car
26725247,twoway,89503.0,89990.0,180209,423936,null,256822,2535.4579881974755,212.0,275.0,0.0,12102632,6.0,487.0,Oply,car
27578650,twoway,59445.0,67690.0,20711,20711,null,20711,18713.709971879325,1171.0,1.0,0.0,12132622,18.0,8245.0,Oply,car
26917075,twoway,73469.0,80693.0,255623,254295,null,254295,4304.205628417255,404.0,233.0,0.0,12102661,12.04,7224.0,Oply,car
26995486,twoway,60716.0,65683.0,456159,456157,null,456157,9923.305421149957,828.0,145.0,0.0,12103622,12.0,4967.0,Oply,car
29374788,twoway,66558.0,71712.0,175197,1384,null,1384,782.1099817951717,97.0,121.0,0.0,12102641,12.0,5154.0,Oply,car
27714563,twoway,77045.0,80817.0,125553,105073,null,105073,4066.4518398930973,316.0,142.0,0.0,12096523,6.29,3772.0,Oply,car
29549838,twoway,9428.0,38269.0,131721,410043,null,410043,4651.084470920611,379.0,630.0,0.0,12096511,48.07,28841.0,Oply,car
28021892,twoway,72504.0,77059.0,229018,414631,null,414631,9191.041991281409,728.0,91.0,0.0,12120621,12.0,4555.0,Oply,car
26716528,twoway,63638.0,69928.0,280055,320455,null,320455,4874.623434242445,452.0,234.0,0.0,12103611,12.0,6290.0,Oply,car
27564566,twoway,4695.0,37328.0,137569,257127,null,257127,6524.999360539933,556.0,113.0,0.0,12095571,54.39,32633.0,Oply,car
27269838,twoway,65145.0,70243.0,409844,139511,null,139511,1090.6796942464955,103.0,172.0,0.0,12104692,12.0,5098.0,Oply,car
27695237,twoway,74146.0,79597.0,409816,139511,null,139511,3355.2376698110133,290.0,185.0,0.0,12104692,12.0,5451.0,Oply,car
30961056,twoway,13258.0,39808.0,166319,474619,null,474619,98233.04289074724,4279.0,316.0,0.0,12105611,48.0,26550.0,Oply,car
27859526,twoway,80510.0,80909.0,127904,369565,null,1484,1700.4301813904938,169.0,230.0,0.0,12096541,6.0,399.0,Oply,car
28709493,twoway,83378.0,84006.0,36588,13928,null,421149,3344.8867217809347,257.0,371.0,0.0,12121611,6.0,628.0,Oply,car
27669776,twoway,69474.0,72491.0,267467,66928,null,66928,6234.629711870294,555.0,171.0,0.0,12108611,6.0,3017.0,Oply,car
28121110,twoway,58637.0,62752.0,43312,380534,null,380534,13986.478584813081,1043.0,205.0,0.0,12120652,12.0,4115.0,Oply,car
26841100,twoway,40527.0,44786.0,440138,486024,null,486024,10711.506787725932,847.0,244.0,0.0,12132661,12.0,4259.0,Oply,car
28960673,twoway,50587.0,59200.0,440255,337736,null,337736,1887.7407381934245,184.0,783.0,0.0,12102701,18.0,8613.0,Oply,car
28721633,twoway,70716.0,73278.0,257108,131665,null,131665,7265.0730405590775,609.0,98.0,0.0,12131613,6.0,2562.0,Oply,car
26790584,twoway,56660.0,62332.0,255282,255316,null,255316,3105.408535173519,329.0,165.0,0.0,12132613,12.0,5672.0,Oply,car
33046421,twoway,66459.0,71994.0,66928,222465,null,222465,5263.798865837952,465.0,1006.0,0.0,12102692,12.0,5535.0,Oply,car
28881428,twoway,14072.0,53702.0,271533,272361,null,272361,235947.50351592962,10161.0,164.0,0.0,12102621,66.05,39630.0,Oply,car
27129519,twoway,46019.0,49866.0,231202,272361,null,272361,937.7052290737265,116.0,352.0,0.0,12102622,6.41,3847.0,Oply,car
28174939,twoway,43603.0,49273.0,65774,281994,null,281994,7019.308546768939,621.0,161.0,0.0,12095581,12.0,5670.0,Oply,car
27148794,twoway,61560.0,62208.0,193298,378375,null,363086,4059.562595109981,345.0,303.0,0.0,12106611,6.0,648.0,Oply,car
27445225,twoway,16052.0,43024.0,498129,454386,null,454386,48596.61882929025,2291.0,382.0,0.0,12122611,48.0,26972.0,Oply,car
29058491,twoway,53818.0,60724.0,440255,126200,null,126200,26682.875668806348,1975.0,127.0,0.0,12104711,12.0,6906.0,Oply,car
27937195,twoway,58210.0,63917.0,450264,409369,null,409369,4014.2754271556323,326.0,439.0,0.0,12121641,12.0,5707.0,Oply,car
26760266,twoway,53713.0,54163.0,255358,255316,null,460492,3539.9641552677285,292.0,158.0,0.0,12132612,6.0,450.0,Oply,car
27055239,twoway,58701.0,68956.0,296618,322830,null,322830,6876.49556225767,588.0,633.0,0.0,12132651,18.0,10255.0,Oply,car
29752238,twoway,64167.0,72450.0,391709,139511,null,139511,9122.767301098804,750.0,123.0,0.0,12104691,18.0,8283.0,Oply,car
27181130,twoway,62233.0,65831.0,350145,275690,null,275690,6211.483253953812,510.0,223.0,0.0,12131651,6.0,3598.0,Oply,car
28238167,twoway,10215.0,46236.0,359141,262858,null,262858,19948.14880623281,1500.0,815.0,0.0,12133701,60.04,36021.0,Oply,car
34356365,twoway,65580.0,71605.0,476663,66928,null,66928,5517.874677864552,462.0,177.0,0.0,12108612,12.0,6025.0,Oply,car
27570300,twoway,60864.0,67592.0,267467,254295,null,254295,6861.484000602807,573.0,977.0,0.0,12102661,12.0,6728.0,Oply,car
27349416,twoway,53102.0,58649.0,165624,1384,null,1384,3869.4031976921065,325.0,157.0,0.0,12102641,12.0,5547.0,Oply,car
27349417,twoway,60372.0,64067.0,165624,1384,null,1384,4684.736214328159,392.0,157.0,0.0,12102641,6.16,3695.0,Oply,car
29417464,twoway,40394.0,45443.0,456153,456157,null,456157,5576.1157217778855,458.0,153.0,0.0,12103621,12.0,5049.0,Oply,car
27410516,twoway,67630.0,68586.0,36012,8897,null,257303,6018.093944419634,521.0,435.0,0.0,12133632,6.0,956.0,Oply,car
26871562,twoway,67827.0,71445.0,7101,7103,null,7103,1620.962195098064,187.0,122.0,0.0,12120633,6.03,3618.0,Oply,car
29874703,twoway,56567.0,57533.0,380430,380534,null,466218,5913.3314801969045,458.0,508.0,0.0,12120651,6.0,966.0,Oply,car
31502089,twoway,17250.0,48310.0,257254,445439,null,445439,104839.83329106227,5745.0,1123.0,0.0,12133691,54.0,31060.0,Oply,car
27724934,twoway,5186.0,42395.0,282009,172623,null,172623,13041.234188323504,1070.0,144.0,0.0,12104671,66.0,37209.0,Oply,car
28384921,twoway,73676.0,74399.0,258376,66928,null,372689,2835.7402277298465,252.0,471.0,0.0,12108611,6.0,723.0,Oply,car
29874702,twoway,67271.0,71075.0,466218,59637,null,59637,5927.185732136948,619.0,209.0,0.0,12131632,6.34,3804.0,Oply,car
31179974,twoway,71727.0,75577.0,447997,501127,null,501127,4028.160784076337,432.0,330.0,0.0,12133673,6.42,3850.0,Oply,car
27972643,twoway,60074.0,66816.0,175197,1384,null,1384,3869.4031976921065,325.0,121.0,0.0,12102642,12.0,6742.0,Oply,car
28100296,twoway,70653.0,74583.0,271533,458353,null,110655,5778.84067804921,479.0,3451.0,0.0,12102621,12.0,3930.0,Oply,car
28104532,twoway,51407.0,57424.0,151011,320455,null,320455,10230.862089571056,914.0,135.0,0.0,12103612,12.0,6017.0,Oply,car
27379595,twoway,63124.0,65186.0,97168,484179,null,484179,3001.8269544752156,298.0,118.0,0.0,12121631,6.0,2062.0,Oply,car
28045874,twoway,58778.0,59033.0,126200,126200,null,413150,3069.001005461087,254.0,1.0,0.0,12104712,0.42,255.0,Oply,car
27169370,twoway,49855.0,55325.0,229018,414631,null,414631,10082.450946488781,813.0,91.0,0.0,12120622,12.0,5470.0,Oply,car
27880711,twoway,76613.0,84112.0,460492,36125,null,36125,12546.796146636916,1148.0,1065.0,0.0,12133721,12.5,7499.0,Oply,car
29201599,twoway,71746.0,76334.0,440255,126200,null,126200,1371.314769740647,147.0,127.0,0.0,12104711,12.0,4588.0,Oply,car
26809327,twoway,75389.0,76415.0,75838,211949,null,370300,3340.835281107383,283.0,743.0,0.0,12122641,6.0,1026.0,Oply,car
29189505,twoway,60189.0,63178.0,281415,281413,null,281413,3720.0580032062417,296.0,128.0,0.0,12102681,6.0,2989.0,Oply,car
27010231,twoway,65472.0,71993.0,125496,244185,null,244185,26438.049260978896,1734.0,201.0,0.0,12096532,12.0,6521.0,Oply,car
33250299,twoway,59623.0,65459.0,66928,66928,null,66928,24260.932753719637,1720.0,1.0,0.0,12108612,12.0,5836.0,Oply,car
28014482,twoway,53598.0,61164.0,151009,320455,null,320455,10194.514201982518,938.0,143.0,0.0,12103613,18.0,7566.0,Oply,car
27890637,twoway,65723.0,66139.0,271533,272361,null,458353,2936.5402900104136,252.0,164.0,0.0,12102621,6.0,416.0,Oply,car
26841256,twoway,3204.0,7046.0,333278,316629,null,316629,6073.385521151941,503.0,368.0,0.0,12122631,6.4,3842.0,Oply,car
27641061,twoway,13383.0,40974.0,209248,346913,null,346913,35456.54004388109,2529.0,259.0,0.0,12133731,48.0,27591.0,Oply,car
34013823,twoway,14025.0,52856.0,267467,66928,null,66928,134466.2957403284,5043.0,171.0,0.0,12108611,66.0,38831.0,Oply,car
28588940,twoway,64467.0,65741.0,365245,370301,null,370300,554.6241156896816,62.0,1212.0,0.0,12132681,6.0,1274.0,Oply,car
27029408,twoway,61173.0,71780.0,450374,316629,null,316629,8496.346212699045,676.0,679.0,0.0,12122632,18.0,10607.0,Oply,car
28932186,twoway,75007.0,75589.0,299824,280126,null,7101,2912.497890505319,263.0,319.0,0.0,12103643,6.0,582.0,Oply,car
28304073,twoway,33442.0,39057.0,421149,454386,null,454386,4216.99368316687,374.0,596.0,0.0,12122612,12.0,5615.0,Oply,car
27916966,twoway,58779.0,68731.0,267467,66928,null,66928,6708.706136920698,609.0,171.0,0.0,12108611,18.0,9952.0,Oply,car
27916969,twoway,47057.0,51367.0,267467,254295,null,254295,7145.586870435415,609.0,977.0,0.0,12102661,12.0,4310.0,Oply,car
26769971,twoway,72215.0,77433.0,281926,274193,null,274193,8507.267900393077,775.0,132.0,0.0,12133611,12.0,5218.0,Oply,car
26531740,twoway,62710.0,66170.0,243379,243383,null,243383,12486.035834594506,1046.0,168.0,0.0,12104631,6.0,3460.0,Oply,car
33753371,twoway,84095.0,87263.0,271533,110655,null,100067,4733.217909982474,373.0,2795.0,0.0,12102621,6.0,3168.0,Oply,car
28021585,twoway,78913.0,80143.0,316616,337736,null,434340,7740.144142447528,615.0,615.0,0.0,12102702,6.0,1230.0,Oply,car
28021586,twoway,71668.0,78070.0,434340,79825,null,79825,14564.263921389938,1119.0,127.0,0.0,12120661,12.0,6402.0,Oply,car
28869916,twoway,8931.0,37430.0,356662,274193,null,274193,17466.045101270647,1068.0,178.0,0.0,12133611,48.0,28499.0,Oply,car
28021587,twoway,65133.0,69457.0,434340,79825,null,79825,14905.908929815192,1173.0,127.0,0.0,12120662,12.0,4324.0,Oply,car
29597072,twoway,77937.0,78848.0,234405,289762,null,186275,7609.124361189735,623.0,288.0,0.0,12131642,6.0,911.0,Oply,car
28625941,twoway,62435.0,68054.0,391664,172623,null,172623,7066.047804704714,582.0,191.0,0.0,12104674,12.0,5619.0,Oply,car
28129711,twoway,68217.0,82511.0,256716,380534,null,380534,36588.47887983882,1600.0,790.0,0.0,12120653,24.0,14294.0,Oply,car
26808914,twoway,51912.0,57561.0,323482,403375,null,403375,6061.443765467826,545.0,143.0,0.0,12132641,12.0,5649.0,Oply,car
26790781,twoway,82275.0,86094.0,190666,372689,null,94799,10276.781603981386,870.0,2949.0,0.0,12108611,6.37,3819.0,Oply,car
31128650,twoway,78514.0,79380.0,342717,337736,null,408992,2889.995325071921,274.0,592.0,0.0,12102701,6.0,866.0,Oply,car
