personID,carsharingType,startTime,endTIme,startLink,pickupLink,dropoffLink,endLink,distance,inVehicleTime,accessTime,egressTime,vehicleID,cost,bookingTime,companyID,vehicleType
27518969,twoway,64307.0,72935.0,87197,87195,null,87195,16912.742500725242,1326.0,171.0,0.0,12133622,18.0,8628.0,Oply,car
27714263,twoway,54614.0,61192.0,286607,337736,null,337736,2466.509065699978,255.0,139.0,0.0,12102702,12.0,6578.0,Oply,car
27703922,twoway,68683.0,75042.0,421149,410043,null,410043,9812.645778251603,814.0,127.0,0.0,12096511,12.0,6359.0,Oply,car
27941778,twoway,60580.0,64474.0,186275,126200,null,126200,1388.4536732175247,124.0,135.0,0.0,12104712,6.49,3894.0,Oply,car
33624130,twoway,81267.0,82132.0,436770,1825,null,11624,1803.9800189635487,166.0,699.0,0.0,12107641,6.0,865.0,Oply,car
27858928,twoway,10333.0,40601.0,120291,456157,null,456157,22825.1983908829,1681.0,522.0,0.0,12103621,54.0,30268.0,Oply,car
28704786,twoway,11344.0,36358.0,280055,320455,null,320455,7318.102341265547,605.0,234.0,0.0,12103611,42.0,25014.0,Oply,car
27811041,twoway,66234.0,69779.0,191786,36125,null,36125,10797.731314829603,936.0,431.0,0.0,12133721,6.0,3545.0,Oply,car
32394521,twoway,59842.0,63226.0,501129,501127,null,501127,5435.664399766873,461.0,297.0,0.0,12133671,6.0,3384.0,Oply,car
31574958,twoway,78624.0,83972.0,61449,109148,null,109148,3885.0230976451353,385.0,881.0,0.0,12121621,12.0,5348.0,Oply,car
27139995,twoway,66887.0,72352.0,8869,8897,null,8897,2669.5944218821783,279.0,181.0,0.0,12133632,12.0,5465.0,Oply,car
33567006,twoway,15921.0,42818.0,172611,1825,null,1825,11010.96275404173,839.0,351.0,0.0,12107641,48.0,26897.0,Oply,car
33635719,twoway,47121.0,49551.0,382149,274193,null,274193,8485.558725546554,778.0,91.0,0.0,12133613,6.0,2430.0,Oply,car
31420147,twoway,71388.0,77334.0,153656,402009,null,153654,1496.972980741464,152.0,100.0,0.0,12103673,12.0,5946.0,Oply,car
26863856,twoway,9514.0,39103.0,370300,370301,null,370301,26460.8127673667,2172.0,90.0,0.0,12132681,54.0,29589.0,Oply,car
32801500,twoway,71682.0,77075.0,438801,320455,null,320455,9540.947802893039,814.0,742.0,0.0,12103611,12.0,5393.0,Oply,car
28665783,twoway,68755.0,69479.0,444375,7103,null,255282,4735.626996969674,394.0,330.0,0.0,12120631,6.0,724.0,Oply,car
27884882,twoway,58906.0,68530.0,257108,131665,null,131665,3586.148565676877,333.0,98.0,0.0,12131612,18.0,9624.0,Oply,car
28161672,twoway,59497.0,63672.0,391664,172623,null,172623,4745.674241291074,418.0,191.0,0.0,12104671,12.0,4175.0,Oply,car
29334495,twoway,72930.0,78597.0,415458,153658,null,272361,12714.636604418967,1060.0,235.0,0.0,12102621,12.0,5667.0,Oply,car
29507695,twoway,58153.0,58716.0,482855,66928,null,356979,2884.7021082754522,273.0,290.0,0.0,12108612,6.0,563.0,Oply,car
27954718,twoway,44466.0,51118.0,450264,409369,null,409369,5035.776621983944,419.0,439.0,0.0,12121641,12.0,6652.0,Oply,car
28008802,twoway,59379.0,65519.0,354404,474619,null,474619,14753.697669463872,1210.0,146.0,0.0,12105611,12.0,6140.0,Oply,car
32107184,twoway,75169.0,81015.0,175197,257127,null,257127,2129.763219065223,195.0,857.0,0.0,12095572,12.0,5846.0,Oply,car
29192140,twoway,49332.0,55789.0,486026,486024,null,486024,14063.787151159271,1188.0,356.0,0.0,12132662,12.0,6457.0,Oply,car
26782308,twoway,62408.0,67561.0,8869,8897,null,8897,3105.9477537017597,340.0,181.0,0.0,12133631,12.0,5153.0,Oply,car
29312807,twoway,11329.0,47334.0,342369,13762,null,13762,100886.08602529355,4931.0,364.0,0.0,12133681,60.01,36005.0,Oply,car
26944055,twoway,7155.0,33858.0,285022,275690,null,275690,12910.283976946426,1232.0,843.0,0.0,12131651,48.0,26703.0,Oply,car
27559392,twoway,46366.0,51915.0,323482,403375,null,403375,5582.205954582433,487.0,143.0,0.0,12132641,12.0,5549.0,Oply,car
27098904,twoway,42979.0,52176.0,186265,126200,null,126200,4559.055024668418,401.0,266.0,0.0,12104714,18.0,9197.0,Oply,car
27362457,twoway,52374.0,62157.0,141638,469756,null,469756,12767.90666720251,1178.0,697.0,0.0,12132671,18.0,9783.0,Oply,car
27382060,twoway,59983.0,61504.0,263718,30901,null,434340,5184.934812291613,400.0,1121.0,0.0,12133712,6.0,1521.0,Oply,car
27583167,twoway,69235.0,76646.0,267414,211949,null,211949,2214.1268465046605,256.0,405.0,0.0,12122641,12.35,7411.0,Oply,car
26760170,twoway,84147.0,84928.0,267939,337736,null,195830,4225.822743682047,396.0,385.0,0.0,12102703,6.0,781.0,Oply,car
29838166,twoway,73635.0,80407.0,440255,126200,null,126200,1242.0828296979575,128.0,127.0,0.0,12104711,12.0,6772.0,Oply,car
29658514,twoway,60736.0,65692.0,254293,254295,null,254295,6867.878181175942,573.0,165.0,0.0,12102661,12.0,4956.0,Oply,car
28927661,twoway,57322.0,57967.0,497780,272361,null,153658,1013.5225203869919,105.0,540.0,0.0,12102621,6.0,645.0,Oply,car
28254074,twoway,70106.0,75758.0,65774,281994,null,281994,7498.247730463858,677.0,161.0,0.0,12095581,12.0,5652.0,Oply,car
29040308,twoway,78513.0,79216.0,255299,105073,null,151019,2360.4894482545997,188.0,515.0,0.0,12096521,6.0,703.0,Oply,car
28301823,twoway,75921.0,82672.0,36144,280126,null,280126,7428.96080309951,610.0,301.0,0.0,12103643,12.0,6751.0,Oply,car
27219414,twoway,66175.0,70927.0,11624,42301,null,42301,8240.123531120624,733.0,163.0,0.0,12104661,12.0,4752.0,Oply,car
27010839,twoway,69864.0,75200.0,320475,280126,null,280126,8663.230786018596,737.0,102.0,0.0,12103643,12.0,5336.0,Oply,car
26790176,twoway,13445.0,40821.0,428820,105073,null,105073,14541.821620539851,1133.0,537.0,0.0,12096521,48.0,27376.0,Oply,car
27461086,twoway,68344.0,70098.0,165624,1384,null,1384,3220.439788521568,277.0,157.0,0.0,12102641,6.0,1754.0,Oply,car
26951903,twoway,69850.0,75129.0,105073,105073,null,105073,7692.574924069827,612.0,1.0,0.0,12096522,12.0,5279.0,Oply,car
29776267,twoway,19809.0,33548.0,60517,289762,null,289762,19564.78167831663,1647.0,318.0,0.0,12131641,24.0,13739.0,Oply,car
26814681,twoway,70445.0,77910.0,165624,1384,null,1384,5765.498849645986,507.0,157.0,0.0,12102642,12.44,7465.0,Oply,car
27770972,twoway,76408.0,82752.0,460492,13928,null,13928,8328.054863360165,682.0,165.0,0.0,12121612,12.0,6344.0,Oply,car
29012704,twoway,65251.0,65618.0,19994,415458,null,402009,441.3877507629122,51.0,316.0,0.0,12103673,6.0,367.0,Oply,car
27609177,twoway,70700.0,76619.0,294765,403375,null,403375,7689.135746067523,676.0,141.0,0.0,12132642,12.0,5919.0,Oply,car
27611477,twoway,62521.0,70661.0,65774,282876,null,282876,6845.777041070199,580.0,797.0,0.0,12102671,18.0,8140.0,Oply,car
26753629,twoway,75408.0,76368.0,211596,126200,null,231536,7821.761522108651,680.0,280.0,0.0,12104714,6.0,960.0,Oply,car
27619637,twoway,74065.0,78939.0,281928,373984,null,373984,4025.4369882231636,352.0,724.0,0.0,12104682,12.0,4874.0,Oply,car
27619638,twoway,39456.0,44590.0,281928,274193,null,274193,5261.593947699115,491.0,89.0,0.0,12133612,12.0,5134.0,Oply,car
29838398,twoway,60987.0,67554.0,228879,126200,null,126200,8637.371578779175,760.0,191.0,0.0,12104711,12.0,6567.0,Oply,car
28054712,twoway,49021.0,55295.0,299983,251159,null,251159,3564.7919570201802,339.0,419.0,0.0,12104701,12.0,6274.0,Oply,car
27146767,twoway,67120.0,75045.0,186275,126200,null,126200,4766.960917993175,424.0,135.0,0.0,12104712,18.0,7925.0,Oply,car
34063378,twoway,49479.0,50720.0,456159,456157,null,456157,4759.803996459041,387.0,145.0,0.0,12103622,6.0,1241.0,Oply,car
28151382,twoway,80918.0,84631.0,126200,408992,null,380434,4906.936895332732,394.0,3319.0,0.0,12104712,6.19,3713.0,Oply,car
26628524,twoway,12352.0,40203.0,13015,36125,null,36125,19543.479080653786,1721.0,390.0,0.0,12133722,48.0,27851.0,Oply,car
27155595,twoway,63987.0,74751.0,172623,172623,null,172623,6551.799355138058,590.0,1.0,0.0,12104671,18.0,10764.0,Oply,car
29892267,twoway,58445.0,63672.0,151011,320455,null,320455,8498.148601794095,744.0,135.0,0.0,12103613,12.0,5227.0,Oply,car
27581445,twoway,21814.0,27684.0,97168,484179,null,484179,14222.774906589064,983.0,118.0,0.0,12121632,12.0,5870.0,Oply,car
27190372,twoway,11883.0,43514.0,13015,36125,null,36125,18102.34614897585,1404.0,390.0,0.0,12133721,54.0,31631.0,Oply,car
27581443,twoway,30653.0,37870.0,97168,484179,null,484179,15653.252303880212,1306.0,118.0,0.0,12121632,12.03,7217.0,Oply,car
27581444,twoway,23715.0,33058.0,97168,7103,null,7103,14277.861780990483,1066.0,914.0,0.0,12120631,18.0,9343.0,Oply,car
28021956,twoway,66331.0,70510.0,421149,410043,null,410043,3040.2796345419956,254.0,127.0,0.0,12096512,12.0,4179.0,Oply,car
27480506,twoway,62960.0,73154.0,75117,7101,null,487115,6835.582731265481,586.0,5242.0,0.0,12132691,18.0,10194.0,Oply,car
35171953,twoway,10481.0,45519.0,337570,126200,null,126200,5148.062111010363,411.0,1011.0,0.0,12104713,60.0,35038.0,Oply,car
28971239,twoway,72188.0,78626.0,356662,274193,null,274193,8790.66014941951,784.0,178.0,0.0,12133611,12.0,6438.0,Oply,car
27901678,twoway,10240.0,46470.0,257303,131665,null,131665,7891.55495746449,653.0,234.0,0.0,12131611,60.38,36230.0,Oply,car
27415808,twoway,17658.0,28378.0,419028,8897,null,8897,9263.594627206854,821.0,557.0,0.0,12133632,18.0,10720.0,Oply,car
28111597,twoway,57813.0,58709.0,993,30901,null,993,736.0479544591594,110.0,786.0,0.0,12133711,6.0,896.0,Oply,car
32169882,twoway,71146.0,79314.0,421149,410043,null,410043,9753.237194142324,828.0,127.0,0.0,12096512,18.0,8168.0,Oply,car
29888398,twoway,48858.0,54655.0,65774,281994,null,281994,7343.145875749736,632.0,161.0,0.0,12095582,12.0,5797.0,Oply,car
27745497,twoway,71139.0,76426.0,255923,243383,null,243383,3998.0128531573087,336.0,206.0,0.0,12104633,12.0,5287.0,Oply,car
26808788,twoway,82346.0,85535.0,81621,254295,null,254295,1002.8267765786858,127.0,147.0,0.0,12102662,6.0,3189.0,Oply,car
29183476,twoway,90604.0,94110.0,270934,276589,null,118082,5641.948337884061,446.0,3060.0,0.0,12104641,6.0,3506.0,Oply,car
28637897,twoway,82459.0,82992.0,46022,126200,null,96576,4252.5395157456405,355.0,178.0,0.0,12104711,6.0,533.0,Oply,car
29317060,twoway,51024.0,57987.0,186275,126200,null,126200,957.9799598653508,92.0,135.0,0.0,12104712,12.0,6963.0,Oply,car
32840598,twoway,54415.0,61236.0,87197,87195,null,87195,17262.975772522972,1344.0,171.0,0.0,12133621,12.0,6821.0,Oply,car
33645289,twoway,66582.0,71661.0,460492,13928,null,13928,5441.703285360522,461.0,165.0,0.0,12121613,12.0,5079.0,Oply,car
31882953,twoway,42364.0,55215.0,422625,30901,null,30901,7243.061041346581,630.0,123.0,0.0,12133713,24.0,12851.0,Oply,car
26696720,twoway,64677.0,70106.0,87970,36249,null,36249,16017.17674148115,1063.0,254.0,0.0,12111611,12.0,5429.0,Oply,car
31882954,twoway,35303.0,41625.0,422625,30901,null,30901,10911.271625617706,852.0,123.0,0.0,12133712,12.0,6322.0,Oply,car
27579935,twoway,58397.0,64375.0,65774,281994,null,281994,2516.5518008388412,243.0,161.0,0.0,12095581,12.0,5978.0,Oply,car
31136695,twoway,62495.0,63228.0,324177,153654,null,415458,361.9075034756147,46.0,687.0,0.0,12103673,6.0,733.0,Oply,car
26693570,twoway,79294.0,85590.0,286148,286148,null,286148,24364.61788993362,1492.0,1.0,0.0,12131681,12.0,6296.0,Oply,car
29612570,twoway,75166.0,75402.0,342364,13762,null,488928,2290.6063895723346,185.0,51.0,0.0,12133682,0.39,236.0,Oply,car
29150141,twoway,89928.0,90565.0,94475,66928,null,255099,2483.461694841022,231.0,406.0,0.0,12108612,6.0,637.0,Oply,car
27359048,twoway,15565.0,41038.0,367895,8897,null,8897,12585.160316063071,1031.0,311.0,0.0,12133631,42.46,25473.0,Oply,car
31449559,twoway,55937.0,63068.0,316087,486024,null,486024,12881.912324439567,1106.0,401.0,0.0,12132663,12.0,7131.0,Oply,car
28846436,twoway,63314.0,67552.0,382149,274193,null,274193,10243.075655729548,884.0,91.0,0.0,12133611,12.0,4238.0,Oply,car
27014091,twoway,80370.0,80737.0,168485,153654,null,296749,1996.9342547595584,181.0,186.0,0.0,12103673,6.0,367.0,Oply,car
29198165,twoway,67066.0,72888.0,245017,501127,null,501127,1405.4439261286561,133.0,606.0,0.0,12133672,12.0,5822.0,Oply,car
26696718,twoway,45125.0,50662.0,87970,36249,null,36249,4974.565947152786,369.0,254.0,0.0,12111611,12.0,5537.0,Oply,car
27936841,twoway,51394.0,56779.0,476663,66928,null,66928,1676.6913470522288,198.0,177.0,0.0,12108612,12.0,5385.0,Oply,car
28677063,twoway,64513.0,69378.0,187450,346913,null,346913,3874.990244795422,331.0,193.0,0.0,12133732,12.0,4865.0,Oply,car
26691261,twoway,65098.0,70522.0,175197,257127,null,257127,2053.105177971878,175.0,857.0,0.0,12095572,12.0,5424.0,Oply,car
31417789,twoway,63770.0,71403.0,373347,271647,null,271647,13123.5750178876,1046.0,211.0,0.0,12104641,18.0,7633.0,Oply,car
34693504,twoway,43533.0,49436.0,423291,20711,null,20711,8252.27258629158,878.0,120.0,0.0,12132621,12.0,5903.0,Oply,car
32719672,twoway,43596.0,47624.0,255549,337736,null,337736,1279.8005393800213,137.0,399.0,0.0,12102703,12.0,4028.0,Oply,car
28172938,twoway,48623.0,54345.0,11624,42301,null,42301,8768.689985073597,760.0,163.0,0.0,12104661,12.0,5722.0,Oply,car
28920154,twoway,47712.0,48391.0,43045,487115,null,7101,6036.751209322883,466.0,213.0,0.0,12132691,6.0,679.0,Oply,car
27051499,twoway,61136.0,61791.0,316616,126200,null,79823,6871.88965256287,523.0,132.0,0.0,12104713,6.0,655.0,Oply,car
27217556,twoway,74225.0,80911.0,70032,1384,null,1384,8708.125094430668,743.0,1019.0,0.0,12102641,12.0,6686.0,Oply,car
28751477,twoway,74762.0,78883.0,65774,281994,null,281994,6658.567116356582,600.0,161.0,0.0,12095582,12.0,4121.0,Oply,car
27241425,twoway,50590.0,59873.0,97168,484179,null,484179,13250.562499932696,1070.0,118.0,0.0,12121631,18.0,9283.0,Oply,car
26918639,twoway,84006.0,88652.0,316616,96576,null,373443,4246.423899247638,348.0,4298.0,0.0,12104711,12.0,4646.0,Oply,car
26696719,twoway,56647.0,65591.0,87970,36249,null,36249,4278.954334728431,313.0,254.0,0.0,12111612,18.0,8944.0,Oply,car
27090278,twoway,52615.0,58176.0,341841,13928,null,13928,3434.245704138504,269.0,179.0,0.0,12121613,12.0,5561.0,Oply,car
28825607,twoway,10800.0,46989.0,414280,244185,null,244185,11275.825631132124,870.0,417.0,0.0,12096531,60.32,36189.0,Oply,car
27376949,twoway,38711.0,42774.0,6245,378375,null,378375,9912.568578851433,808.0,525.0,0.0,12106611,12.0,4063.0,Oply,car
26831629,twoway,66380.0,73023.0,6527,20711,null,20711,18999.964402360147,1171.0,375.0,0.0,12132621,12.0,6643.0,Oply,car
27981722,twoway,72929.0,79747.0,356662,274193,null,274193,8790.66014941951,784.0,178.0,0.0,12133612,12.0,6818.0,Oply,car
27056719,twoway,21490.0,27964.0,97168,484179,null,484179,9862.438702765363,823.0,118.0,0.0,12121631,12.0,6474.0,Oply,car
27021081,twoway,75104.0,81375.0,280126,280126,null,280126,11682.146508508384,1033.0,1.0,0.0,12103642,12.0,6271.0,Oply,car
32425013,twoway,5635.0,38236.0,440255,126200,null,126200,228681.92238085376,9499.0,127.0,0.0,12104711,54.34,32601.0,Oply,car
26933106,twoway,9427.0,15169.0,186265,126200,null,126200,1242.0828296979575,128.0,266.0,0.0,12104712,12.0,5742.0,Oply,car
29553322,twoway,57772.0,63439.0,280124,280126,null,280126,6449.378257346295,561.0,171.0,0.0,12103641,12.0,5667.0,Oply,car
27513250,twoway,63690.0,72406.0,399909,301163,null,301163,12119.822697643935,948.0,990.0,0.0,12133642,18.0,8716.0,Oply,car
27387271,twoway,75280.0,79305.0,460492,13928,null,13928,6723.973941259363,514.0,165.0,0.0,12121611,12.0,4025.0,Oply,car
29553323,twoway,70004.0,75802.0,280124,280126,null,280126,6607.687252148075,568.0,171.0,0.0,12103641,12.0,5798.0,Oply,car
32948392,twoway,54446.0,62162.0,460492,13928,null,13928,9297.65348068688,729.0,165.0,0.0,12121611,18.0,7716.0,Oply,car
27166063,twoway,78423.0,78844.0,280059,320455,null,93351,711.880293596762,85.0,336.0,0.0,12103613,6.0,421.0,Oply,car
28506439,twoway,60558.0,66843.0,267467,66928,null,66928,8092.5350058940385,691.0,171.0,0.0,12108613,12.0,6285.0,Oply,car
26725100,twoway,20167.0,50637.0,290348,255316,null,255316,19834.892875892576,1706.0,261.0,0.0,12132611,54.0,30470.0,Oply,car
27339817,twoway,65177.0,71893.0,172993,456157,null,456157,9796.294343985233,818.0,107.0,0.0,12103621,12.0,6716.0,Oply,car
26937102,twoway,79148.0,82653.0,254293,254295,null,254295,3558.46041118363,318.0,165.0,0.0,12102663,6.0,3505.0,Oply,car
29390245,twoway,58555.0,67223.0,89257,126200,null,126200,1514.7306707614534,137.0,386.0,0.0,12104714,18.0,8668.0,Oply,car
27178172,twoway,76182.0,80281.0,125553,105073,null,105073,4738.840219680109,370.0,142.0,0.0,12096524,12.0,4099.0,Oply,car
26658417,twoway,11865.0,47973.0,358470,152242,null,152242,14057.877988961085,1123.0,390.0,0.0,12133651,60.18,36108.0,Oply,car
27050544,twoway,73493.0,73748.0,131665,131665,null,419114,3461.0999251821704,254.0,1.0,0.0,12131612,0.42,255.0,Oply,car
27589764,twoway,58407.0,59113.0,251238,243383,null,288059,5415.236322689883,469.0,237.0,0.0,12104631,6.0,706.0,Oply,car
34974198,twoway,71036.0,76667.0,379132,370301,null,370301,17267.458728237514,1228.0,115.0,0.0,12132682,12.0,5631.0,Oply,car
29051821,twoway,48465.0,53728.0,460492,13928,null,13928,2905.3688533084305,231.0,165.0,0.0,12121611,12.0,5263.0,Oply,car
27008203,twoway,67927.0,78393.0,282261,245646,null,245646,5533.176017806521,448.0,446.0,0.0,12131663,18.0,10466.0,Oply,car
27008204,twoway,26788.0,36285.0,282261,245646,null,245646,8610.915678604331,807.0,446.0,0.0,12131662,18.0,9497.0,Oply,car
29083410,twoway,12736.0,32808.0,134304,337736,null,337736,111612.91000955008,4291.0,436.0,0.0,12102701,36.0,20072.0,Oply,car
28506440,twoway,70271.0,75785.0,267467,254295,null,254295,8186.179233421954,713.0,977.0,0.0,12102662,12.0,5514.0,Oply,car
35031325,twoway,73989.0,74981.0,270940,271647,null,276589,3011.7099662491755,230.0,762.0,0.0,12104641,6.0,992.0,Oply,car
29162313,twoway,19513.0,29751.0,343630,281994,null,281994,6217.780724005025,555.0,439.0,0.0,12095581,18.0,10238.0,Oply,car
27493290,twoway,22899.0,24324.0,79343,380534,null,136810,2796.626043183687,218.0,1207.0,0.0,12120651,6.0,1425.0,Oply,car
29699359,twoway,54906.0,59719.0,370300,370301,null,370301,4531.407476613868,398.0,90.0,0.0,12132682,12.0,4813.0,Oply,car
27258177,twoway,73001.0,79050.0,460492,13928,null,13928,8893.431379135081,700.0,165.0,0.0,12121613,12.0,6049.0,Oply,car
27885453,twoway,71645.0,75493.0,460492,13928,null,13928,6596.242815101782,581.0,165.0,0.0,12121612,6.41,3848.0,Oply,car
31172343,twoway,21325.0,28948.0,375437,337736,null,337736,2568.7690416779164,275.0,359.0,0.0,12102702,18.0,7623.0,Oply,car
27966449,twoway,67094.0,72488.0,280124,280126,null,280126,10907.704336167179,991.0,171.0,0.0,12103642,12.0,5394.0,Oply,car
27308064,twoway,59012.0,65287.0,391632,373984,null,373984,7584.61544684083,642.0,503.0,0.0,12104681,12.0,6275.0,Oply,car
27288123,twoway,66978.0,70296.0,389093,87195,null,87195,16344.996218471017,995.0,149.0,0.0,12133621,6.0,3318.0,Oply,car
31743937,twoway,11751.0,43670.0,295993,110,null,110,28544.702795396912,1588.0,351.0,0.0,12103631,54.0,31919.0,Oply,car
29145679,twoway,69208.0,74507.0,356662,274193,null,274193,5268.850471218866,489.0,178.0,0.0,12133613,12.0,5299.0,Oply,car
28176764,twoway,74540.0,80127.0,98440,316629,null,316629,6362.403554388707,535.0,158.0,0.0,12122631,12.0,5587.0,Oply,car
26725247,twoway,86514.0,87001.0,180209,423936,null,256822,2535.4579881974755,212.0,275.0,0.0,12102631,6.0,487.0,Oply,car
27578650,twoway,58780.0,64904.0,20711,20711,null,20711,18674.09874082809,1173.0,1.0,0.0,12132622,12.0,6124.0,Oply,car
26793058,twoway,53213.0,56898.0,8869,8897,null,8897,2645.1050170786334,293.0,181.0,0.0,12133632,6.14,3685.0,Oply,car
26917075,twoway,73475.0,78338.0,255623,254295,null,254295,4304.205628417255,404.0,233.0,0.0,12102661,12.0,4863.0,Oply,car
29374788,twoway,64333.0,68799.0,175197,1384,null,1384,782.1099817951717,97.0,121.0,0.0,12102642,12.0,4466.0,Oply,car
27714563,twoway,74949.0,80598.0,125553,105073,null,105073,4066.4518398930973,316.0,142.0,0.0,12096523,12.0,5649.0,Oply,car
29549838,twoway,5999.0,33914.0,131721,410043,null,410043,4603.169701449471,376.0,630.0,0.0,12096511,48.0,27915.0,Oply,car
28021892,twoway,70954.0,74612.0,229018,414631,null,414631,9191.041991281409,728.0,91.0,0.0,12120621,6.1,3658.0,Oply,car
27564566,twoway,10183.0,36372.0,137569,257127,null,257127,6524.999360539933,556.0,113.0,0.0,12095571,48.0,26189.0,Oply,car
27269838,twoway,62692.0,69218.0,409844,139511,null,139511,1090.6796942464955,103.0,172.0,0.0,12104691,12.0,6526.0,Oply,car
27695237,twoway,75055.0,77122.0,409816,139511,null,139511,3345.846866523157,290.0,185.0,0.0,12104692,6.0,2067.0,Oply,car
29313639,twoway,13643.0,49159.0,291599,281413,null,281413,18002.909257558484,1324.0,338.0,0.0,12102681,60.0,35516.0,Oply,car
27859526,twoway,85197.0,85596.0,127904,369565,null,1484,1700.4301813904938,169.0,230.0,0.0,12096541,6.0,399.0,Oply,car
28709493,twoway,85775.0,86403.0,36588,13928,null,421149,3344.8867217809347,257.0,371.0,0.0,12121611,6.0,628.0,Oply,car
27669776,twoway,69021.0,72268.0,267467,254295,null,254295,8190.873235958545,718.0,977.0,0.0,12102661,6.0,3247.0,Oply,car
27259243,twoway,58283.0,67565.0,343630,281994,null,281994,4296.502779913437,388.0,439.0,0.0,12095583,18.0,9282.0,Oply,car
28121110,twoway,56863.0,63058.0,43312,380534,null,380534,13986.478584813081,1043.0,205.0,0.0,12120652,12.0,6195.0,Oply,car
27968968,twoway,58471.0,68942.0,477405,378375,null,378375,8578.983798607358,642.0,667.0,0.0,12106612,18.0,10471.0,Oply,car
27053009,twoway,59690.0,61985.0,36975,87195,null,87195,6823.384699975214,531.0,734.0,0.0,12133622,6.0,2295.0,Oply,car
28960673,twoway,52786.0,59475.0,440255,126200,null,126200,957.9799598653508,92.0,127.0,0.0,12104711,12.0,6689.0,Oply,car
28721633,twoway,70019.0,75692.0,257108,131665,null,131665,7265.0730405590775,609.0,98.0,0.0,12131611,12.0,5673.0,Oply,car
29281011,twoway,71249.0,76982.0,476663,66928,null,66928,6728.178849874631,565.0,177.0,0.0,12108613,12.0,5733.0,Oply,car
26880919,twoway,62134.0,63194.0,389093,87195,null,87195,12208.789937420013,878.0,149.0,0.0,12133621,6.0,1060.0,Oply,car
26790584,twoway,57803.0,64158.0,255282,255316,null,255316,3105.408535173519,329.0,165.0,0.0,12132612,12.0,6355.0,Oply,car
33046421,twoway,64862.0,71565.0,66928,66928,null,66928,5194.037348883757,451.0,1.0,0.0,12108611,12.0,6703.0,Oply,car
27445225,twoway,16707.0,35177.0,498129,454386,null,454386,48596.61882929025,2291.0,382.0,0.0,12122611,36.0,18470.0,Oply,car
29058491,twoway,52905.0,59810.0,440255,126200,null,126200,26682.875668806348,1975.0,127.0,0.0,12104713,12.0,6905.0,Oply,car
27937195,twoway,57577.0,63386.0,450264,409369,null,409369,4014.2754271556323,326.0,439.0,0.0,12121642,12.0,5809.0,Oply,car
26806990,twoway,48384.0,56696.0,110655,346913,null,346913,1971.3195044077697,167.0,286.0,0.0,12133731,18.0,8312.0,Oply,car
29694306,twoway,63783.0,69445.0,81621,254295,null,254295,8186.179233421954,713.0,147.0,0.0,12102662,12.0,5662.0,Oply,car
28238167,twoway,15788.0,50396.0,359141,262858,null,262858,19948.14880623281,1496.0,815.0,0.0,12133701,60.0,34608.0,Oply,car
34356365,twoway,67147.0,70625.0,476663,66928,null,66928,5517.874677864552,462.0,177.0,0.0,12108613,6.0,3478.0,Oply,car
27570300,twoway,60727.0,64928.0,267467,356979,null,66928,6995.52045431558,600.0,2902.0,0.0,12108612,12.0,4201.0,Oply,car
27349416,twoway,53208.0,58431.0,165624,1384,null,1384,3869.4031976921065,325.0,157.0,0.0,12102641,12.0,5223.0,Oply,car
27349417,twoway,62442.0,68048.0,165624,1384,null,1384,4684.736214328159,392.0,157.0,0.0,12102641,12.0,5606.0,Oply,car
27878180,twoway,80312.0,88955.0,211596,231536,null,291599,9219.587528273545,708.0,7935.0,0.0,12104714,18.0,8643.0,Oply,car
29417464,twoway,31986.0,40055.0,456153,456157,null,456157,5576.1157217778855,458.0,153.0,0.0,12103622,18.0,8069.0,Oply,car
27357950,twoway,72220.0,78707.0,61449,257127,null,257127,13510.263506461151,1108.0,156.0,0.0,12095571,12.0,6487.0,Oply,car
28497556,twoway,58078.0,63568.0,267467,66928,null,66928,5194.037348883757,451.0,171.0,0.0,12108611,12.0,5490.0,Oply,car
26871562,twoway,68424.0,73775.0,7101,7103,null,7103,1620.962195098064,187.0,122.0,0.0,12120633,12.0,5351.0,Oply,car
33804621,twoway,39594.0,45053.0,456153,456157,null,456157,4039.7090633050943,344.0,153.0,0.0,12103623,12.0,5459.0,Oply,car
29874703,twoway,51613.0,61859.0,466218,59637,null,59637,10724.41363876615,821.0,209.0,0.0,12131631,18.0,10246.0,Oply,car
31502089,twoway,5357.0,43649.0,257254,445439,null,445439,104839.83329106227,5745.0,1123.0,0.0,12133691,66.0,38292.0,Oply,car
29874702,twoway,69691.0,74384.0,466218,59637,null,59637,5927.185732136948,619.0,209.0,0.0,12131632,12.0,4693.0,Oply,car
28218398,twoway,67873.0,73017.0,267467,254295,null,254295,6861.484000602807,573.0,977.0,0.0,12102663,12.0,5144.0,Oply,car
29610542,twoway,75163.0,80972.0,382149,274193,null,274193,10502.224006128901,922.0,91.0,0.0,12133613,12.0,5809.0,Oply,car
27972643,twoway,61977.0,63974.0,175197,1384,null,1384,3869.4031976921065,325.0,121.0,0.0,12102642,6.0,1997.0,Oply,car
27006872,twoway,68103.0,70605.0,109084,255488,null,255488,7966.704260720399,721.0,334.0,0.0,12103681,6.0,2502.0,Oply,car
28104532,twoway,51809.0,58326.0,151011,320455,null,320455,10131.397374869179,909.0,135.0,0.0,12103612,12.0,6517.0,Oply,car
26836584,twoway,61770.0,65525.0,408992,281994,null,281994,5074.44963040581,435.0,268.0,0.0,12095582,6.26,3755.0,Oply,car
26812631,twoway,42922.0,50496.0,244181,244185,null,244185,8413.330876773278,712.0,160.0,0.0,12096532,18.0,7574.0,Oply,car
27379595,twoway,66534.0,71114.0,97168,484179,null,484179,3001.8269544752156,298.0,118.0,0.0,12121632,12.0,4580.0,Oply,car
27700195,twoway,66946.0,75153.0,476665,66928,null,66928,1386.772602722166,148.0,127.0,0.0,12108612,18.0,8207.0,Oply,car
28932298,twoway,41027.0,46388.0,415458,153654,null,153654,572.1939650939447,71.0,198.0,0.0,12103671,12.0,5361.0,Oply,car
27078343,twoway,52074.0,52768.0,390166,145569,null,390166,900.4229067030033,79.0,615.0,0.0,12102611,6.0,694.0,Oply,car
27880711,twoway,81914.0,86726.0,460492,13928,null,13928,13549.464542695527,1121.0,165.0,0.0,12121613,12.0,4812.0,Oply,car
28563090,twoway,51373.0,57200.0,460492,13928,null,13928,10017.008115949788,807.0,165.0,0.0,12121612,12.0,5827.0,Oply,car
26809327,twoway,67949.0,70573.0,370300,370301,null,370301,7513.135494941704,572.0,90.0,0.0,12132681,6.0,2624.0,Oply,car
29201599,twoway,71826.0,74833.0,440255,126200,null,126200,1493.2078795547,148.0,127.0,0.0,12104714,6.0,3007.0,Oply,car
27010232,twoway,71512.0,75133.0,125496,244185,null,244185,26276.038888467476,1723.0,201.0,0.0,12096534,6.04,3621.0,Oply,car
27010231,twoway,61214.0,66666.0,125496,244185,null,244185,26461.83799894346,1734.0,201.0,0.0,12096533,12.0,5452.0,Oply,car
29189504,twoway,66439.0,70751.0,281415,281413,null,281413,6755.4520784360675,575.0,128.0,0.0,12102681,12.0,4312.0,Oply,car
26942319,twoway,23024.0,33656.0,27573,30901,null,30901,14853.94333777296,1184.0,625.0,0.0,12133711,18.0,10632.0,Oply,car
32582061,twoway,59728.0,63804.0,391664,172623,null,172623,5718.839051410036,486.0,191.0,0.0,12104672,12.0,4076.0,Oply,car
26841256,twoway,2611.0,6489.0,333278,316629,null,316629,6073.385521151941,503.0,368.0,0.0,12122631,6.46,3878.0,Oply,car
28720334,twoway,52306.0,57244.0,476665,66928,null,66928,5882.309209463986,497.0,127.0,0.0,12108613,12.0,4938.0,Oply,car
26738200,twoway,54441.0,65104.0,79496,445439,null,445439,12208.938587062257,1002.0,201.0,0.0,12133692,18.0,10663.0,Oply,car
29189507,twoway,57674.0,59955.0,281415,281413,null,281413,3867.7539658175915,329.0,128.0,0.0,12102682,6.0,2281.0,Oply,car
34013823,twoway,14387.0,50603.0,267467,66928,null,66928,134466.2957403284,5043.0,171.0,0.0,12108611,60.36,36216.0,Oply,car
28588940,twoway,59642.0,61963.0,370300,370301,null,370301,2801.9293534489802,265.0,90.0,0.0,12132683,6.0,2321.0,Oply,car
27528349,twoway,25159.0,35906.0,474627,245646,null,245646,5446.821941076143,469.0,1177.0,0.0,12131661,18.0,10747.0,Oply,car
32823610,twoway,59678.0,64839.0,364077,373984,null,373984,5606.775859143046,492.0,117.0,0.0,12104682,12.0,5161.0,Oply,car
30264938,twoway,14841.0,36225.0,241416,301163,null,301163,5406.450651042634,414.0,196.0,0.0,12133641,36.0,21384.0,Oply,car
28898446,twoway,67790.0,72720.0,460492,13928,null,13928,2442.994496431599,218.0,165.0,0.0,12121611,12.0,4930.0,Oply,car
26921647,twoway,74615.0,75436.0,342717,337736,null,267467,2638.0375026845663,229.0,592.0,0.0,12102701,6.0,821.0,Oply,car
26531740,twoway,62363.0,68011.0,243379,243383,null,243383,12490.922823939589,1049.0,168.0,0.0,12104632,12.0,5648.0,Oply,car
26858022,twoway,43559.0,49193.0,440138,486024,null,486024,5716.381615869659,601.0,244.0,0.0,12132661,12.0,5634.0,Oply,car
32823611,twoway,67904.0,75140.0,364077,373984,null,373984,8092.957378343738,664.0,117.0,0.0,12104683,12.06,7236.0,Oply,car
27210770,twoway,70345.0,75235.0,97581,255282,null,186275,4873.816095710906,408.0,4482.0,0.0,12120631,12.0,4890.0,Oply,car
29696625,twoway,59320.0,66070.0,460492,13928,null,13928,6125.649759302992,518.0,165.0,0.0,12121612,12.0,6750.0,Oply,car
33753371,twoway,82382.0,82763.0,271533,272361,null,100067,2495.4809224823985,217.0,164.0,0.0,12102621,6.0,381.0,Oply,car
28869916,twoway,7055.0,42228.0,356662,274193,null,274193,17466.045101270647,1068.0,178.0,0.0,12133611,60.0,35173.0,Oply,car
29597072,twoway,75585.0,76496.0,234405,289762,null,186275,7609.124361189735,623.0,288.0,0.0,12131642,6.0,911.0,Oply,car
28625941,twoway,62229.0,68019.0,391664,172623,null,172623,7066.047804704714,582.0,191.0,0.0,12104673,12.0,5790.0,Oply,car
31701197,twoway,53407.0,58798.0,460492,36125,null,36125,3554.542801106591,396.0,1065.0,0.0,12133722,12.0,5391.0,Oply,car
26808914,twoway,52870.0,58765.0,323482,403375,null,403375,6061.443765467826,553.0,143.0,0.0,12132642,12.0,5895.0,Oply,car
29384495,twoway,64849.0,72002.0,356662,274193,null,274193,8790.66014941951,787.0,178.0,0.0,12133612,12.0,7153.0,Oply,car
31128650,twoway,79168.0,79687.0,342717,126200,null,408992,3656.6383682093046,302.0,217.0,0.0,12104712,6.0,519.0,Oply,car
