personID,carsharingType,startTime,endTIme,startLink,pickupLink,dropoffLink,endLink,distance,inVehicleTime,accessTime,egressTime,vehicleID,cost,bookingTime,companyID,vehicleType
27932266,twoway,42798.0,47219.0,275714,275690,null,275690,9478.044136569379,748.0,163.0,0.0,12131651,12.214000000000016,4421.0,Oply,car
27358290,twoway,18773.0,43527.0,403683,403375,null,403375,38930.98132841735,2084.0,323.0,0.0,12132641,41.92560000000024,24754.0,Oply,car
27518969,twoway,62828.0,68081.0,87197,87195,null,87195,16906.965406792475,1318.0,171.0,0.0,12133622,12.454800000000002,5253.0,Oply,car
27714263,twoway,49693.0,59581.0,286607,337736,null,337736,2466.509065699978,255.0,139.0,0.0,12102702,18.470399999999998,9888.0,Oply,car
27703922,twoway,67787.0,74101.0,421149,454386,null,454386,10689.318848209932,877.0,596.0,0.0,12122613,12.351000000000013,6314.0,Oply,car
26531737,twoway,65397.0,68655.0,316616,267467,null,243379,3970.2246215107616,352.0,2906.0,0.0,12104712,6.2193,3258.0,Oply,car
27941778,twoway,58442.0,65553.0,186275,126200,null,126200,1388.4536732175247,124.0,135.0,0.0,12104711,12.525200000000016,7111.0,Oply,car
28704786,twoway,10468.0,42923.0,280055,320455,null,320455,7245.504167481503,604.0,234.0,0.0,12103611,54.1858,32455.0,Oply,car
28919026,twoway,10298.0,45011.0,440255,337736,null,337736,233477.36952770065,9970.0,783.0,0.0,12102702,60.08070000000008,34713.0,Oply,car
26863191,twoway,16326.0,43920.0,993,30901,null,30901,13550.607413796046,1033.0,786.0,0.0,12133712,47.946000000000176,27594.0,Oply,car
27076531,twoway,69230.0,69941.0,425787,42301,null,288069,4873.242142577192,362.0,349.0,0.0,12104663,6.201000000000004,711.0,Oply,car
27564862,twoway,10367.0,45700.0,125457,244185,null,244185,21636.218450753368,1699.0,238.0,0.0,12096531,60.08240000000008,35333.0,Oply,car
31574958,twoway,78918.0,84848.0,61449,257127,null,257127,3035.3976888033276,306.0,156.0,0.0,12095571,11.974000000000007,5930.0,Oply,car
29366096,twoway,56560.0,64518.0,21199,485280,null,485280,12429.286762563845,1047.0,126.0,0.0,12131621,18.73860000000006,7958.0,Oply,car
27820663,twoway,772.0,28657.0,500682,423936,null,423936,15609.856292930961,1261.0,288.0,0.0,12102631,47.682600000000434,27885.0,Oply,car
33681734,twoway,42527.0,45287.0,406139,474619,null,474619,9707.667563231938,881.0,485.0,0.0,12105611,5.999999999999995,2760.0,Oply,car
26992920,twoway,52967.0,58324.0,294765,403375,null,403375,4397.22357513627,442.0,141.0,0.0,12132642,12.271199999999997,5357.0,Oply,car
28665783,twoway,71184.0,71908.0,444375,7103,null,255282,4735.626996969674,394.0,330.0,0.0,12120631,6.173800000000002,724.0,Oply,car
29134707,twoway,18128.0,24017.0,1484,105073,null,105073,6008.019598525085,497.0,479.0,0.0,12096521,11.891200000000005,5889.0,Oply,car
28008802,twoway,62969.0,69507.0,354404,474619,null,474619,14753.697669463872,1210.0,146.0,0.0,12105612,12.4516,6538.0,Oply,car
29312809,twoway,59428.0,80333.0,342369,13762,null,13762,100886.08602529355,4931.0,364.0,0.0,12133681,37.14600000000016,20905.0,Oply,car
32107184,twoway,77104.0,80761.0,175197,1384,null,1384,2999.693581464773,282.0,121.0,0.0,12102641,6.215499999999991,3657.0,Oply,car
28027346,twoway,42420.0,47866.0,460492,13928,null,13928,5486.879672314715,463.0,165.0,0.0,12121611,12.184000000000017,5446.0,Oply,car
29192140,twoway,48413.0,55115.0,486026,486024,null,486024,14063.787151159271,1193.0,356.0,0.0,12132662,12.313199999999979,6702.0,Oply,car
34462705,twoway,73970.0,79456.0,125553,105073,null,105073,4757.136902809995,369.0,142.0,0.0,12096521,12.293799999999994,5486.0,Oply,car
27502285,twoway,55287.0,61442.0,220140,274193,null,274193,6763.09489595625,607.0,139.0,0.0,12133612,12.369300000000038,6155.0,Oply,car
33008747,twoway,64681.0,70126.0,105073,105073,null,105073,6364.361378310297,528.0,1.0,0.0,12096522,12.450000000000001,5445.0,Oply,car
27098904,twoway,46497.0,52883.0,186265,126200,null,126200,4559.055024668418,401.0,266.0,0.0,12104711,12.388800000000007,6386.0,Oply,car
26815767,twoway,48725.0,49847.0,46022,337736,null,389729,6863.052243080134,570.0,552.0,0.0,12102701,6.242399999999999,1122.0,Oply,car
27382060,twoway,48667.0,53472.0,434340,79825,null,79825,8163.783458703198,642.0,127.0,0.0,12120662,12.29499999999998,4805.0,Oply,car
26760170,twoway,78477.0,79250.0,267939,126200,null,195830,5099.088478405303,433.0,340.0,0.0,12104711,6.071800000000002,773.0,Oply,car
29838166,twoway,82243.0,85305.0,46022,267467,null,440255,3148.0288307507503,256.0,2806.0,0.0,12102702,5.932000000000002,3062.0,Oply,car
29414923,twoway,82931.0,83831.0,137540,109148,null,229018,2588.0781820515963,209.0,691.0,0.0,12121622,5.898000000000002,900.0,Oply,car
28254074,twoway,71284.0,77498.0,65774,281994,null,281994,7506.857994206399,676.0,161.0,0.0,12095581,12.368400000000035,6214.0,Oply,car
29040308,twoway,82552.0,83255.0,255299,105073,null,151019,2360.4894482545997,188.0,515.0,0.0,12096521,5.915000000000003,703.0,Oply,car
32922029,twoway,55091.0,61176.0,229018,414631,null,414631,6976.013208127115,539.0,91.0,0.0,12120622,12.359400000000036,6085.0,Oply,car
29103088,twoway,48300.0,53461.0,42660,241480,null,241480,7074.88121724456,634.0,1010.0,0.0,12132631,12.316499999999978,5161.0,Oply,car
27010839,twoway,69521.0,72049.0,320475,280126,null,280126,8663.230786018596,736.0,102.0,0.0,12103642,6.201000000000003,2528.0,Oply,car
26951903,twoway,72325.0,77949.0,105073,105073,null,105073,7692.574924069827,612.0,1.0,0.0,12096523,12.339500000000026,5624.0,Oply,car
29776267,twoway,20631.0,31398.0,60517,289762,null,289762,19382.68956478297,1642.0,318.0,0.0,12131641,17.79599999999997,10767.0,Oply,car
26814681,twoway,77812.0,82150.0,165624,1384,null,1384,5765.498849645986,507.0,157.0,0.0,12102642,12.068999999999996,4338.0,Oply,car
27770972,twoway,76652.0,82529.0,460492,36125,null,36125,6353.533016325907,710.0,1065.0,0.0,12133721,12.163999999999971,5877.0,Oply,car
27609177,twoway,69594.0,75452.0,294765,403375,null,403375,7689.135746067523,676.0,141.0,0.0,12132642,12.38140000000004,5858.0,Oply,car
29459020,twoway,56701.0,61209.0,405193,301163,null,301163,10095.555141319164,812.0,455.0,0.0,12133642,12.474000000000029,4508.0,Oply,car
27619637,twoway,74551.0,80219.0,281928,274193,null,274193,4715.018553434588,463.0,89.0,0.0,12133611,12.277799999999978,5668.0,Oply,car
34063378,twoway,49029.0,54454.0,456159,456157,null,456157,4759.803996459041,387.0,145.0,0.0,12103621,12.264999999999985,5425.0,Oply,car
28154652,twoway,63789.0,69269.0,257108,131665,null,131665,2472.169724756712,270.0,98.0,0.0,12131612,12.449999999999985,5480.0,Oply,car
29694535,twoway,57393.0,69647.0,494671,36249,null,36249,15720.283558843712,1270.0,458.0,0.0,12111613,24.979000000000106,12254.0,Oply,car
28300745,twoway,59322.0,66174.0,401839,7103,null,7103,3801.4751259672857,421.0,658.0,0.0,12120633,12.501400000000022,6852.0,Oply,car
26628524,twoway,6242.0,37460.0,13015,36125,null,36125,19543.479080653786,1721.0,390.0,0.0,12133722,53.96680000000011,31218.0,Oply,car
28339980,twoway,15485.0,46106.0,60303,486024,null,486024,7531.938263151588,704.0,1098.0,0.0,12132661,54.025800000000146,30621.0,Oply,car
28662617,twoway,47251.0,50757.0,476663,66928,null,66928,6096.643005371105,537.0,177.0,0.0,12108612,6.249000000000005,3506.0,Oply,car
29892267,twoway,56107.0,62465.0,151011,320455,null,320455,8540.36981083279,747.0,135.0,0.0,12103611,12.424000000000033,6358.0,Oply,car
27581445,twoway,22168.0,27966.0,97168,484179,null,484179,14222.774906589064,983.0,118.0,0.0,12121632,11.86229999999999,5798.0,Oply,car
27581443,twoway,28376.0,39245.0,97168,484179,null,484179,15653.252303880212,1306.0,118.0,0.0,12121632,18.299000000000028,10869.0,Oply,car
27946745,twoway,15243.0,43257.0,331193,254295,null,254295,7574.228557701047,732.0,567.0,0.0,12102661,47.97320000000012,28014.0,Oply,car
28581372,twoway,65103.0,70717.0,409479,172623,null,172623,2141.949595628667,225.0,135.0,0.0,12104671,12.433500000000004,5614.0,Oply,car
27135234,twoway,48772.0,51017.0,271647,271647,null,271647,3870.0151459917533,302.0,1.0,0.0,12104641,6.242399999999999,2245.0,Oply,car
26859171,twoway,51041.0,55551.0,36249,36249,null,36249,5872.356991604036,472.0,1.0,0.0,12111612,12.183999999999982,4510.0,Oply,car
28627734,twoway,32654.0,37081.0,421149,454386,null,454386,6716.425473507926,549.0,596.0,0.0,12122613,12.149999999999997,4427.0,Oply,car
28342276,twoway,4702.0,40598.0,308788,36125,null,36125,14521.346335254033,1222.0,773.0,0.0,12133721,59.922600000000294,35896.0,Oply,car
27415808,twoway,18030.0,28114.0,419028,8897,null,8897,9263.594627206854,821.0,557.0,0.0,12133631,17.84700000000003,10084.0,Oply,car
26923421,twoway,59786.0,63165.0,112451,241480,null,241480,3081.9526592589614,281.0,406.0,0.0,12132632,6.208200000000001,3379.0,Oply,car
26785687,twoway,37420.0,40991.0,484179,484179,null,484179,5048.474765741955,435.0,1.0,0.0,12121631,6.023099999999995,3571.0,Oply,car
26712590,twoway,13065.0,44852.0,316631,316629,null,316629,8289.267326799833,689.0,75.0,0.0,12122632,54.07290000000006,31787.0,Oply,car
27006342,twoway,56414.0,61816.0,141142,152242,null,152242,11268.6171400093,988.0,471.0,0.0,12133651,12.44900000000003,5402.0,Oply,car
29015405,twoway,9487.0,49234.0,440255,126200,null,126200,231632.88914166074,9705.0,127.0,0.0,12104712,66.40760000000016,39747.0,Oply,car
27745497,twoway,66189.0,73388.0,255923,255316,null,255316,4382.396514615344,415.0,949.0,0.0,12132613,12.374099999999997,7199.0,Oply,car
26808788,twoway,82159.0,87523.0,81621,254295,null,254295,1002.8267765786858,127.0,147.0,0.0,12102662,11.833400000000005,5364.0,Oply,car
26808789,twoway,38387.0,45641.0,81621,254295,null,254295,4314.489102702545,392.0,147.0,0.0,12102662,12.099999999999973,7254.0,Oply,car
28637897,twoway,85307.0,88832.0,46022,408992,null,96576,4575.811485089019,371.0,3154.0,0.0,12104711,5.898000000000002,3525.0,Oply,car
29317060,twoway,50859.0,55076.0,186275,126200,null,126200,957.9799598653508,92.0,135.0,0.0,12104712,12.173799999999982,4217.0,Oply,car
31882953,twoway,45145.0,51614.0,422625,30901,null,30901,7243.061041346581,630.0,123.0,0.0,12133712,12.351400000000035,6469.0,Oply,car
34688641,twoway,63517.0,69774.0,129560,410043,null,410043,3252.797299953024,256.0,253.0,0.0,12096511,12.449999999999989,6257.0,Oply,car
28338904,twoway,75983.0,81749.0,21199,485280,null,485280,4557.204400395528,476.0,126.0,0.0,12131622,12.218999999999966,5766.0,Oply,car
26693570,twoway,79078.0,85343.0,286148,286148,null,286148,24277.186175477855,1488.0,1.0,0.0,12131681,11.964000000000008,6265.0,Oply,car
29612570,twoway,69325.0,69561.0,342364,13762,null,488928,2290.6063895723346,185.0,51.0,0.0,12133682,0.4068,236.0,Oply,car
26589077,twoway,64617.0,70336.0,421149,454386,null,454386,5397.267986485096,458.0,596.0,0.0,12122611,12.45,5719.0,Oply,car
29150141,twoway,89707.0,98034.0,94475,94799,null,255099,8712.516231739572,723.0,7604.0,0.0,12108612,17.414,8327.0,Oply,car
28750118,twoway,26293.0,38082.0,8897,8897,null,8897,8953.768719765008,774.0,1.0,0.0,12133632,24.078600000000055,11789.0,Oply,car
27367425,twoway,16590.0,27307.0,234120,380534,null,380534,12553.391408366719,963.0,700.0,0.0,12120651,17.846999999999998,10717.0,Oply,car
27936841,twoway,51788.0,58029.0,476663,66928,null,66928,1676.6913470522288,198.0,177.0,0.0,12108611,12.228199999999982,6241.0,Oply,car
26691261,twoway,66442.0,72196.0,175197,1384,null,1384,3882.352924463764,330.0,121.0,0.0,12102642,12.360899999999994,5754.0,Oply,car
34693504,twoway,40279.0,48495.0,423291,20711,null,20711,8252.27258629158,878.0,120.0,0.0,12132621,18.285300000000024,8216.0,Oply,car
28920154,twoway,43618.0,48448.0,7101,7103,null,7103,11272.385283863881,855.0,122.0,0.0,12120632,12.268800000000017,4830.0,Oply,car
26732852,twoway,65906.0,74639.0,36146,280126,null,280126,2211.4352637602324,207.0,394.0,0.0,12103641,18.56940000000003,8733.0,Oply,car
27051499,twoway,59641.0,66174.0,79823,79825,null,79825,14515.97303106275,1107.0,112.0,0.0,12120661,12.498000000000026,6533.0,Oply,car
27217556,twoway,71223.0,74823.0,70032,414631,null,414631,10813.39050224398,861.0,67.0,0.0,12120623,6.172100000000001,3600.0,Oply,car
28751477,twoway,74688.0,81408.0,65774,281994,null,281994,6658.567116356582,600.0,161.0,0.0,12095582,12.274599999999976,6720.0,Oply,car
27104043,twoway,67912.0,74198.0,442585,20711,null,20711,11885.496176380939,1042.0,248.0,0.0,12132621,12.351000000000015,6286.0,Oply,car
29550622,twoway,14997.0,29284.0,37224,79825,null,79825,4064.3962754534605,333.0,305.0,0.0,12120661,23.88269999999999,14287.0,Oply,car
28716384,twoway,68958.0,75994.0,343630,281994,null,281994,7805.436675653436,695.0,439.0,0.0,12095583,12.365400000000037,7036.0,Oply,car
27981722,twoway,70967.0,78250.0,356662,274193,null,274193,8507.267900393077,775.0,178.0,0.0,12133612,12.58520000000004,7283.0,Oply,car
27056719,twoway,19954.0,30559.0,97168,484179,null,484179,9862.438702765363,823.0,118.0,0.0,12121631,17.796000000000006,10605.0,Oply,car
27437350,twoway,53922.0,63953.0,343630,281994,null,281994,6562.719651734213,557.0,439.0,0.0,12095582,18.542400000000054,10031.0,Oply,car
26933106,twoway,8214.0,13335.0,186265,126200,null,126200,1242.0828296979575,128.0,266.0,0.0,12104711,12.051399999999997,5121.0,Oply,car
28160720,twoway,18213.0,43166.0,258131,139511,null,139511,22590.173939537308,1683.0,385.0,0.0,12104691,41.94090000000022,24953.0,Oply,car
29152783,twoway,61078.0,66667.0,66928,222465,null,222465,1172.555503775302,98.0,1006.0,0.0,12102691,12.498000000000044,5589.0,Oply,car
29553322,twoway,64005.0,67719.0,280124,280126,null,280126,6449.378257346295,561.0,171.0,0.0,12103643,6.479400000000001,3714.0,Oply,car
27387271,twoway,75340.0,78672.0,460492,36125,null,36125,5947.984355519103,536.0,1065.0,0.0,12133722,6.197999999999998,3332.0,Oply,car
27166063,twoway,77640.0,78061.0,280059,320455,null,93351,711.880293596762,85.0,336.0,0.0,12103612,6.092599999999995,421.0,Oply,car
28506439,twoway,63655.0,70870.0,267467,66928,null,66928,8092.5350058940385,693.0,171.0,0.0,12108612,12.554999999999987,7215.0,Oply,car
26725100,twoway,16073.0,47046.0,290348,255316,null,255316,19411.768006264512,1703.0,261.0,0.0,12132611,54.040200000000134,30973.0,Oply,car
26769049,twoway,19423.0,43912.0,445439,445439,null,445439,11024.115404155284,979.0,1.0,0.0,12133692,41.906900000000235,24489.0,Oply,car
27339817,twoway,57362.0,64820.0,172993,456157,null,456157,9707.126612647506,820.0,107.0,0.0,12103623,12.949000000000026,7458.0,Oply,car
26937102,twoway,76247.0,81571.0,254293,254295,null,254295,3558.46041118363,318.0,165.0,0.0,12102662,12.198999999999966,5324.0,Oply,car
26917175,twoway,64553.0,70544.0,299701,280126,null,280126,11406.52177286433,1003.0,98.0,0.0,12103644,12.449999999999998,5991.0,Oply,car
27178172,twoway,74892.0,80795.0,125553,255316,null,255316,4448.466771186441,402.0,980.0,0.0,12132612,12.268199999999974,5903.0,Oply,car
28286168,twoway,61355.0,62023.0,283955,257127,null,131675,2292.18114429765,215.0,453.0,0.0,12095571,6.252400000000008,668.0,Oply,car
26788238,twoway,61455.0,63379.0,370300,370301,null,370301,4252.382041446546,392.0,90.0,0.0,12132682,6.255800000000008,1924.0,Oply,car
27406184,twoway,6592.0,38605.0,423638,153662,null,153662,15362.51102002686,1281.0,706.0,0.0,12103661,53.9753000000001,32013.0,Oply,car
27030498,twoway,9167.0,48294.0,402707,7103,null,7103,221953.3059555248,9077.0,502.0,0.0,12120631,66.15740000000018,39127.0,Oply,car
27050544,twoway,79802.0,80053.0,131665,131665,null,419114,3110.4759644366577,250.0,1.0,0.0,12131612,0.4,251.0,Oply,car
27669894,twoway,58342.0,62294.0,500879,501127,null,501127,4028.160784076337,432.0,326.0,0.0,12133671,12.528600000000017,3952.0,Oply,car
34974198,twoway,64052.0,70503.0,379132,370301,null,370301,17267.458728237514,1228.0,115.0,0.0,12132682,12.449999999999987,6451.0,Oply,car
27149052,twoway,78537.0,79362.0,185953,119231,null,389729,6434.938079179863,430.0,395.0,0.0,12133661,6.070200000000003,825.0,Oply,car
27630973,twoway,48426.0,51167.0,329595,275690,null,275690,6211.483253953812,510.0,757.0,0.0,12131652,6.248999999999999,2741.0,Oply,car
29083410,twoway,6256.0,36492.0,134304,337736,null,337736,111612.91000955008,4291.0,436.0,0.0,12102701,53.96680000000011,30236.0,Oply,car
35031325,twoway,78861.0,79409.0,270940,272361,null,276589,3177.603758405953,252.0,296.0,0.0,12102622,6.060600000000004,548.0,Oply,car
27894177,twoway,33299.0,36948.0,144919,486024,null,486024,11336.6062261876,900.0,1038.0,0.0,12132663,6.200500000000003,3649.0,Oply,car
27493290,twoway,18908.0,23176.0,136810,427832,null,427832,4541.5896877162795,368.0,196.0,0.0,12121651,11.847000000000005,4268.0,Oply,car
27258177,twoway,74994.0,80936.0,460492,13928,null,13928,8893.431379135081,700.0,165.0,0.0,12121611,12.266599999999972,5942.0,Oply,car
26710753,twoway,20944.0,43219.0,341904,486024,null,486024,24193.496915184794,1788.0,1014.0,0.0,12132662,41.92730000000022,22275.0,Oply,car
28068296,twoway,40588.0,44570.0,229018,414631,null,414631,6767.3343022891895,500.0,91.0,0.0,12120621,12.052799999999992,3982.0,Oply,car
31743937,twoway,10213.0,42313.0,295993,110,null,110,28544.702795396912,1588.0,351.0,0.0,12103631,54.07899999999999,32100.0,Oply,car
27248587,twoway,64120.0,70702.0,289774,289762,null,289762,15445.679042732867,1272.0,290.0,0.0,12131641,12.449999999999989,6582.0,Oply,car
29145679,twoway,68843.0,74393.0,356662,274193,null,274193,5268.850471218866,489.0,178.0,0.0,12133611,12.362200000000035,5550.0,Oply,car
28176764,twoway,76188.0,80077.0,98440,316629,null,316629,6362.403554388707,535.0,158.0,0.0,12122631,6.668299999999993,3889.0,Oply,car
26725247,twoway,89231.0,89718.0,180209,423936,null,256822,2535.4579881974755,212.0,275.0,0.0,12102632,5.8228,487.0,Oply,car
27578650,twoway,60430.0,66687.0,20711,20711,null,20711,17272.802692771413,1168.0,1.0,0.0,12132622,12.498000000000038,6257.0,Oply,car
26914128,twoway,59891.0,63587.0,172993,456157,null,456157,1029.5892808435856,116.0,107.0,0.0,12103624,6.316600000000002,3696.0,Oply,car
26995486,twoway,65389.0,68992.0,456159,456157,null,456157,9834.137689812229,830.0,145.0,0.0,12103621,6.2193,3603.0,Oply,car
27714563,twoway,74094.0,82241.0,125553,105073,null,105073,4066.4518398930973,316.0,142.0,0.0,12096522,18.27699999999993,8147.0,Oply,car
29549838,twoway,13173.0,34798.0,131721,410043,null,410043,4603.169701449471,376.0,630.0,0.0,12096511,35.93159999999994,21625.0,Oply,car
27418930,twoway,56363.0,58050.0,50756,484179,null,484179,2891.9832258399056,255.0,259.0,0.0,12121632,6.230700000000001,1687.0,Oply,car
27878389,twoway,50339.0,54227.0,43312,380534,null,380534,7183.919563501525,582.0,205.0,0.0,12120652,6.660000000000001,3888.0,Oply,car
27859526,twoway,82068.0,82467.0,127904,369565,null,1484,1700.4301813904938,169.0,230.0,0.0,12096541,5.9422000000000015,399.0,Oply,car
27803022,twoway,77540.0,88068.0,108588,152242,null,152242,9178.66460081924,791.0,259.0,0.0,12133652,17.986999999999956,10528.0,Oply,car
33490035,twoway,51007.0,56549.0,456159,456157,null,456157,5730.084599936788,466.0,145.0,0.0,12103622,12.183999999999982,5542.0,Oply,car
34726521,twoway,46540.0,51304.0,498129,454386,null,454386,6461.267732199315,515.0,382.0,0.0,12122612,12.390500000000005,4764.0,Oply,car
28960673,twoway,59927.0,60171.0,467620,126200,null,440255,432.0541041969207,37.0,207.0,0.0,12104712,0.4132,244.0,Oply,car
28721633,twoway,71334.0,76664.0,257108,131665,null,131665,7265.0730405590775,609.0,98.0,0.0,12131613,12.368400000000035,5330.0,Oply,car
29281011,twoway,65411.0,73575.0,476663,90114,null,222465,5012.985524044512,417.0,1651.0,0.0,12102692,18.583000000000023,8164.0,Oply,car
29017550,twoway,19594.0,25728.0,487247,469756,null,469756,7943.7092527336845,759.0,234.0,0.0,12132671,11.809600000000005,6134.0,Oply,car
26880919,twoway,51799.0,61558.0,389093,87195,null,87195,12410.423301282652,878.0,149.0,0.0,12133621,18.450000000000024,9759.0,Oply,car
27445225,twoway,3288.0,35746.0,498129,454386,null,454386,48596.61882929025,2291.0,382.0,0.0,12122611,53.87430000000039,32458.0,Oply,car
30265930,twoway,61774.0,67735.0,419130,272361,null,272361,12083.187803367164,983.0,150.0,0.0,12102621,12.483600000000035,5961.0,Oply,car
29058491,twoway,52194.0,59420.0,440255,378375,null,378375,27346.367320716035,2016.0,795.0,0.0,12106611,12.355299999999984,7226.0,Oply,car
27937195,twoway,60222.0,65969.0,450264,409369,null,409369,4014.2754271556323,326.0,439.0,0.0,12121641,12.498000000000035,5747.0,Oply,car
27429421,twoway,53974.0,59135.0,280124,280126,null,280126,8663.230786018596,738.0,171.0,0.0,12103642,12.298400000000019,5161.0,Oply,car
27357950,twoway,70498.0,76910.0,61449,131675,null,257127,11633.879072010075,943.0,1841.0,0.0,12095571,12.392200000000038,6412.0,Oply,car
28497556,twoway,61007.0,61514.0,46022,440255,null,267467,2708.173608778747,228.0,279.0,0.0,12104712,6.2422000000000075,507.0,Oply,car
27526704,twoway,18955.0,47917.0,255282,255316,null,255316,24706.27932707617,1976.0,165.0,0.0,12132612,48.279900000000254,28962.0,Oply,car
26871562,twoway,70105.0,73731.0,7101,7103,null,7103,1620.962195098064,187.0,122.0,0.0,12120634,6.201000000000003,3626.0,Oply,car
27397456,twoway,59397.0,63705.0,281415,281413,null,281413,6058.800342933491,501.0,128.0,0.0,12102682,12.499700000000022,4308.0,Oply,car
31502089,twoway,13769.0,53358.0,257254,445439,null,445439,104839.83329106227,5745.0,1123.0,0.0,12133691,66.41359999999976,39589.0,Oply,car
30663772,twoway,40510.0,47110.0,81621,255488,null,255488,7958.752610414062,689.0,397.0,0.0,12103681,12.049499999999991,6600.0,Oply,car
27724934,twoway,4464.0,38304.0,282009,172623,null,172623,13041.234188323504,1070.0,144.0,0.0,12104671,59.9158000000003,33840.0,Oply,car
28769279,twoway,76835.0,77394.0,127362,16208,null,117806,2157.5375768847543,214.0,345.0,0.0,12107621,6.131999999999992,559.0,Oply,car
29874702,twoway,66460.0,70240.0,466218,59637,null,59637,5927.185732136948,619.0,209.0,0.0,12131632,6.4650000000000025,3780.0,Oply,car
29610542,twoway,71506.0,77426.0,382149,373984,null,373984,9653.991897935124,809.0,721.0,0.0,12104682,12.363300000000034,5920.0,Oply,car
29610543,twoway,43939.0,48370.0,382149,274193,null,274193,8862.519135243023,760.0,91.0,0.0,12133611,12.28860000000002,4431.0,Oply,car
28687111,twoway,42718.0,47292.0,316087,486024,null,486024,14720.7320987231,1236.0,401.0,0.0,12132663,12.204000000000017,4574.0,Oply,car
26903784,twoway,31626.0,42183.0,289774,289762,null,289762,8515.230465280361,766.0,290.0,0.0,12131642,18.127900000000036,10557.0,Oply,car
32707629,twoway,52422.0,56369.0,282009,172623,null,172623,6866.7324604121595,601.0,144.0,0.0,12104672,12.256799999999988,3947.0,Oply,car
27972643,twoway,60522.0,65951.0,175197,1384,null,1384,3869.4031976921065,325.0,121.0,0.0,12102641,12.498000000000038,5429.0,Oply,car
29103673,twoway,81136.0,84933.0,379094,370301,null,370301,2425.174187744526,253.0,519.0,0.0,12132681,6.288100000000002,3797.0,Oply,car
27152022,twoway,61905.0,62805.0,267287,222465,null,90114,2244.954213613564,198.0,702.0,0.0,12102692,6.2677000000000085,900.0,Oply,car
28104532,twoway,49608.0,55798.0,151011,320455,null,320455,10196.561174974919,910.0,135.0,0.0,12103612,12.219999999999986,6190.0,Oply,car
26812631,twoway,42470.0,45307.0,244181,244185,null,244185,8413.330876773278,712.0,160.0,0.0,12096532,5.999999999999995,2837.0,Oply,car
27379595,twoway,63434.0,69905.0,97168,484179,null,484179,3001.8269544752156,298.0,118.0,0.0,12121631,12.44999999999999,6471.0,Oply,car
28045874,twoway,67308.0,67563.0,126200,126200,null,413150,3069.001005461087,254.0,1.0,0.0,12104711,0.5165,255.0,Oply,car
27700195,twoway,71064.0,74630.0,476665,66928,null,66928,1386.772602722166,148.0,127.0,0.0,12108612,6.177200000000002,3566.0,Oply,car
32742233,twoway,61585.0,68045.0,321827,42301,null,42301,9488.903920605904,813.0,173.0,0.0,12104661,12.488400000000038,6460.0,Oply,car
27880711,twoway,82191.0,86007.0,460492,13928,null,13928,13549.464542695527,1121.0,165.0,0.0,12121611,6.3286000000000024,3816.0,Oply,car
26809327,twoway,64916.0,69947.0,370300,487115,null,487115,9095.472499291698,705.0,917.0,0.0,12132691,12.446700000000003,5031.0,Oply,car
29201599,twoway,70269.0,77588.0,440255,413150,null,126200,3906.4186654978275,374.0,2601.0,0.0,12104711,12.60390000000004,7319.0,Oply,car
28563091,twoway,53089.0,64187.0,460492,36125,null,36125,12456.330890345795,1041.0,1065.0,0.0,12133721,19.021200000000047,11098.0,Oply,car
29189504,twoway,65149.0,70804.0,281415,281413,null,281413,6693.767576856404,578.0,128.0,0.0,12102681,12.433500000000004,5655.0,Oply,car
28014482,twoway,54737.0,60673.0,151009,320455,null,320455,10291.361663906457,929.0,143.0,0.0,12103613,12.339600000000035,5936.0,Oply,car
26942319,twoway,15889.0,31511.0,27573,30901,null,30901,14853.94333777296,1184.0,625.0,0.0,12133711,29.806200000000036,15622.0,Oply,car
28560815,twoway,40802.0,46952.0,65774,281994,null,281994,8059.900909755477,725.0,161.0,0.0,12095581,12.065999999999997,6150.0,Oply,car
32582061,twoway,58133.0,64030.0,391664,172623,null,172623,5831.865847504121,484.0,191.0,0.0,12104674,12.535400000000019,5897.0,Oply,car
26841256,twoway,2127.0,5932.0,333278,316629,null,316629,6073.385521151941,503.0,368.0,0.0,12122631,6.1929000000000025,3805.0,Oply,car
28720334,twoway,55521.0,62052.0,476665,66928,null,66928,5862.043332739195,496.0,127.0,0.0,12108612,12.382500000000038,6531.0,Oply,car
28576961,twoway,9558.0,44946.0,450290,36249,null,36249,12206.872438291026,925.0,948.0,0.0,12111611,60.06030000000007,35388.0,Oply,car
27779882,twoway,50584.0,53582.0,255010,59637,null,59637,2475.888972524883,205.0,263.0,0.0,12131631,6.140100000000001,2998.0,Oply,car
26738200,twoway,60903.0,68233.0,79496,445439,null,445439,12208.938587062257,1002.0,201.0,0.0,12133692,12.704600000000045,7330.0,Oply,car
26738201,twoway,44866.0,54922.0,79496,445439,null,445439,16660.135989701317,1103.0,201.0,0.0,12133693,18.399000000000047,10056.0,Oply,car
29189507,twoway,57442.0,63439.0,281415,281413,null,281413,3679.856041267138,331.0,128.0,0.0,12102681,12.534000000000024,5997.0,Oply,car
34013823,twoway,7408.0,46843.0,267467,66928,null,66928,134466.2957403284,5043.0,171.0,0.0,12108611,66.0090000000001,39435.0,Oply,car
27186044,twoway,16245.0,47820.0,90114,16208,null,16208,5034.503132052085,414.0,616.0,0.0,12107621,54.04500000000013,31575.0,Oply,car
28588940,twoway,57382.0,65799.0,370300,370301,null,370301,2801.9293534489802,265.0,90.0,0.0,12132681,18.78480000000006,8417.0,Oply,car
28932186,twoway,84723.0,85305.0,299824,280126,null,7101,2912.497890505319,263.0,319.0,0.0,12103643,5.898000000000002,582.0,Oply,car
32823610,twoway,60732.0,67117.0,364077,373984,null,373984,5719.802655237134,491.0,117.0,0.0,12104681,12.498000000000042,6385.0,Oply,car
26921647,twoway,75593.0,76414.0,342717,337736,null,267467,2638.0375026845663,229.0,592.0,0.0,12102702,6.197999999999998,821.0,Oply,car
32801843,twoway,48316.0,58524.0,341841,13928,null,13928,11609.854846664306,897.0,179.0,0.0,12121611,18.483999999999966,10208.0,Oply,car
26769971,twoway,73606.0,79125.0,281926,373984,null,373984,7416.535428474741,647.0,560.0,0.0,12104681,12.3038,5519.0,Oply,car
26531740,twoway,61999.0,67985.0,243379,243383,null,243383,12486.035834594506,1046.0,168.0,0.0,12104631,12.47720000000003,5986.0,Oply,car
28304075,twoway,20535.0,26500.0,421149,454386,null,454386,3979.1781000923274,358.0,596.0,0.0,12122612,11.8164,5965.0,Oply,car
27591679,twoway,42666.0,48725.0,19642,36125,null,36125,9359.615054732043,840.0,223.0,0.0,12133722,12.204000000000017,6059.0,Oply,car
33753371,twoway,87932.0,88313.0,271533,272361,null,100067,2495.4809224823985,217.0,164.0,0.0,12102621,5.858000000000005,381.0,Oply,car
33288419,twoway,10566.0,41782.0,386772,280126,null,280126,6014.329977145821,504.0,560.0,0.0,12103641,54.08920000000001,31216.0,Oply,car
28021585,twoway,70134.0,77273.0,434340,79825,null,79825,14375.487872662132,1111.0,127.0,0.0,12120661,12.395800000000039,7139.0,Oply,car
28021586,twoway,71266.0,77059.0,434340,79825,null,79825,14564.263921389938,1119.0,127.0,0.0,12120662,12.370100000000036,5793.0,Oply,car
27889513,twoway,52735.0,59888.0,241416,301163,null,301163,1559.7930667562878,154.0,196.0,0.0,12133641,12.264799999999994,7153.0,Oply,car
28021587,twoway,64420.0,70419.0,434340,79825,null,79825,14938.11892380665,1177.0,127.0,0.0,12120662,12.449999999999994,5999.0,Oply,car
28625941,twoway,58040.0,67348.0,391664,172623,null,172623,7066.047804704714,582.0,191.0,0.0,12104673,18.76300000000006,9308.0,Oply,car
26835393,twoway,65887.0,73017.0,442311,42301,null,42301,8768.689985073597,760.0,331.0,0.0,12104662,12.390600000000001,7130.0,Oply,car
26808914,twoway,54028.0,59657.0,323482,403375,null,403375,6061.443765467826,545.0,143.0,0.0,12132641,12.30000000000002,5629.0,Oply,car
26790781,twoway,82683.0,83742.0,190666,66928,null,94799,7473.231804180306,642.0,417.0,0.0,12108612,5.9048000000000025,1059.0,Oply,car
31128650,twoway,79731.0,84712.0,342717,195830,null,408992,1726.5189550353473,159.0,4822.0,0.0,12104711,11.935400000000007,4981.0,Oply,car
