personID,carsharingType,startTime,endTIme,startLink,pickupLink,dropoffLink,endLink,distance,inVehicleTime,accessTime,egressTime,vehicleID,cost,bookingTime,companyID,vehicleType
28009595,twoway,35177.0,52980.0,444829,445439,null,445439,6650.782712890259,560.0,817.0,0.0,12133692,30.498000000000086,17803.0,Oply,car
29374161,twoway,31788.0,37216.0,356662,274193,null,274193,7217.245524356324,664.0,178.0,0.0,12133612,12.131300000000017,5428.0,Oply,car
27518969,twoway,62833.0,69210.0,87197,87195,null,87195,17039.54678289239,1329.0,171.0,0.0,12133622,12.454800000000002,6377.0,Oply,car
26531738,twoway,35488.0,47014.0,243379,243383,null,243383,12556.838126648654,1034.0,168.0,0.0,12104632,24.318300000000033,11526.0,Oply,car
27714263,twoway,53262.0,59002.0,286607,337736,null,337736,2466.509065699978,256.0,139.0,0.0,12102702,12.279200000000005,5740.0,Oply,car
26531737,twoway,68440.0,69095.0,316616,126200,null,243379,6080.027091440207,523.0,132.0,0.0,12104712,6.2010000000000085,655.0,Oply,car
27941778,twoway,61991.0,64814.0,186275,126200,null,126200,1388.4536732175247,124.0,135.0,0.0,12104713,6.271100000000009,2823.0,Oply,car
28704786,twoway,9243.0,36688.0,280055,320455,null,320455,7318.102341265547,605.0,234.0,0.0,12103611,48.05179999999991,27445.0,Oply,car
26863191,twoway,10260.0,41765.0,993,30901,null,30901,13550.607413796046,1033.0,786.0,0.0,12133711,54.08069999999999,31505.0,Oply,car
27076531,twoway,71215.0,71926.0,425787,42301,null,288069,4873.242142577192,362.0,349.0,0.0,12104662,6.173800000000002,711.0,Oply,car
27838401,twoway,39415.0,49384.0,8869,8897,null,8897,3635.4919932285434,389.0,181.0,0.0,12133632,18.229000000000006,9969.0,Oply,car
27404167,twoway,63059.0,70233.0,134304,337736,null,337736,3667.6066006256533,363.0,436.0,0.0,12102701,12.449999999999996,7174.0,Oply,car
31574958,twoway,82132.0,87768.0,61449,257127,null,257127,3035.3976888033276,306.0,156.0,0.0,12095572,11.836800000000006,5636.0,Oply,car
27711422,twoway,69919.0,70619.0,444459,7103,null,37224,3958.319466693262,287.0,413.0,0.0,12120631,6.201000000000002,700.0,Oply,car
27820663,twoway,1386.0,28618.0,500682,423936,null,423936,15653.387722906222,1263.0,288.0,0.0,12102631,47.71890000000041,27232.0,Oply,car
27139995,twoway,61980.0,66039.0,8869,8897,null,8897,2669.5944218821783,279.0,181.0,0.0,12133632,12.47720000000003,4059.0,Oply,car
33635719,twoway,42654.0,51524.0,382149,274193,null,274193,8806.97686767011,785.0,91.0,0.0,12133611,18.382000000000065,8870.0,Oply,car
26863856,twoway,13490.0,28513.0,370300,370301,null,370301,26460.8127673667,2172.0,90.0,0.0,12132681,29.92699999999992,15023.0,Oply,car
26992920,twoway,54101.0,58118.0,294765,403375,null,403375,4397.22357513627,442.0,141.0,0.0,12132641,12.303300000000021,4017.0,Oply,car
26691992,twoway,76839.0,83682.0,13015,36125,null,36125,6421.679941306005,629.0,390.0,0.0,12133721,12.148999999999974,6843.0,Oply,car
28560801,twoway,68503.0,73817.0,363789,222465,null,222465,2787.473221989407,229.0,777.0,0.0,12102693,12.352600000000027,5314.0,Oply,car
28665783,twoway,71763.0,72487.0,444375,7103,null,255282,4735.626996969674,394.0,330.0,0.0,12120633,6.1568,724.0,Oply,car
28161672,twoway,56845.0,64159.0,391664,172623,null,172623,4745.674241291074,418.0,191.0,0.0,12104671,12.69400000000003,7314.0,Oply,car
28008802,twoway,55224.0,61761.0,354404,474619,null,474619,14667.482150209315,1211.0,146.0,0.0,12105613,12.366000000000037,6537.0,Oply,car
29312809,twoway,62726.0,78425.0,342369,13762,null,13762,100886.08602529355,4931.0,364.0,0.0,12133682,30.964500000000157,15699.0,Oply,car
32107184,twoway,71204.0,79716.0,175197,257127,null,257127,2129.763219065223,195.0,857.0,0.0,12095571,18.445200000000067,8512.0,Oply,car
28027346,twoway,40101.0,45561.0,460492,13928,null,13928,5486.879672314715,463.0,165.0,0.0,12121611,12.026399999999983,5460.0,Oply,car
29312807,twoway,18256.0,43340.0,342369,13762,null,13762,100886.08602529355,4931.0,364.0,0.0,12133681,41.93920000000023,25084.0,Oply,car
26964562,twoway,65339.0,71692.0,487114,487115,null,487115,6928.636702004577,519.0,117.0,0.0,12132691,12.423600000000006,6353.0,Oply,car
34462705,twoway,72613.0,78885.0,125553,105073,null,105073,4757.136902809995,369.0,142.0,0.0,12096523,12.331000000000019,6272.0,Oply,car
27502285,twoway,58867.0,63659.0,220140,274193,null,274193,6763.09489595625,607.0,139.0,0.0,12133613,12.513300000000019,4792.0,Oply,car
33008747,twoway,62861.0,68500.0,105073,105073,null,105073,6364.361378310297,528.0,1.0,0.0,12096521,12.454800000000002,5639.0,Oply,car
33262080,twoway,48362.0,52040.0,257108,131665,null,131665,9021.933194604602,751.0,98.0,0.0,12131611,6.352299999999999,3678.0,Oply,car
26699107,twoway,66961.0,75419.0,321827,42301,null,42301,8761.21374514457,763.0,173.0,0.0,12104661,18.549000000000046,8458.0,Oply,car
29658511,twoway,31683.0,42240.0,254293,254295,null,254295,7151.98105100855,609.0,165.0,0.0,12102662,18.129600000000035,10557.0,Oply,car
29838166,twoway,75412.0,79163.0,440255,126200,null,126200,1242.0828296979575,128.0,127.0,0.0,12104714,6.507899999999998,3751.0,Oply,car
28126198,twoway,52316.0,62033.0,60517,289762,null,289762,15513.031766455293,1431.0,318.0,0.0,12131641,18.453300000000034,9717.0,Oply,car
32289422,twoway,44209.0,52627.0,354404,474619,null,474619,12115.774086851157,1069.0,146.0,0.0,12105612,18.39900000000005,8418.0,Oply,car
27461086,twoway,67338.0,72704.0,165624,257127,null,257127,1617.0267232080887,140.0,883.0,0.0,12095572,12.351000000000003,5366.0,Oply,car
26951903,twoway,70369.0,75784.0,105073,105073,null,105073,7692.574924069827,612.0,1.0,0.0,12096522,12.395600000000037,5415.0,Oply,car
29776267,twoway,22355.0,33215.0,60517,289762,null,289762,19382.68956478297,1642.0,318.0,0.0,12131641,17.916399999999992,10860.0,Oply,car
26814681,twoway,71480.0,79144.0,165624,109148,null,109148,6599.287372225392,578.0,933.0,0.0,12121622,18.428700000000056,7664.0,Oply,car
27770972,twoway,69062.0,79331.0,460492,13928,null,13928,8328.054863360165,682.0,165.0,0.0,12121611,18.530300000000096,10269.0,Oply,car
27611475,twoway,50490.0,56167.0,65774,281994,null,281994,7624.3833207880725,656.0,161.0,0.0,12095583,12.153399999999982,5677.0,Oply,car
27609177,twoway,69798.0,75586.0,294765,403375,null,403375,7936.169149694688,688.0,141.0,0.0,12132642,12.387800000000038,5788.0,Oply,car
27770973,twoway,37895.0,47697.0,460492,13928,null,13928,4143.479191603002,336.0,165.0,0.0,12121612,18.10399999999999,9802.0,Oply,car
27619637,twoway,75322.0,80484.0,281928,274193,null,274193,5035.378460221864,466.0,89.0,0.0,12133612,12.256999999999968,5162.0,Oply,car
27619638,twoway,45654.0,49436.0,281928,274193,null,274193,4924.50517170974,491.0,89.0,0.0,12133612,6.464000000000005,3782.0,Oply,car
26934002,twoway,55189.0,63961.0,280124,280126,null,280126,6434.524507273471,543.0,171.0,0.0,12103642,18.644000000000066,8772.0,Oply,car
29838398,twoway,61223.0,68122.0,228879,126200,null,126200,8637.371578779175,760.0,191.0,0.0,12104711,12.498000000000046,6899.0,Oply,car
26934003,twoway,66845.0,72178.0,280124,280126,null,280126,2025.9833556048663,193.0,171.0,0.0,12103641,12.350999999999996,5333.0,Oply,car
26934001,twoway,54333.0,59990.0,280124,280126,null,280126,8087.312242405727,687.0,171.0,0.0,12103641,12.316500000000026,5657.0,Oply,car
32287260,twoway,73015.0,79819.0,316616,243379,null,433359,3960.506092905229,307.0,6497.0,0.0,12104712,12.320800000000013,6804.0,Oply,car
28154651,twoway,53831.0,59333.0,257108,131665,null,131665,4858.008451919579,451.0,98.0,0.0,12131612,12.295200000000017,5502.0,Oply,car
28154652,twoway,61501.0,68016.0,257108,131665,null,131665,2472.169724756712,270.0,98.0,0.0,12131611,12.49000000000004,6515.0,Oply,car
28151382,twoway,76588.0,79998.0,126200,267467,null,380434,4958.635707174781,426.0,2984.0,0.0,12104711,6.145199999999993,3410.0,Oply,car
26628524,twoway,12428.0,35030.0,13015,36125,null,36125,19543.479080653786,1721.0,390.0,0.0,12133721,42.0860999999999,22602.0,Oply,car
27155595,twoway,71104.0,78160.0,172623,172623,null,172623,6551.799355138058,590.0,1.0,0.0,12104671,12.373500000000035,7056.0,Oply,car
29436393,twoway,61140.0,65256.0,370300,370301,null,370301,9200.933860838037,796.0,90.0,0.0,12132681,12.498000000000046,4116.0,Oply,car
28662617,twoway,45408.0,48901.0,476663,222465,null,222465,6547.92316500552,546.0,848.0,0.0,12102691,6.129000000000002,3493.0,Oply,car
28285340,twoway,75387.0,82099.0,403854,211949,null,211949,12880.018506496755,993.0,999.0,0.0,12122641,12.255399999999968,6712.0,Oply,car
27581445,twoway,19468.0,25948.0,97168,484179,null,484179,14222.774906589064,983.0,118.0,0.0,12121631,11.816400000000005,6480.0,Oply,car
27581443,twoway,27808.0,35449.0,97168,484179,null,484179,15653.252303880212,1306.0,118.0,0.0,12121631,18.09900000000001,7641.0,Oply,car
27581444,twoway,30668.0,36240.0,97168,7103,null,7103,14277.861780990483,1066.0,914.0,0.0,12120632,12.100700000000016,5572.0,Oply,car
32837292,twoway,36903.0,42264.0,356662,274193,null,274193,3043.937473850612,309.0,178.0,0.0,12133613,12.049499999999973,5361.0,Oply,car
27946745,twoway,10230.0,34374.0,331193,254295,null,254295,7561.322061520205,728.0,567.0,0.0,12102661,41.96299999999995,24144.0,Oply,car
28021956,twoway,66462.0,71850.0,421149,410043,null,410043,3040.2796345419956,254.0,127.0,0.0,12096511,12.360899999999994,5388.0,Oply,car
27291228,twoway,22385.0,32125.0,22094,87195,null,87195,8526.335080958577,747.0,932.0,0.0,12133621,17.818099999999994,9740.0,Oply,car
27293642,twoway,35757.0,41990.0,27819,30901,null,30901,11873.122690274153,919.0,681.0,0.0,12133713,12.10749999999997,6233.0,Oply,car
27006343,twoway,4192.0,10262.0,141142,152242,null,152242,8049.127411980421,650.0,471.0,0.0,12133651,11.811300000000001,6070.0,Oply,car
28111597,twoway,62426.0,63322.0,993,30901,null,993,736.0479544591594,110.0,786.0,0.0,12133713,6.283000000000008,896.0,Oply,car
32169882,twoway,68500.0,73419.0,421149,454386,null,454386,10679.55076322163,900.0,596.0,0.0,12122612,12.352600000000027,4919.0,Oply,car
26808788,twoway,80408.0,83804.0,81621,254295,null,254295,1002.8267765786858,127.0,147.0,0.0,12102661,6.017000000000002,3396.0,Oply,car
28637897,twoway,80742.0,84267.0,46022,408992,null,96576,4575.811485089019,371.0,3154.0,0.0,12104713,6.008500000000002,3525.0,Oply,car
29317060,twoway,52085.0,59487.0,186275,126200,null,126200,957.9799598653508,92.0,135.0,0.0,12104714,12.561899999999984,7402.0,Oply,car
32840598,twoway,53925.0,60737.0,87197,87195,null,87195,17281.60712756984,1344.0,171.0,0.0,12133622,12.296800000000017,6812.0,Oply,car
33645289,twoway,62428.0,73210.0,460492,13928,null,13928,5441.703285360522,463.0,165.0,0.0,12121613,18.66700000000004,10782.0,Oply,car
31882953,twoway,47365.0,53202.0,422625,30901,null,30901,7243.061041346581,630.0,123.0,0.0,12133711,12.369299999999981,5837.0,Oply,car
28052230,twoway,72924.0,78921.0,1825,1825,null,1825,10989.225933546937,948.0,1.0,0.0,12107641,12.322500000000014,5997.0,Oply,car
31136697,twoway,32623.0,42690.0,415458,153654,null,153654,6856.1518887285265,645.0,198.0,0.0,12103672,18.150000000000016,10067.0,Oply,car
31882954,twoway,40916.0,42547.0,422625,30901,null,30901,10905.995733881347,851.0,123.0,0.0,12133712,5.999999999999995,1631.0,Oply,car
26693570,twoway,79039.0,85875.0,286148,286148,null,286148,24364.61788993362,1492.0,1.0,0.0,12131682,11.964000000000008,6836.0,Oply,car
29317059,twoway,66319.0,71622.0,186275,126200,null,126200,957.9799598653508,92.0,135.0,0.0,12104714,12.367499999999996,5303.0,Oply,car
29612570,twoway,72482.0,72718.0,342364,13762,null,488928,2290.6063895723346,185.0,51.0,0.0,12133683,0.3051,236.0,Oply,car
29150141,twoway,83365.0,84002.0,94475,66928,null,255099,2483.461694841022,231.0,406.0,0.0,12108613,5.898000000000002,637.0,Oply,car
28479717,twoway,54882.0,58012.0,501129,501127,null,501127,2388.70678813989,216.0,297.0,0.0,12133672,6.0938,3130.0,Oply,car
27414026,twoway,32443.0,35043.0,367895,8897,null,8897,2935.112643997933,294.0,311.0,0.0,12133632,6.051000000000005,2600.0,Oply,car
27359048,twoway,8316.0,40919.0,367895,8897,null,8897,12585.160316063071,1031.0,311.0,0.0,12133631,54.324600000000004,32603.0,Oply,car
27014091,twoway,81479.0,81846.0,168485,153654,null,296749,1996.9342547595584,181.0,186.0,0.0,12103672,5.976200000000001,367.0,Oply,car
27936841,twoway,48418.0,54754.0,476663,66928,null,66928,1676.6913470522288,201.0,177.0,0.0,12108613,12.313199999999979,6336.0,Oply,car
29874657,twoway,68556.0,68821.0,244189,244185,null,280124,1541.1213224189255,161.0,104.0,0.0,12096533,0.5085,265.0,Oply,car
27903046,twoway,9915.0,49755.0,186275,126200,null,126200,231071.19787035775,9673.0,135.0,0.0,12104711,66.66450000000013,39840.0,Oply,car
34693504,twoway,40401.0,46154.0,423291,20711,null,20711,8252.27258629158,878.0,120.0,0.0,12132621,12.042899999999989,5753.0,Oply,car
28920154,twoway,43770.0,49686.0,7101,7103,null,7103,11272.895570031578,856.0,122.0,0.0,12120633,12.278700000000018,5916.0,Oply,car
27514105,twoway,33486.0,41931.0,192706,281994,null,281994,8190.175595603937,694.0,695.0,0.0,12095582,18.150000000000002,8445.0,Oply,car
27051499,twoway,57649.0,63730.0,79823,79825,null,79825,14515.97303106275,1107.0,112.0,0.0,12120662,12.549000000000023,6081.0,Oply,car
26675332,twoway,9216.0,41634.0,243379,243383,null,243383,3194.020370445553,304.0,168.0,0.0,12104631,54.05009999999999,32418.0,Oply,car
28751477,twoway,77765.0,81593.0,65774,281994,null,281994,6658.567116356582,600.0,161.0,0.0,12095583,6.394499999999996,3828.0,Oply,car
26918639,twoway,81583.0,81870.0,316616,126200,null,373443,1637.2615713326031,155.0,132.0,0.0,12104714,0.5085,287.0,Oply,car
27090278,twoway,51067.0,56493.0,341841,13928,null,13928,3434.245704138504,265.0,179.0,0.0,12121611,12.187399999999982,5426.0,Oply,car
33015509,twoway,2505.0,8758.0,117775,110,null,110,9782.843811952343,824.0,464.0,0.0,12103631,11.796000000000005,6253.0,Oply,car
28716384,twoway,74055.0,80224.0,343630,281994,null,281994,7856.7789701678585,695.0,439.0,0.0,12095581,12.29059999999999,6169.0,Oply,car
27981722,twoway,73880.0,79395.0,356662,274193,null,274193,8485.558725546554,783.0,178.0,0.0,12133611,12.295399999999995,5515.0,Oply,car
27056719,twoway,20080.0,30678.0,97168,484179,null,484179,9862.438702765363,823.0,118.0,0.0,12121632,17.796000000000003,10598.0,Oply,car
29700592,twoway,70193.0,72149.0,379132,370301,null,370301,8873.759247207603,722.0,115.0,0.0,12132681,6.201000000000003,1956.0,Oply,car
29130643,twoway,1392.0,37164.0,425793,286148,null,286148,28405.67545408033,1921.0,477.0,0.0,12131681,59.794800000000485,35772.0,Oply,car
27021081,twoway,72490.0,78385.0,280126,280126,null,280126,11690.624642696937,1039.0,1.0,0.0,12103643,12.334400000000022,5895.0,Oply,car
26691130,twoway,6565.0,42576.0,362976,282876,null,282876,13087.809895859611,1037.0,409.0,0.0,12102671,59.97530000000018,36011.0,Oply,car
27820616,twoway,12035.0,47908.0,39770,66928,null,66928,10242.631884714345,827.0,632.0,0.0,12108611,60.16200000000006,35873.0,Oply,car
28160720,twoway,13804.0,49025.0,258131,139511,null,139511,22590.173939537308,1683.0,385.0,0.0,12104691,60.22899999999997,35221.0,Oply,car
29553322,twoway,63908.0,69787.0,280124,280126,null,280126,6449.378257346295,564.0,171.0,0.0,12103643,12.449999999999985,5879.0,Oply,car
27387271,twoway,76228.0,79882.0,460492,13928,null,13928,6723.973941259363,514.0,165.0,0.0,12121612,6.264999999999994,3654.0,Oply,car
29553323,twoway,78302.0,79186.0,280124,280126,null,280126,6607.687252148075,568.0,171.0,0.0,12103641,6.075000000000001,884.0,Oply,car
32265607,twoway,13648.0,46195.0,37224,79825,null,79825,10340.615896112115,890.0,305.0,0.0,12120661,54.239900000000084,32547.0,Oply,car
32948392,twoway,52222.0,56903.0,460492,13928,null,13928,9297.65348068688,729.0,165.0,0.0,12121613,12.251999999999985,4681.0,Oply,car
28876964,twoway,38012.0,45318.0,341841,13928,null,13928,8281.956216711958,646.0,179.0,0.0,12121613,12.199999999999973,7306.0,Oply,car
28506439,twoway,59377.0,63771.0,267467,254295,null,254295,9272.393533875967,807.0,977.0,0.0,12102663,12.499700000000022,4394.0,Oply,car
27339817,twoway,60135.0,66034.0,172993,456157,null,456157,9796.294343985233,818.0,107.0,0.0,12103621,12.498000000000033,5899.0,Oply,car
26937102,twoway,72734.0,78860.0,254293,254295,null,254295,3558.46041118363,318.0,165.0,0.0,12102662,12.327600000000018,6126.0,Oply,car
32367789,twoway,72232.0,76441.0,421149,410043,null,410043,2905.8158249821945,264.0,127.0,0.0,12096511,12.342900000000029,4209.0,Oply,car
27178172,twoway,77573.0,83302.0,125553,105073,null,105073,4738.840219680109,370.0,142.0,0.0,12096521,12.08899999999999,5729.0,Oply,car
27030498,twoway,11613.0,49184.0,402707,7103,null,7103,221953.3059555248,9077.0,502.0,0.0,12120631,66.38790000000009,37571.0,Oply,car
27050544,twoway,82332.0,82583.0,131665,131665,null,419114,3110.4759644366577,250.0,1.0,0.0,12131612,0.4068,251.0,Oply,car
27905719,twoway,56370.0,60179.0,255282,255316,null,255316,8726.735305980143,683.0,165.0,0.0,12132611,6.5406,3809.0,Oply,car
34974198,twoway,65685.0,76250.0,379132,370301,null,370301,17267.458728237514,1228.0,115.0,0.0,12132683,18.57620000000003,10565.0,Oply,car
29051821,twoway,46306.0,50928.0,460492,13928,null,13928,2905.3688533084305,231.0,165.0,0.0,12121613,12.383700000000012,4622.0,Oply,car
27008203,twoway,67557.0,74966.0,282261,245646,null,245646,5533.176017806521,448.0,446.0,0.0,12131661,12.76420000000001,7409.0,Oply,car
27149052,twoway,73353.0,74178.0,185953,119231,null,389729,6434.938079179863,430.0,395.0,0.0,12133661,6.185199999999997,825.0,Oply,car
29083410,twoway,21812.0,29113.0,134304,337736,null,337736,111612.91000955008,4291.0,436.0,0.0,12102701,12.05209999999999,7301.0,Oply,car
28506440,twoway,71885.0,77344.0,267467,66928,null,66928,6234.629711870294,555.0,171.0,0.0,12108611,12.351400000000034,5459.0,Oply,car
35031325,twoway,78867.0,79766.0,270940,153662,null,276589,1966.6290476530514,172.0,727.0,0.0,12103661,6.060600000000004,899.0,Oply,car
27305231,twoway,55973.0,65408.0,8200,378375,null,378375,9098.769171139807,697.0,141.0,0.0,12106611,18.70560000000006,9435.0,Oply,car
29699359,twoway,51513.0,61066.0,370300,370301,null,370301,4531.407476613868,398.0,90.0,0.0,12132682,18.45000000000002,9553.0,Oply,car
27258177,twoway,72193.0,80426.0,460492,36125,null,36125,8117.441793394822,722.0,1065.0,0.0,12133722,18.38880000000003,8233.0,Oply,car
27885453,twoway,74981.0,82098.0,460492,13928,null,13928,6667.316584206356,574.0,165.0,0.0,12121613,12.266599999999972,7117.0,Oply,car
26710753,twoway,15290.0,46634.0,341904,486024,null,486024,24193.496915184794,1788.0,1014.0,0.0,12132661,54.01940000000015,31344.0,Oply,car
29832428,twoway,9608.0,50017.0,281750,153654,null,153654,227173.59134553993,9603.0,1045.0,0.0,12103671,72.42700000000029,40409.0,Oply,car
29145679,twoway,68346.0,73944.0,356662,274193,null,274193,5516.827510491753,491.0,178.0,0.0,12133613,12.351000000000026,5598.0,Oply,car
28114293,twoway,16482.0,55824.0,465470,59637,null,59637,241776.5911584181,10438.0,358.0,0.0,12131631,66.34499999999987,39342.0,Oply,car
28176764,twoway,78508.0,83835.0,98440,316629,null,316629,6503.859234504115,535.0,158.0,0.0,12122631,12.009000000000007,5327.0,Oply,car
26725247,twoway,77791.0,78278.0,180209,423936,null,256822,2535.4579881974755,212.0,275.0,0.0,12102631,6.089399999999996,487.0,Oply,car
27578650,twoway,61547.0,67428.0,20711,20711,null,20711,17039.715934578016,1170.0,1.0,0.0,12132622,12.49000000000004,5881.0,Oply,car
27264705,twoway,70593.0,70865.0,316616,126200,null,78898,1764.576297379897,140.0,132.0,0.0,12104711,0.525,272.0,Oply,car
26793058,twoway,51516.0,55705.0,8869,8897,null,8897,2645.1050170786334,293.0,181.0,0.0,12133631,12.21119999999998,4189.0,Oply,car
27281040,twoway,64510.0,71980.0,125455,244185,null,244185,11291.893881211432,885.0,136.0,0.0,12096532,12.87,7470.0,Oply,car
29374788,twoway,65399.0,71774.0,175197,1384,null,1384,782.1099817951717,97.0,121.0,0.0,12102642,12.420300000000005,6375.0,Oply,car
27714563,twoway,76041.0,83034.0,125553,105073,null,105073,4066.4518398930973,316.0,142.0,0.0,12096524,12.213999999999965,6993.0,Oply,car
29549838,twoway,10196.0,31272.0,131721,410043,null,410043,4651.084470920611,379.0,630.0,0.0,12096511,35.94599999999987,21076.0,Oply,car
26803144,twoway,17214.0,23377.0,362976,281994,null,281994,6778.886936179861,567.0,532.0,0.0,12095581,11.921800000000006,6163.0,Oply,car
31116870,twoway,37662.0,37889.0,153652,153654,null,272414,715.430768276113,91.0,136.0,0.0,12103673,0.40990000000000004,227.0,Oply,car
27269838,twoway,66989.0,71227.0,409844,139511,null,139511,1090.6796942464955,103.0,172.0,0.0,12104691,12.350999999999997,4238.0,Oply,car
27695237,twoway,75797.0,79477.0,409816,139511,null,139511,3345.846866523157,290.0,185.0,0.0,12104691,6.2880999999999965,3680.0,Oply,car
29313639,twoway,13555.0,45742.0,291599,281413,null,281413,18002.909257558484,1324.0,338.0,0.0,12102681,54.04650000000008,32187.0,Oply,car
27859526,twoway,89069.0,89468.0,127904,369565,null,1484,1700.4301813904938,169.0,230.0,0.0,12096541,5.8276,399.0,Oply,car
28709493,twoway,91258.0,91886.0,36588,13928,null,421149,3344.8867217809347,257.0,371.0,0.0,12121612,5.802,628.0,Oply,car
27803022,twoway,75435.0,87197.0,108588,152242,null,152242,9178.66460081924,789.0,259.0,0.0,12133652,24.059999999999825,11762.0,Oply,car
27669776,twoway,66602.0,73731.0,267467,66928,null,66928,6234.629711870294,559.0,171.0,0.0,12108613,12.350999999999992,7129.0,Oply,car
28960673,twoway,51646.0,54360.0,440255,126200,null,126200,957.9799598653508,92.0,127.0,0.0,12104713,6.083999999999994,2714.0,Oply,car
28721633,twoway,66487.0,74308.0,257108,131665,null,131665,7265.0730405590775,609.0,98.0,0.0,12131612,18.552400000000038,7821.0,Oply,car
29281011,twoway,63939.0,70649.0,476663,66928,null,66928,6728.178849874631,565.0,177.0,0.0,12108611,12.449999999999985,6710.0,Oply,car
26736115,twoway,54842.0,61524.0,61447,257127,null,257127,12266.231615726972,982.0,174.0,0.0,12095571,12.346200000000035,6682.0,Oply,car
29017550,twoway,20958.0,26887.0,487247,469756,null,469756,7943.7092527336845,759.0,234.0,0.0,12132671,11.828299999999997,5929.0,Oply,car
26880919,twoway,55196.0,61047.0,389093,87195,null,87195,12208.789937420013,878.0,149.0,0.0,12133621,12.362700000000038,5851.0,Oply,car
27481502,twoway,7570.0,36540.0,144238,153662,null,153662,4874.360762830709,432.0,862.0,0.0,12103661,48.23490000000003,28970.0,Oply,car
33046421,twoway,70505.0,73407.0,66928,66928,null,66928,5194.037348883757,452.0,1.0,0.0,12108612,6.1925000000000034,2902.0,Oply,car
27837361,twoway,18262.0,22115.0,135310,474619,null,474619,3366.739308028085,322.0,421.0,0.0,12105611,6.379600000000002,3853.0,Oply,car
27445225,twoway,14385.0,35178.0,498129,454386,null,454386,48596.61882929025,2291.0,382.0,0.0,12122611,35.89960000000001,20793.0,Oply,car
27401242,twoway,35395.0,47187.0,186265,126200,null,126200,2479.4362128017938,244.0,266.0,0.0,12104712,24.311700000000037,11792.0,Oply,car
27494072,twoway,45359.0,59417.0,132633,320455,null,320455,10741.49680246119,870.0,104.0,0.0,12103612,24.616500000000084,14058.0,Oply,car
29058491,twoway,56354.0,60646.0,440255,126200,null,126200,26682.875668806348,1975.0,127.0,0.0,12104712,12.444000000000031,4292.0,Oply,car
27937195,twoway,60497.0,64152.0,450264,409369,null,409369,4014.2754271556323,326.0,439.0,0.0,12121641,6.333600000000007,3655.0,Oply,car
29694306,twoway,67184.0,72932.0,81621,254295,null,254295,8186.179233421954,716.0,147.0,0.0,12102661,12.350999999999999,5748.0,Oply,car
34356365,twoway,62638.0,68593.0,476663,222465,null,222465,5969.154837498967,475.0,848.0,0.0,12102692,12.46120000000001,5955.0,Oply,car
27630414,twoway,56540.0,56973.0,287960,337736,null,363789,2271.5142832593897,198.0,235.0,0.0,12102703,6.2406,433.0,Oply,car
27570300,twoway,58290.0,64595.0,267467,66928,null,66928,4909.934479051149,415.0,171.0,0.0,12108613,12.530300000000016,6305.0,Oply,car
27357950,twoway,73750.0,79409.0,61449,257127,null,257127,13555.25736267841,1107.0,156.0,0.0,12095572,12.298699999999998,5659.0,Oply,car
28497556,twoway,56667.0,59752.0,267467,66928,null,66928,5194.037348883757,451.0,171.0,0.0,12108612,6.247199999999999,3085.0,Oply,car
27410516,twoway,70741.0,71698.0,36012,8897,null,257303,6009.483680677093,522.0,435.0,0.0,12133631,6.185700000000003,957.0,Oply,car
32950700,twoway,46911.0,48858.0,60517,289762,null,289762,15881.022470232954,1293.0,318.0,0.0,12131642,6.249000000000008,1947.0,Oply,car
27619635,twoway,61837.0,67089.0,281928,274193,null,274193,7032.688710334543,603.0,89.0,0.0,12133612,12.482000000000033,5252.0,Oply,car
26871562,twoway,69485.0,72776.0,7101,7103,null,7103,1620.962195098064,187.0,122.0,0.0,12120632,6.201000000000003,3291.0,Oply,car
29874703,twoway,56822.0,58342.0,466218,59637,null,59637,10724.41363876615,821.0,209.0,0.0,12131632,6.257099999999999,1520.0,Oply,car
31502089,twoway,20906.0,52367.0,257254,445439,null,445439,104839.83329106227,5745.0,1123.0,0.0,12133691,54.3042,31461.0,Oply,car
27176454,twoway,61921.0,66724.0,382149,274193,null,274193,2527.185766025579,287.0,91.0,0.0,12133611,12.478800000000032,4803.0,Oply,car
28218398,twoway,60785.0,67210.0,267467,66928,null,66928,4909.934479051149,420.0,171.0,0.0,12108612,12.498000000000042,6425.0,Oply,car
28071943,twoway,67044.0,73540.0,363801,172623,null,172623,9837.47794353908,920.0,224.0,0.0,12104673,12.350999999999997,6496.0,Oply,car
29366190,twoway,10832.0,43516.0,96576,244185,null,244185,10819.209244214533,836.0,256.0,0.0,12096531,54.59600000000003,32684.0,Oply,car
27972643,twoway,65138.0,71964.0,175197,1384,null,1384,3869.4031976921065,325.0,121.0,0.0,12102641,12.433500000000004,6826.0,Oply,car
29103673,twoway,81189.0,84991.0,379094,370301,null,370301,2425.174187744526,253.0,519.0,0.0,12132681,6.284700000000002,3802.0,Oply,car
28104532,twoway,51123.0,55927.0,151011,320455,null,320455,10228.244836793117,905.0,135.0,0.0,12103613,12.190799999999982,4804.0,Oply,car
27379595,twoway,62066.0,67407.0,97168,484179,null,484179,3001.8269544752156,298.0,118.0,0.0,12121632,12.475600000000028,5341.0,Oply,car
27078343,twoway,52160.0,52854.0,390166,145569,null,390166,900.4229067030033,79.0,615.0,0.0,12102611,6.054299999999994,694.0,Oply,car
27169370,twoway,51298.0,57156.0,229018,414631,null,414631,10075.38505046245,812.0,91.0,0.0,12120621,12.197599999999982,5858.0,Oply,car
27880711,twoway,84064.0,90463.0,460492,13928,null,13928,13174.811930594222,1121.0,165.0,0.0,12121611,11.762400000000008,6399.0,Oply,car
28563090,twoway,57936.0,58939.0,460492,13928,null,13928,10017.008115949788,807.0,165.0,0.0,12121613,6.282999999999999,1003.0,Oply,car
26809327,twoway,65406.0,73242.0,370300,370301,null,370301,7513.135494941704,572.0,90.0,0.0,12132682,18.583000000000023,7836.0,Oply,car
29201599,twoway,68933.0,73903.0,440255,126200,null,126200,1493.2078795547,148.0,127.0,0.0,12104713,12.363800000000037,4970.0,Oply,car
29189505,twoway,54748.0,60950.0,281415,281413,null,281413,3661.8044981851017,293.0,128.0,0.0,12102682,12.339600000000035,6202.0,Oply,car
28563091,twoway,57337.0,60888.0,460492,13928,null,13928,13449.765402809227,1034.0,165.0,0.0,12121611,6.283499999999999,3551.0,Oply,car
33250299,twoway,56105.0,62942.0,66928,66928,null,66928,24260.932753719637,1720.0,1.0,0.0,12108611,12.424000000000033,6837.0,Oply,car
31066366,twoway,56181.0,62730.0,376896,486024,null,486024,14348.376196676585,1263.0,230.0,0.0,12132663,12.429000000000032,6549.0,Oply,car
26942319,twoway,19383.0,30128.0,27573,30901,null,30901,14853.94333777296,1184.0,625.0,0.0,12133712,17.80790000000002,10745.0,Oply,car
32582061,twoway,57256.0,64303.0,391664,172623,null,172623,5831.865847504121,484.0,191.0,0.0,12104672,12.519000000000025,7047.0,Oply,car
26841256,twoway,1647.0,5305.0,333278,316629,null,316629,6073.385521151941,503.0,368.0,0.0,12122631,5.991500000000003,3658.0,Oply,car
32022676,twoway,78517.0,82319.0,391584,60605,null,60605,6012.038361510736,480.0,423.0,0.0,12107631,6.375300000000004,3802.0,Oply,car
26738200,twoway,62467.0,69960.0,79496,445439,null,445439,12201.272752138007,1002.0,201.0,0.0,12133691,12.972900000000012,7493.0,Oply,car
26738201,twoway,44015.0,52917.0,79496,445439,null,445439,16664.263396914463,1104.0,201.0,0.0,12133693,18.39900000000005,8902.0,Oply,car
28369213,twoway,13375.0,39592.0,460492,13928,null,13928,56719.485111066635,2943.0,165.0,0.0,12121611,48.05639999999998,26217.0,Oply,car
27641061,twoway,18120.0,48245.0,209248,346913,null,346913,35456.54004388109,2529.0,259.0,0.0,12133731,54.19820000000012,30125.0,Oply,car
34013823,twoway,12270.0,48199.0,267467,66928,null,66928,134466.2957403284,5043.0,171.0,0.0,12108612,60.175200000000046,35929.0,Oply,car
28588940,twoway,60128.0,64888.0,370300,370301,null,370301,2801.9293534489802,265.0,90.0,0.0,12132683,12.498000000000033,4760.0,Oply,car
28304073,twoway,33287.0,33628.0,271533,272361,null,421149,2087.6052687113593,177.0,164.0,0.0,12102621,6.097200000000003,341.0,Oply,car
32823610,twoway,58365.0,61820.0,364077,373984,null,373984,5606.775859143046,492.0,117.0,0.0,12104681,6.259199999999998,3455.0,Oply,car
28898446,twoway,69513.0,74715.0,460492,13928,null,13928,2442.994496431599,218.0,165.0,0.0,12121612,12.37980000000004,5202.0,Oply,car
27916969,twoway,42078.0,46170.0,267467,66928,null,66928,5194.037348883757,451.0,171.0,0.0,12108613,12.154000000000018,4092.0,Oply,car
26921647,twoway,74244.0,75893.0,342717,78898,null,267467,1282.1013087589458,127.0,1522.0,0.0,12104711,6.197999999999998,1649.0,Oply,car
32801843,twoway,51295.0,57398.0,341841,13928,null,13928,11628.656785154291,897.0,179.0,0.0,12121612,12.197599999999982,6103.0,Oply,car
26531740,twoway,58992.0,62157.0,243379,243383,null,243383,12212.47496569499,1059.0,168.0,0.0,12104633,6.221799999999997,3165.0,Oply,car
26858022,twoway,32503.0,51418.0,440138,486024,null,486024,6063.814936779313,604.0,244.0,0.0,12132662,36.54900000000015,18915.0,Oply,car
32823611,twoway,60823.0,66404.0,364077,373984,null,373984,8092.957378343738,664.0,117.0,0.0,12104682,12.498000000000042,5581.0,Oply,car
29696625,twoway,61098.0,66953.0,460492,13928,null,13928,6147.8285693873,518.0,165.0,0.0,12121612,12.498000000000044,5855.0,Oply,car
28517561,twoway,55388.0,61134.0,460492,36125,null,36125,8085.358842207145,707.0,1065.0,0.0,12133721,12.375900000000037,5746.0,Oply,car
28763835,twoway,77144.0,82806.0,195834,281413,null,281413,5975.01026801745,494.0,429.0,0.0,12102681,12.12399999999998,5662.0,Oply,car
27348893,twoway,83222.0,83752.0,363071,66928,null,65774,1821.3238413182894,158.0,372.0,0.0,12108612,5.898000000000002,530.0,Oply,car
33753371,twoway,89240.0,90069.0,271533,271647,null,100067,2027.5029161896125,169.0,660.0,0.0,12104641,5.8228,829.0,Oply,car
28021586,twoway,66019.0,76056.0,434340,79825,null,79825,14564.263921389938,1119.0,127.0,0.0,12120662,18.566000000000034,10037.0,Oply,car
28869916,twoway,13733.0,35809.0,356662,274193,null,274193,17466.045101270647,1068.0,178.0,0.0,12133611,42.036599999999915,22076.0,Oply,car
27591678,twoway,35169.0,40882.0,19642,36125,null,36125,7727.976340204183,678.0,223.0,0.0,12133722,12.122799999999971,5713.0,Oply,car
28021587,twoway,58857.0,65591.0,434340,79825,null,79825,15112.539655671808,1180.0,127.0,0.0,12120661,12.515000000000018,6734.0,Oply,car
33224363,twoway,68070.0,87966.0,90114,16208,null,16208,13504.375594412,1124.0,616.0,0.0,12107621,36.426000000000116,19896.0,Oply,car
31128650,twoway,75604.0,76123.0,342717,126200,null,408992,3656.6383682093046,302.0,217.0,0.0,12104713,6.197999999999998,519.0,Oply,car
32414409,twoway,34101.0,37600.0,501129,501127,null,501127,4047.1222220073273,380.0,297.0,0.0,12133671,6.1434,3499.0,Oply,car
