time	time	departures_all	arrivals_all	stuck_all	en-route_all	departures_access_walk_tw	arrivals_access_walk_tw	stuck_access_walk_tw	en-route_access_walk_tw	departures_bike	arrivals_bike	stuck_bike	en-route_bike	departures_car	arrivals_car	stuck_car	en-route_car	departures_egress_walk_tw	arrivals_egress_walk_tw	stuck_egress_walk_tw	en-route_egress_walk_tw	departures_pt	arrivals_pt	stuck_pt	en-route_pt	departures_twoway_vehicle	arrivals_twoway_vehicle	stuck_twoway_vehicle	en-route_twoway_vehicle	departures_walk	arrivals_walk	stuck_walk	en-route_walk
00:00:00	0	3	1	0	2	0	0	0	0	0	0	0	0	3	1	0	2	0	0	0	0	0	0	0	0	0	0	0	0	0	0	0	0
00:05:00	300	2	1	0	3	0	0	0	0	0	0	0	0	2	1	0	3	0	0	0	0	0	0	0	0	0	0	0	0	0	0	0	0
00:10:00	600	1	2	0	2	0	0	0	0	0	0	0	0	1	2	0	2	0	0	0	0	0	0	0	0	0	0	0	0	0	0	0	0
00:15:00	900	1	2	0	1	1	0	0	1	0	0	0	0	0	2	0	0	0	0	0	0	0	0	0	0	0	0	0	0	0	0	0	0
00:20:00	1200	2	1	0	2	0	1	0	0	0	0	0	0	1	0	0	1	0	0	0	0	0	0	0	0	1	0	0	1	0	0	0	0
00:25:00	1500	0	0	0	2	0	0	0	0	0	0	0	0	0	0	0	1	0	0	0	0	0	0	0	0	0	0	0	1	0	0	0	0
00:30:00	1800	0	2	0	0	0	0	0	0	0	0	0	0	0	1	0	0	0	0	0	0	0	0	0	0	0	1	0	0	0	0	0	0
00:35:00	2100	1	0	0	1	0	0	0	0	0	0	0	0	1	0	0	1	0	0	0	0	0	0	0	0	0	0	0	0	0	0	0	0
00:40:00	2400	1	1	0	1	1	0	0	1	0	0	0	0	0	1	0	0	0	0	0	0	0	0	0	0	0	0	0	0	0	0	0	0
00:45:00	2700	1	0	0	2	0	0	0	1	0	0	0	0	1	0	0	1	0	0	0	0	0	0	0	0	0	0	0	0	0	0	0	0
00:50:00	3000	4	2	0	4	0	1	0	0	0	0	0	0	3	0	0	4	0	0	0	0	0	0	0	0	1	1	0	0	0	0	0	0
00:55:00	3300	0	1	0	3	0	0	0	0	0	0	0	0	0	1	0	3	0	0	0	0	0	0	0	0	0	0	0	0	0	0	0	0
01:00:00	3600	3	3	0	3	2	0	0	2	0	0	0	0	1	3	0	1	0	0	0	0	0	0	0	0	0	0	0	0	0	0	0	0
01:05:00	3900	2	2	0	3	0	1	0	1	0	0	0	0	1	1	0	1	0	0	0	0	0	0	0	0	1	0	0	1	0	0	0	0
01:10:00	4200	3	1	0	5	0	0	0	1	0	0	0	0	3	1	0	3	0	0	0	0	0	0	0	0	0	0	0	1	0	0	0	0
01:15:00	4500	2	2	0	5	0	1	0	0	0	0	0	0	0	1	0	2	0	0	0	0	0	0	0	0	1	0	0	2	1	0	0	1
01:20:00	4800	2	2	0	5	0	0	0	0	0	0	0	0	1	1	0	2	0	0	0	0	0	0	0	0	0	1	0	1	1	0	0	2
01:25:00	5100	4	3	0	6	1	0	0	1	0	0	0	0	3	2	0	3	0	0	0	0	0	0	0	0	0	1	0	0	0	0	0	2
01:30:00	5400	0	0	0	6	0	0	0	1	0	0	0	0	0	0	0	3	0	0	0	0	0	0	0	0	0	0	0	0	0	0	0	2
01:35:00	5700	3	3	0	6	0	1	0	0	0	0	0	0	2	2	0	3	0	0	0	0	0	0	0	0	1	0	0	1	0	0	0	2
01:40:00	6000	2	1	0	7	0	0	0	0	0	0	0	0	1	1	0	3	0	0	0	0	0	0	0	0	1	0	0	2	0	0	0	2
01:45:00	6300	2	2	0	7	0	0	0	0	0	0	0	0	1	0	0	4	1	0	0	1	0	0	0	0	0	2	0	0	0	0	0	2
01:50:00	6600	0	2	0	5	0	0	0	0	0	0	0	0	0	1	0	3	0	1	0	0	0	0	0	0	0	0	0	0	0	0	0	2
01:55:00	6900	7	0	0	12	2	0	0	2	0	0	0	0	5	0	0	8	0	0	0	0	0	0	0	0	0	0	0	0	0	0	0	2
02:00:00	7200	6	3	0	15	0	2	0	0	0	0	0	0	4	1	0	11	0	0	0	0	0	0	0	0	2	0	0	2	0	0	0	2
02:05:00	7500	5	4	0	16	0	0	0	0	1	0	0	1	3	3	0	11	0	0	0	0	1	0	0	1	0	1	0	1	0	0	0	2
02:10:00	7800	3	4	0	15	1	0	0	1	0	0	0	1	2	3	0	10	0	0	0	0	0	0	0	1	0	1	0	0	0	0	0	2
02:15:00	8100	5	4	0	16	1	0	0	2	0	0	0	1	3	3	0	10	0	0	0	0	1	1	0	1	0	0	0	0	0	0	0	2
02:20:00	8400	5	3	0	18	1	2	0	1	0	0	0	1	2	1	0	11	0	0	0	0	0	0	0	1	2	0	0	2	0	0	0	2
02:25:00	8700	3	4	0	17	1	0	0	2	0	0	0	1	2	3	0	10	0	0	0	0	0	0	0	1	0	1	0	1	0	0	0	2
02:30:00	9000	6	6	0	17	2	2	0	2	0	0	0	1	2	3	0	9	0	0	0	0	0	0	0	1	2	1	0	2	0	0	0	2
02:35:00	9300	4	4	0	17	0	1	0	1	0	0	0	1	2	1	0	10	0	0	0	0	1	0	0	2	1	1	0	2	0	1	0	1
02:40:00	9600	2	5	0	14	1	0	0	2	0	1	0	0	1	3	0	8	0	0	0	0	0	0	0	2	0	1	0	1	0	0	0	1
02:45:00	9900	6	4	0	16	1	0	0	3	0	0	0	0	4	3	0	9	0	0	0	0	0	0	0	2	0	1	0	0	1	0	0	2
02:50:00	10200	7	5	0	18	0	3	0	0	1	0	0	1	3	2	0	10	0	0	0	0	0	0	0	2	3	0	0	3	0	0	0	2
02:55:00	10500	9	2	0	25	1	0	0	1	0	0	0	1	7	2	0	15	0	0	0	0	0	0	0	2	0	0	0	3	1	0	0	3
03:00:00	10800	9	5	0	29	1	0	0	2	1	0	0	2	6	5	0	16	0	0	0	0	1	0	0	3	0	0	0	3	0	0	0	3
03:05:00	11100	12	10	0	31	0	2	0	0	0	0	0	2	8	5	0	19	0	0	0	0	1	0	0	4	2	3	0	2	1	0	0	4
03:10:00	11400	6	5	0	32	0	0	0	0	0	1	0	1	5	3	0	21	0	0	0	0	0	0	0	4	0	1	0	1	1	0	0	5
03:15:00	11700	7	4	0	35	1	0	0	1	0	0	0	1	6	4	0	23	0	0	0	0	0	0	0	4	0	0	0	1	0	0	0	5
03:20:00	12000	4	10	0	29	0	0	0	1	1	0	0	2	3	9	0	17	0	0	0	0	0	0	0	4	0	1	0	0	0	0	0	5
03:25:00	12300	16	7	0	38	0	0	0	1	0	0	0	2	15	7	0	25	0	0	0	0	0	0	0	4	0	0	0	0	1	0	0	6
03:30:00	12600	12	3	0	47	0	1	0	0	1	0	0	3	5	2	0	28	0	0	0	0	2	0	0	6	2	0	0	2	2	0	0	8
03:35:00	12900	12	13	0	46	1	0	0	1	0	0	0	3	10	10	0	28	1	0	0	1	0	2	0	4	0	1	0	1	0	0	0	8
03:40:00	13200	12	13	0	45	1	2	0	0	1	0	0	4	7	8	0	27	0	1	0	0	1	1	0	4	2	1	0	2	0	0	0	8
03:45:00	13500	16	7	0	54	1	0	0	1	0	0	0	4	11	6	0	32	0	0	0	0	1	0	0	5	0	1	0	1	3	0	0	11
03:50:00	13800	21	13	0	62	0	1	0	0	1	0	0	5	17	12	0	37	0	0	0	0	0	0	0	5	1	0	0	2	2	0	0	13
03:55:00	14100	17	10	0	69	0	0	0	0	0	1	0	4	14	9	0	42	0	0	0	0	1	0	0	6	0	0	0	2	2	0	0	15
04:00:00	14400	8	11	0	66	0	0	0	0	2	0	0	6	4	10	0	36	0	0	0	0	1	0	0	7	0	0	0	2	1	1	0	15
04:05:00	14700	18	11	0	73	2	0	0	2	1	0	0	7	13	10	0	39	0	0	0	0	1	0	0	8	0	1	0	1	1	0	0	16
04:10:00	15000	24	12	0	85	0	1	0	1	1	2	0	6	20	8	0	51	0	0	0	0	2	0	0	10	1	1	0	1	0	0	0	16
04:15:00	15300	21	18	0	88	0	1	0	0	0	1	0	5	16	15	0	52	0	0	0	0	1	1	0	10	1	0	0	2	3	0	0	19
04:20:00	15600	19	13	0	94	0	0	0	0	2	1	0	6	14	11	0	55	0	0	0	0	2	0	0	12	0	0	0	2	1	1	0	19
04:25:00	15900	24	15	0	103	1	0	0	1	1	2	0	5	19	11	0	63	0	0	0	0	0	1	0	11	0	1	0	1	3	0	0	22
04:30:00	16200	20	19	0	104	1	0	0	2	4	0	0	9	13	17	0	59	0	0	0	0	1	2	0	10	0	0	0	1	1	0	0	23
04:35:00	16500	17	20	0	101	0	2	0	0	0	0	0	9	13	17	0	55	0	0	0	0	1	0	0	11	2	0	0	3	1	1	0	23
04:40:00	16800	18	15	0	104	1	0	0	1	1	1	0	9	12	12	0	55	0	0	0	0	3	0	0	14	0	1	0	2	1	1	0	23
04:45:00	17100	22	21	0	105	0	0	0	1	1	2	0	8	19	17	0	57	0	0	0	0	2	2	0	14	0	0	0	2	0	0	0	23
04:50:00	17400	30	20	0	115	0	0	0	1	4	0	0	12	21	19	0	59	0	0	0	0	4	1	0	17	0	0	0	2	1	0	0	24
04:55:00	17700	34	14	0	135	0	1	0	0	1	1	0	12	27	10	0	76	0	0	0	0	1	2	0	16	1	0	0	3	4	0	0	28
05:00:00	18000	30	34	0	131	0	0	0	0	5	3	0	14	23	28	0	71	0	0	0	0	1	2	0	15	0	1	0	2	1	0	0	29
05:05:00	18300	29	33	0	127	0	0	0	0	0	0	0	14	24	30	0	65	0	0	0	0	3	3	0	15	0	0	0	2	2	0	0	31
05:10:00	18600	38	21	0	144	0	0	0	0	0	1	0	13	35	20	0	80	0	0	0	0	1	0	0	16	0	0	0	2	2	0	0	33
05:15:00	18900	36	35	0	145	0	0	0	0	0	0	0	13	32	33	0	79	0	0	0	0	3	2	0	17	0	0	0	2	1	0	0	34
05:20:00	19200	28	29	0	144	0	0	0	0	1	0	0	14	25	27	0	77	0	0	0	0	1	1	0	17	0	1	0	1	1	0	0	35
05:25:00	19500	34	28	0	150	0	0	0	0	0	1	0	13	26	24	0	79	0	0	0	0	3	2	0	18	0	0	0	1	5	1	0	39
05:30:00	19800	39	22	0	167	0	0	0	0	1	1	0	13	34	18	0	95	0	0	0	0	1	1	0	18	0	0	0	1	3	2	0	40
05:35:00	20100	39	35	0	171	1	0	0	1	3	0	0	16	30	34	0	91	0	0	0	0	2	0	0	20	0	0	0	1	3	1	0	42
05:40:00	20400	42	39	0	174	1	1	0	1	2	2	0	16	31	33	0	89	0	0	0	0	3	0	0	23	1	0	0	2	4	3	0	43
05:45:00	20700	41	45	0	170	0	1	0	0	3	2	0	17	32	38	0	83	0	0	0	0	3	1	0	25	1	2	0	1	2	1	0	44
05:50:00	21000	36	42	0	164	0	0	0	0	0	2	0	15	29	34	0	78	0	0	0	0	1	4	0	22	0	1	0	0	6	1	0	49
05:55:00	21300	43	26	0	181	0	0	0	0	3	1	0	17	38	20	0	96	0	0	0	0	1	2	0	21	0	0	0	0	1	3	0	47
06:00:00	21600	37	35	0	183	0	0	0	0	2	2	0	17	28	29	0	95	0	0	0	0	3	3	0	21	0	0	0	0	4	1	0	50
06:05:00	21900	42	27	0	198	0	0	0	0	4	1	0	20	32	23	0	104	0	0	0	0	1	1	0	21	0	0	0	0	5	2	0	53
06:10:00	22200	43	43	0	198	1	0	0	1	0	4	0	16	36	36	0	104	0	0	0	0	2	2	0	21	0	0	0	0	4	1	0	56
06:15:00	22500	61	34	0	225	0	0	0	1	3	0	0	19	52	32	0	124	0	0	0	0	2	1	0	22	0	0	0	0	4	1	0	59
06:20:00	22800	39	51	0	213	0	1	0	0	4	4	0	19	27	44	0	107	0	0	0	0	2	2	0	22	1	0	0	1	5	0	0	64
06:25:00	23100	51	43	0	221	0	0	0	0	2	0	0	21	41	42	0	106	0	0	0	0	4	1	0	25	0	0	0	1	4	0	0	68
06:30:00	23400	44	37	0	228	0	0	0	0	3	1	0	23	37	32	0	111	0	0	0	0	1	1	0	25	0	1	0	0	3	2	0	69
06:35:00	23700	56	44	0	240	0	0	0	0	2	2	0	23	44	40	0	115	0	0	0	0	4	1	0	28	0	0	0	0	6	1	0	74
06:40:00	24000	48	46	0	242	0	0	0	0	3	2	0	24	37	39	0	113	0	0	0	0	3	5	0	26	0	0	0	0	5	0	0	79
06:45:00	24300	45	52	0	235	0	0	0	0	6	2	0	28	35	44	0	104	0	0	0	0	1	4	0	23	0	0	0	0	3	2	0	80
06:50:00	24600	65	51	0	249	0	0	0	0	7	1	0	34	52	43	0	113	0	0	0	0	2	3	0	22	0	0	0	0	4	4	0	80
06:55:00	24900	63	67	0	245	0	0	0	0	5	4	0	35	52	55	0	110	0	0	0	0	5	4	0	23	0	0	0	0	1	4	0	77
07:00:00	25200	47	55	0	237	0	0	0	0	3	3	0	35	38	47	0	101	0	0	0	0	2	2	0	23	0	0	0	0	4	3	0	78
07:05:00	25500	68	54	0	251	1	0	0	1	0	5	0	30	54	46	0	109	0	0	0	0	8	3	0	28	0	0	0	0	5	0	0	83
07:10:00	25800	58	58	0	251	0	0	0	1	4	1	0	33	47	54	0	102	0	0	0	0	5	2	0	31	0	0	0	0	2	1	0	84
07:15:00	26100	65	51	0	265	0	1	0	0	3	1	0	35	49	42	0	109	0	0	0	0	5	6	0	30	2	0	0	2	6	1	0	89
07:20:00	26400	52	59	0	258	0	0	0	0	0	6	0	29	51	43	0	117	0	0	0	0	1	4	0	27	0	1	0	1	0	5	0	84
07:25:00	26700	66	58	0	266	0	0	0	0	4	3	0	30	55	47	0	125	1	1	0	0	5	4	0	28	0	1	0	0	1	2	0	83
07:30:00	27000	70	84	0	252	0	0	0	0	8	3	0	35	54	71	0	108	0	0	0	0	2	4	0	26	0	0	0	0	6	6	0	83
07:35:00	27300	67	56	0	263	1	1	0	0	7	3	0	39	51	45	0	114	0	0	0	0	4	4	0	26	1	0	0	1	3	3	0	83
07:40:00	27600	71	63	0	271	0	0	0	0	4	4	0	39	59	52	0	121	0	0	0	0	4	5	0	25	0	0	0	1	4	2	0	85
07:45:00	27900	79	65	0	285	0	0	0	0	4	7	0	36	71	48	0	144	0	0	0	0	2	4	0	23	0	1	0	0	2	5	0	82
07:50:00	28200	53	88	0	250	0	0	0	0	2	3	0	35	44	78	0	110	0	0	0	0	3	5	0	21	0	0	0	0	4	2	0	84
07:55:00	28500	88	67	0	271	0	0	0	0	3	4	0	34	71	60	0	121	0	0	0	0	6	0	0	27	0	0	0	0	8	3	0	89
08:00:00	28800	72	70	0	273	0	0	0	0	4	0	0	38	60	64	0	117	0	0	0	0	2	5	0	24	0	0	0	0	6	1	0	94
08:05:00	29100	74	81	0	266	0	0	0	0	3	4	0	37	60	66	0	111	0	0	0	0	7	9	0	22	0	0	0	0	4	2	0	96
08:10:00	29400	75	68	0	273	0	0	0	0	5	4	0	38	61	59	0	113	0	0	0	0	3	3	0	22	0	0	0	0	6	2	0	100
08:15:00	29700	69	72	0	270	0	0	0	0	3	2	0	39	59	62	0	110	0	0	0	0	4	4	0	22	1	0	0	1	2	4	0	98
08:20:00	30000	92	67	0	295	0	0	0	0	7	3	0	43	77	60	0	127	0	0	0	0	5	3	0	24	0	0	0	1	3	1	0	100
08:25:00	30300	76	79	0	292	0	0	0	0	2	4	0	41	67	65	0	129	1	0	0	1	1	6	0	19	1	1	0	1	4	3	0	101
08:30:00	30600	92	88	0	296	0	0	0	0	6	5	0	42	75	75	0	129	0	1	0	0	4	6	0	17	0	0	0	1	7	1	0	107
08:35:00	30900	105	88	0	313	0	0	0	0	6	4	0	44	87	78	0	138	0	0	0	0	3	4	0	16	0	0	0	1	9	2	0	114
08:40:00	31200	67	89	0	291	0	0	0	0	1	7	0	38	53	78	0	113	1	0	0	1	9	3	0	22	1	1	0	1	2	0	0	116
08:45:00	31500	99	81	0	309	1	0	0	1	7	5	0	40	76	68	0	121	1	0	0	2	9	3	0	28	0	1	0	0	5	4	0	117
08:50:00	31800	110	102	0	317	0	1	0	0	4	3	0	41	88	84	0	125	0	2	0	0	11	5	0	34	1	0	0	1	6	7	0	116
08:55:00	32100	93	97	0	313	0	0	0	0	4	6	0	39	81	77	0	129	0	0	0	0	3	10	0	27	0	0	0	1	5	4	0	117
09:00:00	32400	94	103	0	304	0	0	0	0	6	5	0	40	83	86	0	126	0	0	0	0	2	7	0	22	0	1	0	0	3	4	0	116
09:05:00	32700	75	85	0	294	0	0	0	0	6	6	0	40	63	71	0	118	0	0	0	0	4	4	0	22	1	0	0	1	1	4	0	113
09:10:00	33000	113	90	0	317	1	0	0	1	7	4	0	43	88	73	0	133	0	0	0	0	11	9	0	24	0	0	0	1	6	4	0	115
09:15:00	33300	91	108	0	300	0	0	0	1	5	10	0	38	74	88	0	119	2	1	0	1	6	4	0	26	1	2	0	0	3	3	0	115
09:20:00	33600	103	99	0	304	0	1	0	0	3	10	0	31	87	76	0	130	0	1	0	0	8	6	0	28	1	0	0	1	4	5	0	114
09:25:00	33900	98	94	0	308	0	0	0	0	4	5	0	30	84	79	0	135	0	0	0	0	6	6	0	28	0	1	0	0	4	3	0	115
09:30:00	34200	105	98	0	315	0	0	0	0	1	5	0	26	94	87	0	142	0	0	0	0	8	5	0	31	0	0	0	0	2	1	0	116
09:35:00	34500	116	107	0	324	0	0	0	0	7	5	0	28	97	91	0	148	0	0	0	0	7	7	0	31	0	0	0	0	5	4	0	117
09:40:00	34800	111	109	0	326	1	0	0	1	10	4	0	34	91	87	0	152	0	0	0	0	6	13	0	24	0	0	0	0	3	5	0	115
09:45:00	35100	116	114	0	328	0	1	0	0	2	6	0	30	103	100	0	155	0	0	0	0	7	5	0	26	1	0	0	1	3	2	0	116
09:50:00	35400	113	110	0	331	1	1	0	0	3	6	0	27	91	91	0	155	0	0	0	0	9	8	0	27	1	1	0	1	8	3	0	121
09:55:00	35700	119	97	0	353	0	0	0	0	4	5	0	26	94	82	0	167	0	0	0	0	8	8	0	27	2	0	0	3	11	2	0	130
10:00:00	36000	111	119	0	345	0	0	0	0	5	4	0	27	98	98	0	167	2	1	0	1	2	7	0	22	0	3	0	0	4	6	0	128
10:05:00	36300	122	111	0	356	0	0	0	0	4	5	0	26	100	97	0	170	0	0	0	1	10	6	0	26	2	0	0	2	6	3	0	131
10:10:00	36600	126	124	0	358	0	0	0	0	7	4	0	29	102	102	0	170	0	1	0	0	7	11	0	22	0	0	0	2	10	6	0	135
10:15:00	36900	107	118	0	347	1	0	0	1	10	6	0	33	88	97	0	161	2	0	0	2	1	5	0	18	0	2	0	0	5	8	0	132
10:20:00	37200	125	115	0	357	0	1	0	0	5	10	0	28	99	96	0	164	0	0	0	2	10	3	0	25	3	1	0	2	8	4	0	136
10:25:00	37500	121	121	0	357	0	0	0	0	3	3	0	28	104	100	0	168	0	1	0	1	8	6	0	27	0	0	0	2	6	11	0	131
10:30:00	37800	132	136	0	353	1	0	0	1	3	7	0	24	117	118	0	167	0	1	0	0	6	4	0	29	1	0	0	3	4	6	0	129
10:35:00	38100	136	120	0	369	0	0	0	1	4	4	0	24	114	108	0	173	2	0	0	2	5	5	0	29	1	2	0	2	10	1	0	138
10:40:00	38400	144	135	0	378	0	1	0	0	9	2	0	31	117	115	0	175	1	3	0	0	10	8	0	31	1	1	0	2	6	5	0	139
10:45:00	38700	140	141	0	377	0	0	0	0	13	6	0	38	110	114	0	171	1	0	0	1	6	12	0	25	1	2	0	1	9	7	0	141
10:50:00	39000	122	121	0	378	0	0	0	0	6	7	0	37	101	100	0	172	0	1	0	0	7	7	0	25	2	0	0	3	6	6	0	141
10:55:00	39300	137	130	0	385	1	0	0	1	7	6	0	38	113	114	0	171	2	0	0	2	8	6	0	27	1	2	0	2	5	2	0	144
11:00:00	39600	137	149	0	373	0	0	0	1	7	11	0	34	118	125	0	164	2	1	0	3	3	5	0	25	3	2	0	3	4	5	0	143
11:05:00	39900	102	118	0	357	0	1	0	0	4	8	0	30	88	92	0	160	1	1	0	3	2	8	0	19	2	1	0	4	5	7	0	141
11:10:00	40200	144	129	0	372	1	1	0	0	5	10	0	25	124	100	0	184	2	3	0	2	4	7	0	16	2	3	0	3	6	5	0	142
11:15:00	40500	127	128	0	371	0	0	0	0	5	5	0	25	112	108	0	188	1	1	0	2	6	4	0	18	0	2	0	1	3	8	0	137
11:20:00	40800	141	130	0	382	1	0	0	1	5	5	0	25	124	108	0	204	0	1	0	1	5	6	0	17	0	0	0	1	6	10	0	133
11:25:00	41100	108	143	0	347	0	1	0	0	5	7	0	23	89	121	0	172	1	0	0	2	5	6	0	16	1	1	0	1	7	7	0	133
11:30:00	41400	141	112	0	376	0	0	0	0	3	6	0	20	115	94	0	193	0	2	0	0	12	1	0	27	0	1	0	0	11	8	0	136
11:35:00	41700	129	138	0	367	0	0	0	0	5	9	0	16	110	115	0	188	0	0	0	0	7	7	0	27	0	0	0	0	7	7	0	136
11:40:00	42000	147	128	0	386	1	0	0	1	10	4	0	22	124	111	0	201	0	0	0	0	4	4	0	27	0	0	0	0	8	9	0	135
11:45:00	42300	160	151	0	395	1	1	0	1	10	8	0	24	130	130	0	201	0	0	0	0	7	6	0	28	2	0	0	2	10	6	0	139
11:50:00	42600	123	140	0	378	0	1	0	0	9	4	0	29	98	121	0	178	1	0	0	1	8	5	0	31	2	1	0	3	5	8	0	136
11:55:00	42900	159	127	0	410	0	0	0	0	5	3	0	31	136	105	0	209	1	0	0	2	10	6	0	35	0	3	0	0	7	10	0	133
12:00:00	43200	126	147	0	389	1	0	0	1	4	8	0	27	107	122	0	194	0	1	0	1	5	11	0	29	0	0	0	0	9	5	0	137
12:05:00	43500	144	151	0	382	0	1	0	0	6	9	0	24	130	129	0	195	0	1	0	0	4	9	0	24	1	0	0	1	3	2	0	138
12:10:00	43800	107	117	0	372	0	0	0	0	6	4	0	26	91	103	0	183	0	0	0	0	5	3	0	26	0	0	0	1	5	7	0	136
12:15:00	44100	156	123	0	405	0	0	0	0	9	7	0	28	129	102	0	210	0	0	0	0	10	4	0	32	2	1	0	2	6	9	0	133
12:20:00	44400	157	142	0	420	0	0	0	0	11	8	0	31	128	120	0	218	0	0	0	0	8	8	0	32	2	0	0	4	8	6	0	135
12:25:00	44700	129	157	0	392	2	0	0	2	8	9	0	30	106	131	0	193	1	0	0	1	6	5	0	33	1	1	0	4	5	11	0	129
12:30:00	45000	121	147	0	366	0	0	0	2	2	10	0	22	105	122	0	176	1	0	0	2	7	6	0	34	0	1	0	3	6	8	0	127
12:35:00	45300	146	128	0	384	0	2	0	0	5	9	0	18	122	101	0	197	1	1	0	2	6	9	0	31	3	1	0	5	9	5	0	131
12:40:00	45600	121	136	0	369	1	1	0	0	5	3	0	20	104	118	0	183	1	1	0	2	5	8	0	28	2	3	0	4	3	2	0	132
12:45:00	45900	136	144	0	361	3	1	0	2	4	5	0	19	117	120	0	180	2	2	0	2	5	7	0	26	1	3	0	2	4	6	0	130
12:50:00	46200	166	137	0	390	0	1	0	1	13	8	0	24	137	109	0	208	0	2	0	0	5	6	0	25	1	0	0	3	10	11	0	129
12:55:00	46500	127	133	0	384	1	2	0	0	7	5	0	26	104	109	0	203	0	0	0	0	5	5	0	25	4	2	0	5	6	10	0	125
13:00:00	46800	120	128	0	376	0	0	0	0	5	10	0	21	105	106	0	202	2	1	0	1	3	3	0	25	0	3	0	2	5	5	0	125
13:05:00	47100	130	138	0	368	0	0	0	0	9	7	0	23	108	116	0	194	0	1	0	0	5	8	0	22	1	1	0	2	7	5	0	127
13:10:00	47400	151	123	0	396	1	0	0	1	4	4	0	23	136	107	0	223	1	0	0	1	3	5	0	20	1	1	0	2	5	6	0	126
13:15:00	47700	136	159	0	373	1	2	0	0	6	7	0	22	113	138	0	198	1	0	0	2	6	5	0	21	2	2	0	2	7	5	0	128
13:20:00	48000	122	129	0	366	1	1	0	0	5	6	0	21	104	111	0	191	0	1	0	1	6	4	0	23	1	1	0	2	5	5	0	128
13:25:00	48300	118	117	0	367	1	0	0	1	4	4	0	21	107	97	0	201	0	1	0	0	4	8	0	19	0	1	0	1	2	6	0	124
13:30:00	48600	148	126	0	389	0	1	0	0	6	3	0	24	131	115	0	217	0	0	0	0	4	0	0	23	1	0	0	2	6	7	0	123
13:35:00	48900	119	147	0	361	0	0	0	0	2	10	0	16	102	131	0	188	1	0	0	1	4	2	0	25	1	2	0	1	9	2	0	130
13:40:00	49200	115	116	0	360	2	0	0	2	6	3	0	19	96	99	0	185	1	2	0	0	7	6	0	26	0	1	0	0	3	5	0	128
13:45:00	49500	130	123	0	367	0	1	0	1	5	5	0	19	117	107	0	195	0	0	0	0	1	5	0	22	2	0	0	2	5	5	0	128
13:50:00	49800	116	111	0	372	1	0	0	2	5	4	0	20	102	102	0	195	0	0	0	0	2	3	0	21	1	0	0	3	5	2	0	131
13:55:00	50100	114	128	0	358	0	1	0	1	2	7	0	15	102	105	0	192	0	0	0	0	2	4	0	19	2	1	0	4	6	10	0	127
14:00:00	50400	125	122	0	361	1	2	0	0	4	1	0	18	108	106	0	194	1	1	0	0	5	5	0	19	2	1	0	5	4	6	0	125
14:05:00	50700	123	116	0	368	3	1	0	2	5	4	0	19	102	103	0	193	0	0	0	0	6	2	0	23	2	3	0	4	5	3	0	127
14:10:00	51000	113	109	0	372	1	3	0	0	4	3	0	20	91	88	0	196	0	0	0	0	4	6	0	21	5	2	0	7	8	7	0	128
14:15:00	51300	139	133	0	378	1	0	0	1	4	5	0	19	110	113	0	193	3	1	0	2	7	4	0	24	2	4	0	5	12	6	0	134
14:20:00	51600	140	127	0	391	0	0	0	1	6	3	0	22	118	110	0	201	3	4	0	1	5	3	0	26	1	3	0	3	7	4	0	137
14:25:00	51900	125	124	0	392	1	1	0	1	3	3	0	22	107	105	0	203	1	1	0	1	5	4	0	27	2	2	0	3	6	8	0	135
14:30:00	52200	141	142	0	391	2	2	0	1	8	6	0	24	115	117	0	201	3	1	0	3	2	4	0	25	4	3	0	4	7	9	0	133
14:35:00	52500	125	126	0	390	0	1	0	0	3	10	0	17	109	102	0	208	1	3	0	1	6	1	0	30	1	3	0	2	5	6	0	132
14:40:00	52800	143	147	0	386	1	1	0	0	8	5	0	20	125	125	0	208	1	1	0	1	3	4	0	29	1	2	0	1	4	9	0	127
14:45:00	53100	144	133	0	397	0	0	0	0	6	6	0	20	128	110	0	226	0	0	0	1	1	8	0	22	1	0	0	2	8	9	0	126
14:50:00	53400	139	149	0	387	2	2	0	0	4	7	0	17	119	126	0	219	1	1	0	1	6	7	0	21	2	3	0	1	5	3	0	128
14:55:00	53700	125	135	0	377	0	0	0	0	6	4	0	19	107	120	0	206	0	1	0	0	8	1	0	28	0	0	0	1	4	9	0	123
15:00:00	54000	141	121	0	397	1	0	0	1	4	4	0	19	118	108	0	216	0	0	0	0	6	3	0	31	0	1	0	0	12	5	0	130
15:05:00	54300	146	130	0	413	1	1	0	1	6	5	0	20	122	116	0	222	0	0	0	0	6	2	0	35	1	0	0	1	10	6	0	134
15:10:00	54600	144	131	0	426	1	2	0	0	7	5	0	22	122	107	0	237	0	0	0	0	6	6	0	35	2	2	0	1	6	9	0	131
15:15:00	54900	169	160	0	435	1	0	0	1	7	6	0	23	145	141	0	241	0	0	0	0	9	5	0	39	0	1	0	0	7	7	0	131
15:20:00	55200	149	142	0	442	3	3	0	1	3	2	0	24	126	119	0	248	0	0	0	0	7	12	0	34	4	0	0	4	6	6	0	131
15:25:00	55500	169	151	0	460	1	1	0	1	9	6	0	27	148	127	0	269	1	1	0	0	3	8	0	29	1	3	0	2	6	5	0	132
15:30:00	55800	149	158	0	451	3	1	0	3	8	3	0	32	122	146	0	245	0	0	0	0	4	3	0	30	2	2	0	2	10	3	0	139
15:35:00	56100	135	155	0	431	0	3	0	0	6	7	0	31	116	130	0	231	2	1	0	1	5	4	0	31	3	3	0	2	3	7	0	135
15:40:00	56400	154	153	0	432	0	0	0	0	9	6	0	34	135	132	0	234	0	1	0	0	5	7	0	29	1	2	0	1	4	5	0	134
15:45:00	56700	176	143	0	465	1	0	0	1	5	8	0	31	153	119	0	268	2	1	0	1	6	6	0	29	1	2	0	0	8	7	0	135
15:50:00	57000	151	142	0	474	1	2	0	0	8	8	0	31	126	118	0	276	1	0	0	2	6	5	0	30	3	2	0	1	6	7	0	134
15:55:00	57300	145	176	0	443	0	0	0	0	5	9	0	27	128	157	0	247	0	1	0	1	6	5	0	31	2	0	0	3	4	4	0	134
16:00:00	57600	180	166	0	457	1	0	0	1	4	4	0	27	157	153	0	251	1	0	0	2	3	2	0	32	3	2	0	4	11	5	0	140
16:05:00	57900	177	147	0	487	2	2	0	1	14	12	0	29	141	113	0	279	4	4	0	2	7	4	0	35	3	4	0	3	6	8	0	138
16:10:00	58200	167	183	0	471	3	0	0	4	4	5	0	28	147	157	0	269	1	3	0	0	3	4	0	34	2	2	0	3	7	12	0	133
16:15:00	58500	194	168	0	497	2	4	0	2	8	11	0	25	167	136	0	300	1	1	0	0	7	10	0	31	4	2	0	5	5	4	0	134
16:20:00	58800	188	175	0	510	0	2	0	0	6	5	0	26	162	156	0	306	2	2	0	0	8	5	0	34	3	5	0	3	7	0	0	141
16:25:00	59100	165	171	0	504	0	0	0	0	8	6	0	28	142	147	0	301	2	2	0	0	6	7	0	33	0	3	0	0	7	6	0	142
16:30:00	59400	143	171	0	476	1	1	0	0	8	4	0	32	126	155	0	272	0	0	0	0	0	3	0	30	1	0	0	1	7	8	0	141
16:35:00	59700	176	155	0	497	2	0	0	2	1	5	0	28	160	138	0	294	0	0	0	0	3	4	0	29	0	1	0	0	10	7	0	144
16:40:00	60000	163	171	0	489	1	2	0	1	11	8	0	31	134	146	0	282	0	0	0	0	5	5	0	29	2	1	0	1	10	9	0	145
16:45:00	60300	163	139	0	513	1	1	0	1	2	3	0	30	157	130	0	309	0	0	0	0	0	3	0	26	2	0	0	3	1	2	0	144
16:50:00	60600	163	175	0	501	0	1	0	0	8	3	0	35	133	155	0	287	2	1	0	1	8	4	0	30	5	3	0	5	7	8	0	143
16:55:00	60900	185	161	0	525	2	0	0	2	8	5	0	38	157	143	0	301	1	2	0	0	6	3	0	33	2	2	0	5	9	6	0	146
17:00:00	61200	172	178	0	519	1	2	0	1	6	12	0	32	139	143	0	297	4	2	0	2	8	7	0	34	2	4	0	3	12	8	0	150
17:05:00	61500	169	182	0	506	0	0	0	1	15	6	0	41	146	163	0	280	0	2	0	0	4	3	0	35	0	0	0	3	4	8	0	146
17:10:00	61800	162	179	0	489	1	2	0	0	7	7	0	41	136	143	0	273	1	1	0	0	6	13	0	28	4	3	0	4	7	10	0	143
17:15:00	62100	157	173	0	473	1	0	0	1	9	7	0	43	132	154	0	251	1	1	0	0	7	3	0	32	1	1	0	4	6	7	0	142
17:20:00	62400	182	164	0	491	2	2	0	1	7	9	0	41	149	133	0	267	1	1	0	0	7	9	0	30	3	2	0	5	13	8	0	147
17:25:00	62700	168	171	0	488	4	4	0	1	8	7	0	42	139	139	0	267	3	2	0	1	6	8	0	28	5	7	0	3	3	4	0	146
17:30:00	63000	186	181	0	493	0	1	0	0	11	5	0	48	153	156	0	264	0	1	0	0	9	8	0	29	3	2	0	4	10	8	0	148
17:35:00	63300	139	160	0	472	0	0	0	0	4	7	0	45	117	140	0	241	2	1	0	1	8	2	0	35	1	4	0	1	7	6	0	149
17:40:00	63600	156	149	0	479	0	0	0	0	9	6	0	48	138	131	0	248	0	1	0	0	5	4	0	36	0	0	0	1	4	7	0	146
17:45:00	63900	147	152	0	474	2	1	0	1	5	9	0	44	124	128	0	244	0	0	0	0	4	7	0	33	1	0	0	2	11	7	0	150
17:50:00	64200	151	152	0	473	1	1	0	1	8	9	0	43	128	130	0	242	1	1	0	0	5	6	0	32	2	1	0	3	6	4	0	152
17:55:00	64500	166	161	0	478	0	1	0	0	11	7	0	47	142	130	0	254	1	1	0	0	5	12	0	25	3	2	0	4	4	8	0	148
18:00:00	64800	166	161	0	483	0	0	0	0	4	5	0	46	144	139	0	259	1	1	0	0	8	3	0	30	1	3	0	2	8	10	0	146
18:05:00	65100	139	159	0	463	1	0	0	1	6	6	0	46	119	134	0	244	1	1	0	0	6	9	0	27	1	1	0	2	5	8	0	143
18:10:00	65400	118	150	0	431	1	0	0	2	5	4	0	47	93	128	0	209	2	1	0	1	4	6	0	25	1	2	0	1	12	9	0	146
18:15:00	65700	163	139	0	455	2	3	0	1	8	9	0	46	139	117	0	231	1	0	0	2	5	5	0	25	3	1	0	3	5	4	0	147
18:20:00	66000	142	153	0	444	3	1	0	3	3	4	0	45	122	128	0	225	0	2	0	0	5	6	0	24	2	3	0	2	7	9	0	145
18:25:00	66300	155	156	0	443	1	2	0	2	1	5	0	41	132	132	0	225	3	2	0	1	5	5	0	24	4	4	0	2	9	6	0	148
18:30:00	66600	140	135	0	448	2	4	0	0	5	4	0	42	117	112	0	230	1	2	0	0	8	8	0	24	4	1	0	5	3	4	0	147
18:35:00	66900	118	127	0	439	1	0	0	1	7	8	0	41	105	109	0	226	0	0	0	0	3	3	0	24	0	4	0	1	2	3	0	146
18:40:00	67200	114	158	0	395	0	1	0	0	5	8	0	38	100	136	0	190	0	0	0	0	4	6	0	22	1	2	0	0	4	5	0	145
18:45:00	67500	147	125	0	417	0	0	0	0	4	6	0	36	127	105	0	212	0	0	0	0	9	7	0	24	0	0	0	0	7	7	0	145
18:50:00	67800	132	137	0	412	1	0	0	1	10	6	0	40	106	119	0	199	0	0	0	0	5	6	0	23	1	0	0	1	9	6	0	148
18:55:00	68100	117	134	0	395	0	1	0	0	4	5	0	39	95	112	0	182	1	0	0	1	7	9	0	21	2	1	0	2	8	6	0	150
19:00:00	68400	114	121	0	388	1	0	0	1	8	3	0	44	96	104	0	174	2	1	0	2	5	7	0	19	1	3	0	0	1	3	0	148
19:05:00	68700	114	121	0	381	1	2	0	0	3	4	0	43	93	101	0	166	0	1	0	1	9	4	0	24	4	0	0	4	4	9	0	143
19:10:00	69000	108	105	0	384	4	2	0	2	6	2	0	47	82	86	0	162	1	2	0	0	7	3	0	28	3	3	0	4	5	7	0	141
19:15:00	69300	115	127	0	372	4	2	0	4	4	7	0	44	94	100	0	156	1	1	0	0	4	9	0	23	2	3	0	3	6	5	0	142
19:20:00	69600	114	136	0	350	2	3	0	3	7	11	0	40	90	106	0	140	3	1	0	2	2	5	0	20	6	5	0	4	4	5	0	141
19:25:00	69900	130	116	0	364	2	4	0	1	5	7	0	38	110	93	0	157	0	2	0	0	3	4	0	19	5	2	0	7	5	4	0	142
19:30:00	70200	104	111	0	357	3	1	0	3	3	8	0	33	84	79	0	162	3	2	0	1	2	5	0	16	3	7	0	3	6	9	0	139
19:35:00	70500	106	134	0	329	2	2	0	3	2	4	0	31	87	114	0	135	2	2	0	1	4	5	0	15	4	3	0	4	5	4	0	140
19:40:00	70800	101	123	0	307	3	4	0	2	2	7	0	26	76	91	0	120	3	2	0	2	4	4	0	15	5	4	0	5	8	11	0	137
19:45:00	71100	110	111	0	306	1	2	0	1	4	2	0	28	91	86	0	125	3	4	0	1	2	4	0	13	2	4	0	3	7	9	0	135
19:50:00	71400	92	102	0	296	1	2	0	0	4	8	0	24	72	81	0	116	0	0	0	1	3	3	0	13	3	2	0	4	9	6	0	138
19:55:00	71700	99	85	0	310	2	1	0	1	9	1	0	32	80	74	0	122	1	0	0	2	3	3	0	13	1	3	0	2	3	3	0	138
20:00:00	72000	84	99	0	295	3	1	0	3	3	8	0	27	68	83	0	107	1	1	0	2	4	1	0	16	3	2	0	3	2	3	0	137
20:05:00	72300	94	79	0	310	2	0	0	5	2	2	0	27	82	62	0	127	0	2	0	0	1	2	0	15	1	1	0	3	6	10	0	133
20:10:00	72600	87	98	0	299	4	1	0	8	1	7	0	21	71	78	0	120	2	1	0	1	5	4	0	16	1	3	0	1	3	4	0	132
20:15:00	72900	99	86	0	312	2	7	0	3	5	2	0	24	74	67	0	127	1	2	0	0	4	1	0	19	9	2	0	8	4	5	0	131
20:20:00	73200	75	90	0	297	2	1	0	4	2	1	0	25	57	66	0	118	2	2	0	0	7	8	0	18	1	8	0	1	4	4	0	131
20:25:00	73500	81	103	0	275	1	3	0	2	4	6	0	23	67	83	0	102	2	2	0	0	1	4	0	15	4	2	0	3	2	3	0	130
20:30:00	73800	62	70	0	267	1	0	0	3	3	2	0	24	51	57	0	96	1	0	0	1	2	3	0	14	0	3	0	0	4	5	0	129
20:35:00	74100	83	69	0	281	0	1	0	2	0	2	0	22	74	55	0	115	1	1	0	1	3	3	0	14	2	1	0	1	3	6	0	126
20:40:00	74400	66	75	0	272	0	0	0	2	3	2	0	23	55	65	0	105	0	0	0	1	3	4	0	13	2	0	0	3	3	4	0	125
20:45:00	74700	75	84	0	263	0	1	0	1	2	4	0	21	60	64	0	101	3	3	0	1	6	3	0	16	1	3	0	1	3	6	0	122
20:50:00	75000	67	70	0	260	3	0	0	4	6	1	0	26	50	60	0	91	0	0	0	1	1	4	0	13	2	1	0	2	5	4	0	123
20:55:00	75300	64	80	0	244	1	1	0	4	3	5	0	24	53	64	0	80	2	2	0	1	1	1	0	13	1	2	0	1	3	5	0	121
21:00:00	75600	64	67	0	241	0	2	0	2	3	3	0	24	51	49	0	82	1	2	0	0	0	3	0	10	5	2	0	4	4	6	0	119
21:05:00	75900	74	68	0	247	1	0	0	3	6	7	0	23	59	46	0	95	2	2	0	0	2	3	0	9	1	3	0	2	3	7	0	115
21:10:00	76200	70	76	0	241	0	2	0	1	4	3	0	24	54	59	0	90	3	2	0	1	1	1	0	9	5	3	0	4	3	6	0	112
21:15:00	76500	53	67	0	227	0	0	0	1	2	4	0	22	41	56	0	75	1	0	0	2	6	0	0	15	0	2	0	2	3	5	0	110
21:20:00	76800	54	69	0	212	2	1	0	2	0	5	0	17	45	50	0	70	2	4	0	0	2	5	0	12	2	2	0	2	1	2	0	109
21:25:00	77100	49	55	0	206	2	2	0	2	3	3	0	17	39	43	0	66	1	0	0	1	1	1	0	12	3	2	0	3	0	4	0	105
21:30:00	77400	53	51	0	208	1	0	0	3	2	2	0	17	46	35	0	77	1	2	0	0	1	3	0	10	0	3	0	0	2	6	0	101
21:35:00	77700	61	60	0	209	1	1	0	3	3	2	0	18	47	46	0	78	2	1	0	1	4	3	0	11	2	2	0	0	2	5	0	98
21:40:00	78000	56	52	0	213	1	2	0	2	1	3	0	16	45	35	0	88	1	1	0	1	1	3	0	9	4	1	0	3	3	7	0	94
21:45:00	78300	56	62	0	207	0	0	0	2	1	3	0	14	48	51	0	85	1	1	0	1	5	3	0	11	0	2	0	1	1	2	0	93
21:50:00	78600	81	74	0	214	2	1	0	3	3	4	0	13	68	57	0	96	1	2	0	0	2	2	0	11	1	2	0	0	4	6	0	91
21:55:00	78900	90	72	0	232	0	2	0	1	4	3	0	14	76	50	0	122	1	0	0	1	1	5	0	7	4	1	0	3	4	11	0	84
22:00:00	79200	107	53	0	286	2	0	0	3	0	1	0	13	102	44	0	180	1	2	0	0	2	1	0	8	0	3	0	0	0	2	0	82
22:05:00	79500	74	131	0	229	0	1	0	2	3	2	0	14	69	126	0	123	0	0	0	0	0	1	0	7	1	0	0	1	1	1	0	82
22:10:00	79800	44	110	0	163	1	1	0	2	0	4	0	10	37	103	0	57	0	0	0	0	1	0	0	8	1	0	0	2	4	2	0	84
22:15:00	80100	22	43	0	142	0	0	0	2	0	3	0	7	20	34	0	43	2	2	0	0	0	1	0	7	0	2	0	0	0	1	0	83
22:20:00	80400	26	27	0	141	0	1	0	1	1	1	0	7	21	21	0	43	0	0	0	0	1	1	0	7	2	0	0	2	1	3	0	81
22:25:00	80700	45	41	0	145	1	1	0	1	3	2	0	8	35	28	0	50	1	0	0	1	2	3	0	6	1	2	0	1	2	5	0	78
22:30:00	81000	35	35	0	145	1	1	0	1	1	2	0	7	29	26	0	53	1	1	0	1	0	0	0	6	1	1	0	1	2	4	0	76
22:35:00	81300	28	37	0	136	1	1	0	1	2	1	0	8	21	29	0	45	0	0	0	1	0	1	0	5	1	1	0	1	3	4	0	75
22:40:00	81600	17	35	0	118	0	0	0	1	0	1	0	7	12	29	0	28	0	1	0	0	1	0	0	6	1	0	0	2	3	4	0	74
22:45:00	81900	28	28	0	118	1	0	0	2	2	0	0	9	21	22	0	27	1	1	0	0	2	0	0	8	0	2	0	0	1	3	0	72
22:50:00	82200	23	30	0	111	1	3	0	0	1	3	0	7	15	17	0	25	0	0	0	0	0	2	0	6	3	0	0	3	3	5	0	70
22:55:00	82500	18	20	0	109	1	0	0	1	1	1	0	7	14	15	0	24	0	0	0	0	1	1	0	6	0	2	0	1	1	1	0	70
23:00:00	82800	11	19	0	101	0	1	0	0	0	0	0	7	9	13	0	20	0	0	0	0	0	2	0	4	2	1	0	2	0	2	0	68
23:05:00	83100	16	26	0	91	1	0	0	1	2	2	0	7	11	15	0	16	2	2	0	0	0	0	0	4	0	2	0	0	0	5	0	63
23:10:00	83400	19	11	0	99	1	0	0	2	0	0	0	7	16	11	0	21	0	0	0	0	1	0	0	5	1	0	0	1	0	0	0	63
23:15:00	83700	20	23	0	96	0	1	0	1	2	2	0	7	15	15	0	21	1	0	0	1	1	1	0	5	1	1	0	1	0	3	0	60
23:20:00	84000	16	17	0	95	1	0	0	2	4	1	0	10	11	10	0	22	0	1	0	0	0	1	0	4	0	1	0	0	0	3	0	57
23:25:00	84300	9	16	0	88	1	1	0	2	0	0	0	10	6	10	0	18	0	0	0	0	0	1	0	3	1	0	0	1	1	4	0	54
23:30:00	84600	20	12	0	96	3	0	0	5	1	0	0	11	12	10	0	20	0	0	0	0	2	0	0	5	1	1	0	1	1	1	0	54
23:35:00	84900	16	15	0	97	1	2	0	4	0	2	0	9	11	10	0	21	0	0	0	0	0	0	0	5	4	0	0	5	0	1	0	53
23:40:00	85200	21	23	0	95	0	2	0	2	0	3	0	6	13	14	0	20	3	1	0	2	2	0	0	7	3	3	0	5	0	0	0	53
23:45:00	85500	14	26	0	83	3	1	0	4	0	1	0	5	5	15	0	10	2	1	0	3	1	0	0	8	2	5	0	2	1	3	0	51
23:50:00	85800	9	17	0	75	0	2	0	2	0	1	0	4	5	5	0	10	2	5	0	0	0	0	0	8	2	2	0	2	0	2	0	49
23:55:00	86100	9	8	0	76	2	0	0	4	1	0	0	5	6	7	0	9	0	0	0	0	0	0	0	8	0	1	0	1	0	0	0	49
24:00:00	86400	7	14	0	69	0	2	0	2	0	0	0	5	4	6	0	7	0	0	0	0	0	2	0	6	2	0	0	3	1	4	0	46
24:05:00	86700	18	11	0	76	1	1	0	2	0	0	0	5	13	6	0	14	1	1	0	0	0	0	0	6	1	2	0	2	2	1	0	47
24:10:00	87000	10	13	0	73	0	0	0	2	2	0	0	7	1	6	0	9	2	1	0	1	1	0	0	7	1	2	0	1	3	4	0	46
24:15:00	87300	9	7	0	75	0	0	0	2	0	1	0	6	8	4	0	13	0	1	0	0	1	0	0	8	0	0	0	1	0	1	0	45
24:20:00	87600	8	11	0	72	0	0	0	2	0	2	0	4	6	4	0	15	1	0	0	1	0	1	0	7	1	1	0	1	0	3	0	42
24:25:00	87900	2	9	0	65	0	0	0	2	1	0	0	5	1	6	0	10	0	1	0	0	0	1	0	6	0	0	0	1	0	1	0	41
24:30:00	88200	9	7	0	67	0	0	0	2	0	0	0	5	6	3	0	13	1	0	0	1	1	2	0	5	0	1	0	0	1	1	0	41
24:35:00	88500	2	7	0	62	0	0	0	2	0	0	0	5	1	5	0	9	0	0	0	1	0	0	0	5	0	0	0	0	1	2	0	40
24:40:00	88800	4	4	0	62	1	1	0	2	0	0	0	5	1	1	0	9	0	0	0	1	0	0	0	5	1	0	0	1	1	2	0	39
24:45:00	89100	6	8	0	60	1	0	0	3	0	1	0	4	4	4	0	9	0	0	0	1	0	0	0	5	0	1	0	0	1	2	0	38
24:50:00	89400	3	8	0	55	0	1	0	2	0	1	0	3	2	4	0	7	0	1	0	0	0	0	0	5	1	0	0	1	0	1	0	37
24:55:00	89700	2	5	0	52	1	0	0	3	0	0	0	3	1	3	0	5	0	0	0	0	0	1	0	4	0	1	0	0	0	0	0	37
25:00:00	90000	4	6	0	50	0	2	0	1	0	1	0	2	1	2	0	4	0	0	0	0	0	0	0	4	2	0	0	2	1	1	0	37
25:05:00	90300	4	6	0	48	0	0	0	1	1	0	0	3	1	1	0	4	2	2	0	0	0	1	0	3	0	2	0	0	0	0	0	37
25:10:00	90600	2	4	0	46	0	0	0	1	0	1	0	2	1	3	0	2	0	0	0	0	1	0	0	4	0	0	0	0	0	0	0	37
25:15:00	90900	0	2	0	44	0	0	0	1	0	0	0	2	0	0	0	2	0	0	0	0	0	0	0	4	0	0	0	0	0	2	0	35
25:20:00	91200	1	4	0	41	0	0	0	1	0	0	0	2	1	2	0	1	0	0	0	0	0	1	0	3	0	0	0	0	0	1	0	34
25:25:00	91500	1	1	0	41	1	0	0	2	0	0	0	2	0	1	0	0	0	0	0	0	0	0	0	3	0	0	0	0	0	0	0	34
25:30:00	91800	1	2	0	40	0	1	0	1	0	0	0	2	0	0	0	0	0	0	0	0	0	1	0	2	1	0	0	1	0	0	0	34
25:35:00	92100	1	1	0	40	0	0	0	1	0	0	0	2	0	0	0	0	0	0	0	0	0	0	0	2	0	0	0	1	1	1	0	34
25:40:00	92400	4	2	0	42	1	0	0	2	0	1	0	1	2	0	0	2	0	0	0	0	1	0	0	3	0	1	0	0	0	0	0	34
25:45:00	92700	0	1	0	41	0	0	0	2	0	0	0	1	0	0	0	2	0	0	0	0	0	0	0	3	0	0	0	0	0	1	0	33
25:50:00	93000	0	1	0	40	0	0	0	2	0	0	0	1	0	1	0	1	0	0	0	0	0	0	0	3	0	0	0	0	0	0	0	33
25:55:00	93300	3	2	0	41	0	1	0	1	0	0	0	1	1	0	0	2	0	0	0	0	0	0	0	3	1	0	0	1	1	1	0	33
26:00:00	93600	1	3	0	39	0	1	0	0	0	0	0	1	0	1	0	1	0	0	0	0	0	1	0	2	1	0	0	2	0	0	0	33
26:05:00	93900	3	5	0	37	0	0	0	0	0	0	0	1	1	0	0	2	2	2	0	0	0	1	0	1	0	2	0	0	0	0	0	33
26:10:00	94200	0	2	0	35	0	0	0	0	0	0	0	1	0	1	0	1	0	0	0	0	0	0	0	1	0	0	0	0	0	1	0	32
26:15:00	94500	1	0	0	36	0	0	0	0	0	0	0	1	1	0	0	2	0	0	0	0	0	0	0	1	0	0	0	0	0	0	0	32
26:20:00	94800	0	0	0	36	0	0	0	0	0	0	0	1	0	0	0	2	0	0	0	0	0	0	0	1	0	0	0	0	0	0	0	32
26:25:00	95100	1	1	0	36	0	0	0	0	0	0	0	1	1	1	0	2	0	0	0	0	0	0	0	1	0	0	0	0	0	0	0	32
26:30:00	95400	1	2	0	35	0	0	0	0	0	0	0	1	1	2	0	1	0	0	0	0	0	0	0	1	0	0	0	0	0	0	0	32
26:35:00	95700	2	2	0	35	0	0	0	0	0	0	0	1	1	1	0	1	0	0	0	0	0	0	0	1	0	0	0	0	1	1	0	32
26:40:00	96000	0	0	0	35	0	0	0	0	0	0	0	1	0	0	0	1	0	0	0	0	0	0	0	1	0	0	0	0	0	0	0	32
26:45:00	96300	0	0	0	35	0	0	0	0	0	0	0	1	0	0	0	1	0	0	0	0	0	0	0	1	0	0	0	0	0	0	0	32
26:50:00	96600	0	1	0	34	0	0	0	0	0	0	0	1	0	1	0	0	0	0	0	0	0	0	0	1	0	0	0	0	0	0	0	32
26:55:00	96900	0	0	0	34	0	0	0	0	0	0	0	1	0	0	0	0	0	0	0	0	0	0	0	1	0	0	0	0	0	0	0	32
27:00:00	97200	0	1	0	33	0	0	0	0	0	0	0	1	0	0	0	0	0	0	0	0	0	0	0	1	0	0	0	0	0	1	0	31
27:05:00	97500	0	0	0	33	0	0	0	0	0	0	0	1	0	0	0	0	0	0	0	0	0	0	0	1	0	0	0	0	0	0	0	31
27:10:00	97800	0	0	0	33	0	0	0	0	0	0	0	1	0	0	0	0	0	0	0	0	0	0	0	1	0	0	0	0	0	0	0	31
27:15:00	98100	0	0	0	33	0	0	0	0	0	0	0	1	0	0	0	0	0	0	0	0	0	0	0	1	0	0	0	0	0	0	0	31
27:20:00	98400	0	0	0	33	0	0	0	0	0	0	0	1	0	0	0	0	0	0	0	0	0	0	0	1	0	0	0	0	0	0	0	31
27:25:00	98700	1	2	0	32	0	0	0	0	1	1	0	1	0	0	0	0	0	0	0	0	0	0	0	1	0	0	0	0	0	1	0	30
27:30:00	99000	0	0	0	32	0	0	0	0	0	0	0	1	0	0	0	0	0	0	0	0	0	0	0	1	0	0	0	0	0	0	0	30
27:35:00	99300	0	1	0	31	0	0	0	0	0	0	0	1	0	0	0	0	0	0	0	0	0	0	0	1	0	0	0	0	0	1	0	29
27:40:00	99600	0	0	0	31	0	0	0	0	0	0	0	1	0	0	0	0	0	0	0	0	0	0	0	1	0	0	0	0	0	0	0	29
27:45:00	99900	0	0	0	31	0	0	0	0	0	0	0	1	0	0	0	0	0	0	0	0	0	0	0	1	0	0	0	0	0	0	0	29
27:50:00	100200	0	0	0	31	0	0	0	0	0	0	0	1	0	0	0	0	0	0	0	0	0	0	0	1	0	0	0	0	0	0	0	29
27:55:00	100500	1	1	0	31	0	0	0	0	0	0	0	1	0	0	0	0	0	0	0	0	0	0	0	1	0	0	0	0	1	1	0	29
28:00:00	100800	0	1	0	30	0	0	0	0	0	0	0	1	0	0	0	0	0	0	0	0	0	0	0	1	0	0	0	0	0	1	0	28
28:05:00	101100	0	0	0	30	0	0	0	0	0	0	0	1	0	0	0	0	0	0	0	0	0	0	0	1	0	0	0	0	0	0	0	28
28:10:00	101400	0	1	0	29	0	0	0	0	0	0	0	1	0	0	0	0	0	0	0	0	0	1	0	0	0	0	0	0	0	0	0	28
28:15:00	101700	1	0	0	30	0	0	0	0	0	0	0	1	0	0	0	0	0	0	0	0	1	0	0	1	0	0	0	0	0	0	0	28
28:20:00	102000	0	0	0	30	0	0	0	0	0	0	0	1	0	0	0	0	0	0	0	0	0	0	0	1	0	0	0	0	0	0	0	28
28:25:00	102300	0	0	0	30	0	0	0	0	0	0	0	1	0	0	0	0	0	0	0	0	0	0	0	1	0	0	0	0	0	0	0	28
28:30:00	102600	0	0	0	30	0	0	0	0	0	0	0	1	0	0	0	0	0	0	0	0	0	0	0	1	0	0	0	0	0	0	0	28
28:35:00	102900	0	0	0	30	0	0	0	0	0	0	0	1	0	0	0	0	0	0	0	0	0	0	0	1	0	0	0	0	0	0	0	28
28:40:00	103200	0	1	0	29	0	0	0	0	0	0	0	1	0	0	0	0	0	0	0	0	0	1	0	0	0	0	0	0	0	0	0	28
28:45:00	103500	0	0	0	29	0	0	0	0	0	0	0	1	0	0	0	0	0	0	0	0	0	0	0	0	0	0	0	0	0	0	0	28
28:50:00	103800	0	0	0	29	0	0	0	0	0	0	0	1	0	0	0	0	0	0	0	0	0	0	0	0	0	0	0	0	0	0	0	28
28:55:00	104100	0	1	0	28	0	0	0	0	0	0	0	1	0	0	0	0	0	0	0	0	0	0	0	0	0	0	0	0	0	1	0	27
29:00:00	104400	0	0	0	28	0	0	0	0	0	0	0	1	0	0	0	0	0	0	0	0	0	0	0	0	0	0	0	0	0	0	0	27
29:05:00	104700	0	0	0	28	0	0	0	0	0	0	0	1	0	0	0	0	0	0	0	0	0	0	0	0	0	0	0	0	0	0	0	27
29:10:00	105000	0	0	0	28	0	0	0	0	0	0	0	1	0	0	0	0	0	0	0	0	0	0	0	0	0	0	0	0	0	0	0	27
29:15:00	105300	0	0	0	28	0	0	0	0	0	0	0	1	0	0	0	0	0	0	0	0	0	0	0	0	0	0	0	0	0	0	0	27
29:20:00	105600	0	0	0	28	0	0	0	0	0	0	0	1	0	0	0	0	0	0	0	0	0	0	0	0	0	0	0	0	0	0	0	27
29:25:00	105900	0	0	0	28	0	0	0	0	0	0	0	1	0	0	0	0	0	0	0	0	0	0	0	0	0	0	0	0	0	0	0	27
29:30:00	106200	0	0	0	28	0	0	0	0	0	0	0	1	0	0	0	0	0	0	0	0	0	0	0	0	0	0	0	0	0	0	0	27
29:35:00	106500	0	0	0	28	0	0	0	0	0	0	0	1	0	0	0	0	0	0	0	0	0	0	0	0	0	0	0	0	0	0	0	27
29:40:00	106800	0	0	0	28	0	0	0	0	0	0	0	1	0	0	0	0	0	0	0	0	0	0	0	0	0	0	0	0	0	0	0	27
29:45:00	107100	0	0	0	28	0	0	0	0	0	0	0	1	0	0	0	0	0	0	0	0	0	0	0	0	0	0	0	0	0	0	0	27
29:50:00	107400	0	0	0	28	0	0	0	0	0	0	0	1	0	0	0	0	0	0	0	0	0	0	0	0	0	0	0	0	0	0	0	27
29:55:00	107700	0	0	0	28	0	0	0	0	0	0	0	1	0	0	0	0	0	0	0	0	0	0	0	0	0	0	0	0	0	0	0	27
30:00:00	108000	0	0	28	0	0	0	0	0	0	0	1	0	0	0	0	0	0	0	0	0	0	0	0	0	0	0	0	0	0	0	27	0
30:05:00	108300	0	0	0	0	0	0	0	0	0	0	0	0	0	0	0	0	0	0	0	0	0	0	0	0	0	0	0	0	0	0	0	0
