time	time	departures_all	arrivals_all	stuck_all	en-route_all	departures_access_walk_tw	arrivals_access_walk_tw	stuck_access_walk_tw	en-route_access_walk_tw	departures_bike	arrivals_bike	stuck_bike	en-route_bike	departures_car	arrivals_car	stuck_car	en-route_car	departures_egress_walk_tw	arrivals_egress_walk_tw	stuck_egress_walk_tw	en-route_egress_walk_tw	departures_pt	arrivals_pt	stuck_pt	en-route_pt	departures_twoway_vehicle	arrivals_twoway_vehicle	stuck_twoway_vehicle	en-route_twoway_vehicle	departures_walk	arrivals_walk	stuck_walk	en-route_walk
00:00:00	0	7	0	0	7	0	0	0	0	0	0	0	0	7	0	0	7	0	0	0	0	0	0	0	0	0	0	0	0	0	0	0	0
00:05:00	300	2	2	0	7	0	0	0	0	0	0	0	0	1	2	0	6	0	0	0	0	0	0	0	0	0	0	0	0	1	0	0	1
00:10:00	600	1	5	0	3	1	0	0	1	0	0	0	0	0	5	0	1	0	0	0	0	0	0	0	0	0	0	0	0	0	0	0	1
00:15:00	900	1	1	0	3	0	1	0	0	0	0	0	0	0	0	0	1	0	0	0	0	0	0	0	0	1	0	0	1	0	0	0	1
00:20:00	1200	0	0	0	3	0	0	0	0	0	0	0	0	0	0	0	1	0	0	0	0	0	0	0	0	0	0	0	1	0	0	0	1
00:25:00	1500	1	1	0	3	0	0	0	0	0	0	0	0	1	0	0	2	0	0	0	0	0	0	0	0	0	1	0	0	0	0	0	1
00:30:00	1800	1	0	0	4	0	0	0	0	0	0	0	0	1	0	0	3	0	0	0	0	0	0	0	0	0	0	0	0	0	0	0	1
00:35:00	2100	2	2	0	4	1	0	0	1	0	0	0	0	1	2	0	2	0	0	0	0	0	0	0	0	0	0	0	0	0	0	0	1
00:40:00	2400	1	1	0	4	0	1	0	0	0	0	0	0	0	0	0	2	0	0	0	0	0	0	0	0	1	0	0	1	0	0	0	1
00:45:00	2700	0	2	0	2	0	0	0	0	0	0	0	0	0	1	0	1	0	0	0	0	0	0	0	0	0	1	0	0	0	0	0	1
00:50:00	3000	3	1	0	4	1	0	0	1	0	0	0	0	2	1	0	2	0	0	0	0	0	0	0	0	0	0	0	0	0	0	0	1
00:55:00	3300	2	1	0	5	0	0	0	1	0	0	0	0	2	1	0	3	0	0	0	0	0	0	0	0	0	0	0	0	0	0	0	1
01:00:00	3600	1	2	0	4	0	1	0	0	0	0	0	0	0	1	0	2	0	0	0	0	0	0	0	0	1	0	0	1	0	0	0	1
01:05:00	3900	2	0	0	6	0	0	0	0	0	0	0	0	2	0	0	4	0	0	0	0	0	0	0	0	0	0	0	1	0	0	0	1
01:10:00	4200	2	1	0	7	1	0	0	1	0	0	0	0	1	1	0	4	0	0	0	0	0	0	0	0	0	0	0	1	0	0	0	1
01:15:00	4500	3	1	0	9	1	1	0	1	0	0	0	0	1	0	0	5	0	0	0	0	0	0	0	0	1	0	0	2	0	0	0	1
01:20:00	4800	1	1	0	9	0	0	0	1	0	0	0	0	1	0	0	6	0	0	0	0	0	0	0	0	0	1	0	1	0	0	0	1
01:25:00	5100	2	5	0	6	0	0	0	1	1	0	0	1	0	4	0	2	0	0	0	0	1	0	0	1	0	1	0	0	0	0	0	1
01:30:00	5400	5	2	0	9	0	1	0	0	0	0	0	1	3	1	0	4	0	0	0	0	0	0	0	1	2	0	0	2	0	0	0	1
01:35:00	5700	3	4	0	8	0	0	0	0	0	0	0	1	2	3	0	3	1	0	0	1	0	0	0	1	0	1	0	1	0	0	0	1
01:40:00	6000	4	2	0	10	2	0	0	2	0	0	0	1	2	1	0	4	0	0	0	1	0	0	0	1	0	1	0	0	0	0	0	1
01:45:00	6300	1	3	0	8	1	0	0	3	0	0	0	1	0	1	0	3	0	1	0	0	0	1	0	0	0	0	0	0	0	0	0	1
01:50:00	6600	2	2	0	8	0	2	0	1	0	0	0	1	0	0	0	3	0	0	0	0	0	0	0	0	2	0	0	2	0	0	0	1
01:55:00	6900	2	2	0	8	0	0	0	1	0	1	0	0	2	1	0	4	0	0	0	0	0	0	0	0	0	0	0	2	0	0	0	1
02:00:00	7200	4	3	0	9	1	1	0	1	0	0	0	0	2	1	0	5	0	0	0	0	0	0	0	0	1	1	0	2	0	0	0	1
02:05:00	7500	3	1	0	11	0	1	0	0	1	0	0	1	1	0	0	6	0	0	0	0	0	0	0	0	1	0	0	3	0	0	0	1
02:10:00	7800	4	2	0	13	0	0	0	0	0	0	0	1	3	1	0	8	0	0	0	0	1	0	0	1	0	1	0	2	0	0	0	1
02:15:00	8100	2	2	0	13	1	0	0	1	0	0	0	1	1	2	0	7	0	0	0	0	0	0	0	1	0	0	0	2	0	0	0	1
02:20:00	8400	1	4	0	10	0	1	0	0	0	0	0	1	0	2	0	5	0	0	0	0	0	0	0	1	1	1	0	2	0	0	0	1
02:25:00	8700	7	2	0	15	0	0	0	0	1	0	0	2	6	1	0	10	0	0	0	0	0	0	0	1	0	1	0	1	0	0	0	1
02:30:00	9000	6	2	0	19	1	0	0	1	0	1	0	1	2	1	0	11	0	0	0	0	0	0	0	1	0	0	0	1	3	0	0	4
02:35:00	9300	6	5	0	20	2	0	0	3	0	0	0	1	4	5	0	10	0	0	0	0	0	0	0	1	0	0	0	1	0	0	0	4
02:40:00	9600	6	7	0	19	0	2	0	1	0	0	0	1	4	5	0	9	0	0	0	0	0	0	0	1	2	0	0	3	0	0	0	4
02:45:00	9900	9	4	0	24	0	0	0	1	1	0	0	2	7	3	0	13	0	0	0	0	0	0	0	1	0	1	0	2	1	0	0	5
02:50:00	10200	9	6	0	27	4	0	0	5	0	1	0	1	4	5	0	12	0	0	0	0	1	0	0	2	0	0	0	2	0	0	0	5
02:55:00	10500	15	7	0	35	1	4	0	2	0	0	0	1	10	3	0	19	0	0	0	0	0	0	0	2	4	0	0	6	0	0	0	5
03:00:00	10800	7	7	0	35	0	1	0	1	0	1	0	0	6	3	0	22	0	0	0	0	0	0	0	2	1	2	0	5	0	0	0	5
03:05:00	11100	4	6	0	33	0	1	0	0	0	0	0	0	3	3	0	22	0	0	0	0	0	0	0	2	1	2	0	4	0	0	0	5
03:10:00	11400	4	9	0	28	0	0	0	0	0	0	0	0	4	7	0	19	0	0	0	0	0	1	0	1	0	1	0	3	0	0	0	5
03:15:00	11700	5	5	0	28	0	0	0	0	1	0	0	1	4	5	0	18	0	0	0	0	0	0	0	1	0	0	0	3	0	0	0	5
03:20:00	12000	5	2	0	31	0	0	0	0	0	0	0	1	3	2	0	19	0	0	0	0	1	0	0	2	0	0	0	3	1	0	0	6
03:25:00	12300	9	7	0	33	0	0	0	0	0	0	0	1	9	5	0	23	0	0	0	0	0	0	0	2	0	0	0	3	0	2	0	4
03:30:00	12600	10	5	0	38	0	0	0	0	0	0	0	1	9	5	0	27	0	0	0	0	1	0	0	3	0	0	0	3	0	0	0	4
03:35:00	12900	12	3	0	47	2	1	0	1	0	0	0	1	7	2	0	32	0	0	0	0	0	0	0	3	1	0	0	4	2	0	0	6
03:40:00	13200	12	15	0	44	0	0	0	1	0	0	0	1	10	11	0	31	1	0	0	1	0	1	0	2	1	2	0	3	0	1	0	5
03:45:00	13500	17	15	0	46	1	0	0	2	2	0	0	3	13	13	0	31	0	1	0	0	0	1	0	1	0	0	0	3	1	0	0	6
03:50:00	13800	16	11	0	51	0	1	0	1	1	0	0	4	13	9	0	35	0	0	0	0	1	0	0	2	1	1	0	3	0	0	0	6
03:55:00	14100	16	11	0	56	0	0	0	1	1	0	0	5	13	10	0	38	0	0	0	0	0	0	0	2	0	1	0	2	2	0	0	8
04:00:00	14400	16	12	0	60	0	0	0	1	1	2	0	4	14	9	0	43	0	0	0	0	0	0	0	2	0	1	0	1	1	0	0	9
04:05:00	14700	22	14	0	68	1	1	0	1	0	0	0	4	16	12	0	47	0	0	0	0	1	0	0	3	1	0	0	2	3	1	0	11
04:10:00	15000	18	10	0	76	1	0	0	2	1	1	0	4	13	9	0	51	0	0	0	0	1	0	0	4	0	0	0	2	2	0	0	13
04:15:00	15300	15	21	0	70	1	1	0	2	1	1	0	4	10	18	0	43	0	0	0	0	1	0	0	5	1	1	0	2	1	0	0	14
04:20:00	15600	22	12	0	80	1	1	0	2	1	0	0	5	16	10	0	49	0	0	0	0	1	1	0	5	1	0	0	3	2	0	0	16
04:25:00	15900	19	13	0	86	1	0	0	3	0	1	0	4	17	9	0	57	0	0	0	0	1	1	0	5	0	2	0	1	0	0	0	16
04:30:00	16200	34	20	0	100	2	1	0	4	1	0	0	5	28	19	0	66	0	0	0	0	0	0	0	5	1	0	0	2	2	0	0	18
04:35:00	16500	26	19	0	107	1	2	0	3	3	0	0	8	16	17	0	65	0	0	0	0	2	0	0	7	2	0	0	4	2	0	0	20
04:40:00	16800	20	28	0	99	0	1	0	2	0	0	0	8	15	23	0	57	0	0	0	0	2	1	0	8	1	3	0	2	2	0	0	22
04:45:00	17100	19	21	0	97	0	2	0	0	1	2	0	7	12	15	0	54	0	0	0	0	3	1	0	10	2	1	0	3	1	0	0	23
04:50:00	17400	27	25	0	99	0	0	0	0	0	2	0	5	25	21	0	58	0	0	0	0	2	1	0	11	0	1	0	2	0	0	0	23
04:55:00	17700	35	25	0	109	0	0	0	0	5	1	0	9	26	21	0	63	0	0	0	0	3	1	0	13	0	2	0	0	1	0	0	24
05:00:00	18000	30	19	0	120	3	0	0	3	2	1	0	10	21	18	0	66	0	0	0	0	1	0	0	14	0	0	0	0	3	0	0	27
05:05:00	18300	36	22	0	134	0	2	0	1	2	0	0	12	29	20	0	75	0	0	0	0	2	0	0	16	2	0	0	2	1	0	0	28
05:10:00	18600	41	25	0	150	1	1	0	1	0	1	0	11	31	19	0	87	0	0	0	0	3	2	0	17	1	1	0	2	5	1	0	32
05:15:00	18900	37	38	0	149	2	3	0	0	2	0	0	13	25	32	0	80	0	0	0	0	2	2	0	17	3	1	0	4	3	0	0	35
05:20:00	19200	39	34	0	154	1	1	0	0	0	0	0	13	29	30	0	79	0	0	0	0	2	1	0	18	1	2	0	3	6	0	0	41
05:25:00	19500	34	21	0	167	1	0	0	1	1	1	0	13	31	16	0	94	0	0	0	0	1	3	0	16	0	0	0	3	0	1	0	40
05:30:00	19800	24	34	0	157	1	2	0	0	2	0	0	15	15	27	0	82	0	0	0	0	3	3	0	16	2	2	0	3	1	0	0	41
05:35:00	20100	34	28	0	163	0	0	0	0	2	3	0	14	26	21	0	87	0	0	0	0	2	2	0	16	0	2	0	1	4	0	0	45
05:40:00	20400	49	34	0	178	2	0	0	2	3	1	0	16	39	28	0	98	0	0	0	0	4	2	0	18	0	1	0	0	1	2	0	44
05:45:00	20700	41	33	0	186	1	1	0	2	2	0	0	18	34	31	0	101	0	0	0	0	3	1	0	20	1	0	0	1	0	0	0	44
05:50:00	21000	33	38	0	181	0	1	0	1	2	3	0	17	25	30	0	96	0	0	0	0	2	3	0	19	1	0	0	2	3	1	0	46
05:55:00	21300	37	40	0	178	0	0	0	1	2	3	0	16	30	33	0	93	0	0	0	0	3	2	0	20	0	1	0	1	2	1	0	47
06:00:00	21600	39	31	0	186	0	0	0	1	2	1	0	17	34	26	0	101	0	0	0	0	1	0	0	21	0	1	0	0	2	3	0	46
06:05:00	21900	46	53	0	179	1	1	0	1	3	1	0	19	32	47	0	86	0	0	0	0	4	4	0	21	1	0	0	1	5	0	0	51
06:10:00	22200	44	24	0	199	0	1	0	0	2	3	0	18	34	18	0	102	0	0	0	0	2	1	0	22	1	0	0	2	5	1	0	55
06:15:00	22500	49	36	0	212	0	0	0	0	0	0	0	18	45	34	0	113	0	0	0	0	0	1	0	21	0	1	0	1	4	0	0	59
06:20:00	22800	45	39	0	218	0	0	0	0	1	2	0	17	35	34	0	114	0	0	0	0	5	2	0	24	1	1	0	1	3	0	0	62
06:25:00	23100	29	48	0	199	0	0	0	0	0	0	0	17	24	44	0	94	1	1	0	0	3	1	0	26	0	1	0	0	1	1	0	62
06:30:00	23400	64	42	0	221	0	0	0	0	1	1	0	17	53	36	0	111	0	0	0	0	3	3	0	26	0	0	0	0	7	2	0	67
06:35:00	23700	51	40	0	232	0	0	0	0	1	3	0	15	43	33	0	121	0	0	0	0	5	2	0	29	1	0	0	1	1	2	0	66
06:40:00	24000	50	54	0	228	0	0	0	0	3	4	0	14	39	46	0	114	1	0	0	1	1	1	0	29	0	1	0	0	6	2	0	70
06:45:00	24300	51	55	0	224	0	0	0	0	4	2	0	16	43	49	0	108	0	1	0	0	1	2	0	28	0	0	0	0	3	1	0	72
06:50:00	24600	45	57	0	212	0	0	0	0	5	4	0	17	32	44	0	96	0	0	0	0	3	9	0	22	0	0	0	0	5	0	0	77
06:55:00	24900	64	46	0	230	0	0	0	0	5	2	0	20	53	38	0	111	0	0	0	0	2	0	0	24	0	0	0	0	4	6	0	75
07:00:00	25200	60	51	0	239	0	0	0	0	5	1	0	24	45	45	0	111	0	0	0	0	3	3	0	24	1	0	0	1	6	2	0	79
07:05:00	25500	64	64	0	239	0	0	0	0	8	4	0	28	52	51	0	112	1	0	0	1	1	5	0	20	0	1	0	0	2	3	0	78
07:10:00	25800	65	66	0	238	0	0	0	0	0	3	0	25	59	58	0	113	0	1	0	0	4	2	0	22	0	0	0	0	2	2	0	78
07:15:00	26100	55	51	0	242	1	1	0	0	3	2	0	26	42	45	0	110	0	0	0	0	4	2	0	24	2	0	0	2	3	1	0	80
07:20:00	26400	64	61	0	245	0	0	0	0	2	4	0	24	58	53	0	115	1	0	0	1	3	2	0	25	0	2	0	0	0	0	0	80
07:25:00	26700	65	51	0	259	0	0	0	0	2	3	0	23	50	48	0	117	0	0	0	1	4	0	0	29	1	0	0	1	8	0	0	88
07:30:00	27000	71	76	0	254	0	0	0	0	3	3	0	23	60	66	0	111	0	1	0	0	4	3	0	30	0	0	0	1	4	3	0	89
07:35:00	27300	64	77	0	241	0	0	0	0	2	4	0	21	55	67	0	99	1	0	0	1	5	3	0	32	1	1	0	1	0	2	0	87
07:40:00	27600	65	65	0	241	0	0	0	0	6	3	0	24	51	54	0	96	0	0	0	1	3	5	0	30	1	0	0	2	4	3	0	88
07:45:00	27900	69	60	0	250	0	0	0	0	2	1	0	25	59	49	0	106	2	2	0	1	2	3	0	29	1	2	0	1	3	3	0	88
07:50:00	28200	70	63	0	257	1	1	0	0	7	4	0	28	56	51	0	111	0	0	0	1	0	6	0	23	1	0	0	2	5	1	0	92
07:55:00	28500	80	68	0	269	0	0	0	0	5	7	0	26	66	56	0	121	1	1	0	1	4	2	0	25	0	1	0	1	4	1	0	95
08:00:00	28800	63	65	0	267	0	0	0	0	1	4	0	23	51	53	0	119	0	1	0	0	8	2	0	31	0	0	0	1	3	5	0	93
08:05:00	29100	99	66	0	300	0	0	0	0	9	3	0	29	76	56	0	139	1	0	0	1	3	3	0	31	1	2	0	0	9	2	0	100
08:10:00	29400	85	74	0	311	0	0	0	0	9	3	0	35	71	67	0	143	0	1	0	0	2	1	0	32	0	0	0	0	3	2	0	101
08:15:00	29700	92	80	0	323	0	0	0	0	5	3	0	37	80	73	0	150	0	0	0	0	2	1	0	33	0	0	0	0	5	3	0	103
08:20:00	30000	80	99	0	304	0	0	0	0	7	9	0	35	64	79	0	135	0	0	0	0	3	5	0	31	1	0	0	1	5	6	0	102
08:25:00	30300	83	106	0	281	0	0	0	0	3	9	0	29	70	84	0	121	1	0	0	1	4	8	0	27	1	1	0	1	4	4	0	102
08:30:00	30600	83	70	0	294	0	0	0	0	6	7	0	28	71	58	0	134	0	1	0	0	3	1	0	29	1	0	0	2	2	3	0	101
08:35:00	30900	84	92	0	286	0	0	0	0	1	7	0	22	76	82	0	128	0	0	0	0	3	2	0	30	0	0	0	2	4	1	0	104
08:40:00	31200	87	81	0	292	0	0	0	0	11	6	0	27	64	67	0	125	1	0	0	1	5	4	0	31	0	1	0	1	6	3	0	107
08:45:00	31500	83	82	0	293	1	0	0	1	1	1	0	27	72	73	0	124	1	1	0	1	5	3	0	33	0	1	0	0	3	3	0	107
08:50:00	31800	86	84	0	295	0	1	0	0	3	5	0	25	76	70	0	130	0	0	0	1	3	5	0	31	1	0	0	1	3	3	0	107
08:55:00	32100	103	91	0	307	0	0	0	0	6	4	0	27	82	78	0	134	0	1	0	0	8	4	0	35	0	1	0	0	7	3	0	111
09:00:00	32400	91	96	0	302	1	0	0	1	6	4	0	29	77	80	0	131	0	0	0	0	2	8	0	29	0	0	0	0	5	4	0	112
09:05:00	32700	79	99	0	282	0	0	0	1	3	4	0	28	68	86	0	113	0	0	0	0	5	4	0	30	0	0	0	0	3	5	0	110
09:10:00	33000	115	93	0	304	1	1	0	1	5	8	0	25	90	74	0	129	0	0	0	0	8	6	0	32	1	0	0	1	10	4	0	116
09:15:00	33300	91	99	0	296	0	0	0	1	8	9	0	24	74	81	0	122	0	0	0	0	7	4	0	35	0	1	0	0	2	4	0	114
09:20:00	33600	100	87	0	309	0	0	0	1	4	3	0	25	90	80	0	132	0	0	0	0	3	4	0	34	0	0	0	0	3	0	0	117
09:25:00	33900	114	88	0	335	0	0	0	1	6	6	0	25	99	76	0	155	0	0	0	0	4	4	0	34	0	0	0	0	5	2	0	120
09:30:00	34200	89	116	0	308	0	1	0	0	2	8	0	19	77	98	0	134	0	0	0	0	3	6	0	31	2	0	0	2	5	3	0	122
09:35:00	34500	110	100	0	318	0	0	0	0	8	3	0	24	91	83	0	142	1	0	0	1	3	6	0	28	2	2	0	2	5	6	0	121
09:40:00	34800	105	103	0	320	1	0	0	1	4	3	0	25	89	89	0	142	0	0	0	1	6	7	0	27	0	0	0	2	5	4	0	122
09:45:00	35100	127	107	0	340	0	1	0	0	6	5	0	26	110	88	0	164	0	0	0	1	2	3	0	26	1	0	0	3	8	10	0	120
09:50:00	35400	125	121	0	344	0	0	0	0	6	6	0	26	105	102	0	167	0	1	0	0	7	4	0	29	0	1	0	2	7	7	0	120
09:55:00	35700	114	112	0	346	0	0	0	0	10	5	0	31	97	95	0	169	1	0	0	1	0	3	0	26	0	1	0	1	6	8	0	118
10:00:00	36000	115	122	0	339	0	0	0	0	3	5	0	29	101	107	0	163	0	1	0	0	1	3	0	24	0	0	0	1	10	6	0	122
10:05:00	36300	139	136	0	342	0	0	0	0	7	11	0	25	124	114	0	173	1	0	0	1	3	7	0	20	2	1	0	2	2	3	0	121
10:10:00	36600	112	113	0	341	0	0	0	0	8	7	0	26	93	102	0	164	0	0	0	1	7	2	0	25	1	0	0	3	3	2	0	122
10:15:00	36900	114	104	0	351	0	0	0	0	5	4	0	27	92	89	0	167	2	1	0	2	3	6	0	22	0	2	0	1	12	2	0	132
10:20:00	37200	140	134	0	357	1	1	0	0	4	8	0	23	120	110	0	177	1	0	0	3	6	5	0	23	1	1	0	1	7	9	0	130
10:25:00	37500	110	127	0	340	0	0	0	0	5	6	0	22	94	108	0	163	0	1	0	2	6	6	0	23	2	1	0	2	3	5	0	128
10:30:00	37800	117	112	0	345	0	0	0	0	7	3	0	26	99	97	0	165	1	3	0	0	6	4	0	25	1	1	0	2	3	4	0	127
10:35:00	38100	139	126	0	358	1	0	0	1	10	6	0	30	116	105	0	176	1	0	0	1	5	4	0	26	0	1	0	1	6	10	0	123
10:40:00	38400	124	140	0	342	0	1	0	0	11	8	0	33	101	114	0	163	1	1	0	1	3	5	0	24	2	1	0	2	6	10	0	119
10:45:00	38700	121	118	0	345	0	0	0	0	4	11	0	26	106	95	0	174	0	0	0	1	6	5	0	25	0	1	0	1	5	6	0	118
10:50:00	39000	129	125	0	349	0	0	0	0	8	8	0	26	110	110	0	174	1	0	0	2	3	2	0	26	0	1	0	0	7	4	0	121
10:55:00	39300	132	127	0	354	0	0	0	0	8	3	0	31	109	108	0	175	0	2	0	0	6	8	0	24	0	0	0	0	9	6	0	124
11:00:00	39600	142	113	0	383	0	0	0	0	7	7	0	31	121	102	0	194	0	0	0	0	9	2	0	31	0	0	0	0	5	2	0	127
11:05:00	39900	140	128	0	395	0	0	0	0	7	7	0	31	120	111	0	203	0	0	0	0	4	4	0	31	2	0	0	2	7	6	0	128
11:10:00	40200	130	157	0	368	1	1	0	0	5	9	0	27	115	133	0	185	0	0	0	0	3	9	0	25	1	0	0	3	5	5	0	128
11:15:00	40500	130	129	0	369	2	1	0	1	5	8	0	24	110	110	0	185	1	0	0	1	6	4	0	27	2	2	0	3	4	4	0	128
11:20:00	40800	143	143	0	369	1	2	0	0	6	9	0	21	123	116	0	192	1	1	0	1	3	7	0	23	2	2	0	3	7	6	0	129
11:25:00	41100	135	142	0	362	0	0	0	0	11	2	0	30	114	130	0	176	0	1	0	0	3	6	0	20	0	2	0	1	7	1	0	135
11:30:00	41400	141	129	0	374	0	0	0	0	7	9	0	28	119	107	0	188	0	0	0	0	5	3	0	22	2	0	0	3	8	10	0	133
11:35:00	41700	118	135	0	357	0	0	0	0	5	8	0	25	101	116	0	173	1	0	0	1	5	5	0	22	1	1	0	3	5	5	0	133
11:40:00	42000	124	113	0	368	0	0	0	0	9	8	0	26	103	92	0	184	1	0	0	2	6	4	0	24	0	1	0	2	5	8	0	130
11:45:00	42300	154	134	0	388	3	1	0	2	5	8	0	23	123	109	0	198	1	2	0	1	9	5	0	28	4	1	0	5	9	8	0	131
11:50:00	42600	142	143	0	387	3	2	0	3	3	6	0	20	123	114	0	207	0	1	0	0	4	9	0	23	4	1	0	8	5	10	0	126
11:55:00	42900	151	148	0	390	0	3	0	0	6	6	0	20	123	125	0	205	2	1	0	1	11	3	0	31	3	3	0	8	6	7	0	125
12:00:00	43200	132	146	0	376	0	0	0	0	10	4	0	26	109	122	0	192	2	0	0	3	4	8	0	27	2	5	0	5	5	7	0	123
12:05:00	43500	133	145	0	364	1	1	0	0	3	2	0	27	107	130	0	169	1	1	0	3	5	4	0	28	2	2	0	5	14	5	0	132
12:10:00	43800	131	121	0	374	1	1	0	0	8	10	0	25	115	95	0	189	2	3	0	2	1	4	0	25	1	2	0	4	3	6	0	129
12:15:00	44100	136	128	0	382	0	0	0	0	8	7	0	26	119	104	0	204	0	1	0	1	2	6	0	21	3	1	0	6	4	9	0	124
12:20:00	44400	134	134	0	382	0	0	0	0	5	8	0	23	108	112	0	200	1	1	0	1	11	5	0	27	2	2	0	6	7	6	0	125
12:25:00	44700	122	139	0	365	1	0	0	1	8	6	0	25	97	116	0	181	2	2	0	1	5	7	0	25	3	2	0	7	6	6	0	125
12:30:00	45000	133	118	0	380	1	2	0	0	4	5	0	24	111	100	0	192	2	0	0	3	9	1	0	33	2	2	0	7	4	8	0	121
12:35:00	45300	138	136	0	382	0	0	0	0	9	8	0	25	115	113	0	194	1	1	0	3	6	7	0	32	1	1	0	7	6	6	0	121
12:40:00	45600	157	154	0	385	0	0	0	0	7	9	0	23	137	121	0	210	2	4	0	1	2	6	0	28	1	4	0	4	8	10	0	119
12:45:00	45900	149	136	0	398	0	0	0	0	5	6	0	22	129	117	0	222	1	1	0	1	7	5	0	30	0	1	0	3	7	6	0	120
12:50:00	46200	130	152	0	376	1	0	0	1	6	7	0	21	110	132	0	200	0	0	0	1	4	9	0	25	1	0	0	4	8	4	0	124
12:55:00	46500	135	133	0	378	1	1	0	1	6	5	0	22	116	120	0	196	0	0	0	1	1	5	0	21	4	0	0	8	7	2	0	129
13:00:00	46800	145	143	0	380	0	1	0	0	7	4	0	25	122	120	0	198	3	1	0	3	5	7	0	19	3	4	0	7	5	6	0	128
13:05:00	47100	122	135	0	367	1	0	0	1	4	6	0	23	103	111	0	190	3	4	0	2	2	4	0	17	0	4	0	3	9	6	0	131
13:10:00	47400	140	129	0	378	0	1	0	0	10	5	0	28	112	112	0	190	0	2	0	0	6	2	0	21	3	1	0	5	9	6	0	134
13:15:00	47700	129	133	0	374	1	0	0	1	2	7	0	23	109	110	0	189	3	0	0	3	7	3	0	25	1	3	0	3	6	10	0	130
13:20:00	48000	129	128	0	375	0	1	0	0	7	9	0	21	111	100	0	200	1	2	0	2	3	8	0	20	3	1	0	5	4	7	0	127
13:25:00	48300	122	129	0	368	4	1	0	3	3	3	0	21	97	108	0	189	3	3	0	2	8	4	0	24	2	3	0	4	5	7	0	125
13:30:00	48600	126	136	0	358	3	3	0	3	7	6	0	22	102	114	0	177	1	2	0	1	6	3	0	27	3	2	0	5	4	6	0	123
13:35:00	48900	124	111	0	371	1	2	0	2	4	2	0	24	107	87	0	197	0	1	0	0	6	9	0	24	2	3	0	4	4	7	0	120
13:40:00	49200	125	143	0	353	0	2	0	0	5	6	0	23	103	113	0	187	1	1	0	0	5	8	0	21	2	4	0	2	9	9	0	120
13:45:00	49500	124	128	0	349	2	1	0	1	6	6	0	23	107	112	0	182	0	0	0	0	4	2	0	23	1	1	0	2	4	6	0	118
13:50:00	49800	119	113	0	355	0	1	0	0	4	4	0	23	98	93	0	187	1	1	0	0	4	7	0	20	1	2	0	1	11	5	0	124
13:55:00	50100	143	116	0	382	1	0	0	1	9	5	0	27	119	95	0	211	0	0	0	0	6	7	0	19	0	1	0	0	8	8	0	124
14:00:00	50400	139	136	0	385	1	1	0	1	6	6	0	27	122	118	0	215	0	0	0	0	3	7	0	15	3	0	0	3	4	4	0	124
14:05:00	50700	135	132	0	388	1	2	0	0	8	2	0	33	115	116	0	214	1	1	0	0	2	3	0	14	4	3	0	4	4	5	0	123
14:10:00	51000	125	117	0	396	2	2	0	0	6	6	0	33	102	100	0	216	2	1	0	1	5	0	0	19	3	4	0	3	5	4	0	124
14:15:00	51300	153	138	0	411	0	0	0	0	4	4	0	33	136	121	0	231	1	0	0	2	7	4	0	22	1	2	0	2	4	7	0	121
14:20:00	51600	135	157	0	389	2	0	0	2	3	10	0	26	121	132	0	220	1	2	0	1	3	6	0	19	0	1	0	1	5	6	0	120
14:25:00	51900	129	142	0	376	2	2	0	2	5	8	0	23	111	123	0	208	0	1	0	0	7	4	0	22	2	1	0	2	2	3	0	119
14:30:00	52200	139	128	0	387	1	0	0	3	6	5	0	24	118	107	0	219	0	0	0	0	6	5	0	23	0	1	0	1	8	10	0	117
14:35:00	52500	147	130	0	404	1	1	0	3	2	3	0	23	131	114	0	236	0	0	0	0	5	4	0	24	2	0	0	3	6	8	0	115
14:40:00	52800	129	147	0	386	2	2	0	3	4	3	0	24	103	126	0	213	1	0	0	1	9	6	0	27	2	3	0	2	8	7	0	116
14:45:00	53100	135	134	0	387	0	1	0	2	5	4	0	25	118	111	0	220	1	1	0	1	4	6	0	25	3	2	0	3	4	9	0	111
14:50:00	53400	143	145	0	385	0	0	0	2	4	6	0	23	121	124	0	217	3	1	0	3	6	6	0	25	1	3	0	1	8	5	0	114
14:55:00	53700	125	131	0	379	2	0	0	4	1	4	0	20	109	113	0	213	0	1	0	2	10	8	0	27	1	0	0	2	2	5	0	111
15:00:00	54000	139	125	0	393	1	3	0	2	8	5	0	23	114	104	0	223	1	0	0	3	4	8	0	23	4	2	0	4	7	3	0	115
15:05:00	54300	159	150	0	402	0	1	0	1	4	4	0	23	141	131	0	233	1	4	0	0	4	6	0	21	3	3	0	4	6	1	0	120
15:10:00	54600	138	146	0	394	1	1	0	1	3	2	0	24	120	128	0	225	0	0	0	0	8	4	0	25	1	2	0	3	5	9	0	116
15:15:00	54900	147	144	0	397	1	1	0	1	9	5	0	28	123	126	0	222	3	1	0	2	7	7	0	25	2	3	0	2	2	1	0	117
15:20:00	55200	160	140	0	417	1	1	0	1	6	7	0	27	141	118	0	245	0	2	0	0	4	5	0	24	3	2	0	3	5	5	0	117
15:25:00	55500	165	161	0	421	1	1	0	1	7	6	0	28	130	132	0	243	2	1	0	1	12	8	0	28	1	3	0	1	12	10	0	119
15:30:00	55800	143	142	0	422	0	0	0	1	6	5	0	29	123	121	0	245	0	1	0	0	11	5	0	34	1	1	0	1	2	9	0	112
15:35:00	56100	150	139	0	433	2	1	0	2	6	6	0	29	127	119	0	253	1	0	0	1	5	5	0	34	2	1	0	2	7	7	0	112
15:40:00	56400	156	147	0	442	2	2	0	2	5	8	0	26	131	117	0	267	1	2	0	0	6	7	0	33	2	2	0	2	9	9	0	112
15:45:00	56700	153	138	0	457	1	1	0	2	12	5	0	33	130	118	0	279	0	0	0	0	3	10	0	26	1	1	0	2	6	3	0	115
15:50:00	57000	158	153	0	462	0	1	0	1	8	8	0	33	128	136	0	271	0	0	0	0	14	4	0	36	1	1	0	2	7	3	0	119
15:55:00	57300	156	177	0	441	4	3	0	2	3	11	0	25	133	142	0	262	0	0	0	0	7	10	0	33	3	3	0	2	6	8	0	117
16:00:00	57600	167	171	0	437	0	1	0	1	9	7	0	27	144	144	0	262	0	0	0	0	8	9	0	32	1	2	0	1	5	8	0	114
16:05:00	57900	176	161	0	452	2	0	0	3	5	4	0	28	146	144	0	264	2	0	0	2	6	6	0	32	4	2	0	3	11	5	0	120
16:10:00	58200	166	162	0	456	2	2	0	3	8	5	0	31	137	137	0	264	1	3	0	0	9	9	0	32	3	2	0	4	6	4	0	122
16:15:00	58500	153	154	0	455	0	2	0	1	6	6	0	31	124	132	0	256	1	1	0	0	11	8	0	35	3	4	0	3	8	1	0	129
16:20:00	58800	153	145	0	463	0	0	0	1	4	5	0	30	137	127	0	266	0	0	0	0	5	10	0	30	0	1	0	2	7	2	0	134
16:25:00	59100	184	171	0	476	2	1	0	2	7	4	0	33	156	153	0	269	1	1	0	0	9	6	0	33	2	1	0	3	7	5	0	136
16:30:00	59400	174	167	0	483	2	1	0	3	2	2	0	33	148	150	0	267	3	0	0	3	12	7	0	38	2	3	0	2	5	4	0	137
16:35:00	59700	155	170	0	468	3	4	0	2	4	6	0	31	127	143	0	251	1	2	0	2	6	7	0	37	5	3	0	4	9	5	0	141
16:40:00	60000	173	148	0	493	1	2	0	1	6	4	0	33	146	123	0	274	1	3	0	0	6	8	0	35	3	4	0	3	10	4	0	147
16:45:00	60300	176	170	0	499	2	1	0	2	4	3	0	34	146	149	0	271	0	0	0	0	11	9	0	37	1	1	0	3	12	7	0	152
16:50:00	60600	173	161	0	511	3	4	0	1	6	6	0	34	145	133	0	283	1	1	0	0	5	6	0	36	6	3	0	6	7	8	0	151
16:55:00	60900	181	177	0	515	4	2	0	3	10	9	0	35	149	154	0	278	1	0	0	1	7	7	0	36	4	4	0	6	6	1	0	156
17:00:00	61200	174	173	0	516	2	1	0	4	4	10	0	29	149	143	0	284	2	1	0	2	7	7	0	36	2	3	0	5	8	8	0	156
17:05:00	61500	186	182	0	520	2	3	0	3	11	4	0	36	153	147	0	290	2	4	0	0	7	9	0	34	3	4	0	4	8	11	0	153
17:10:00	61800	175	195	0	500	2	3	0	2	6	14	0	28	149	157	0	282	3	1	0	2	5	8	0	31	6	4	0	6	4	8	0	149
17:15:00	62100	160	156	0	504	0	1	0	1	11	9	0	30	132	127	0	287	1	2	0	1	5	4	0	32	1	4	0	3	10	9	0	150
17:20:00	62400	172	183	0	493	0	1	0	0	9	6	0	33	149	156	0	280	1	2	0	0	3	7	0	28	1	2	0	2	9	9	0	150
17:25:00	62700	162	164	0	491	2	1	0	1	13	7	0	39	135	144	0	271	1	1	0	0	7	5	0	30	1	2	0	1	3	4	0	149
17:30:00	63000	150	178	0	463	0	1	0	0	4	9	0	34	125	154	0	242	1	0	0	1	8	4	0	34	4	1	0	4	8	9	0	148
17:35:00	63300	166	129	0	500	2	1	0	1	6	5	0	35	136	109	0	269	3	3	0	1	9	3	0	40	3	3	0	4	7	5	0	150
17:40:00	63600	146	149	0	497	2	3	0	0	8	5	0	38	115	121	0	263	1	2	0	0	5	10	0	35	6	4	0	6	9	4	0	155
17:45:00	63900	159	162	0	494	3	2	0	1	8	10	0	36	128	132	0	259	3	0	0	3	4	9	0	30	3	6	0	3	10	3	0	162
17:50:00	64200	158	159	0	493	1	1	0	1	5	6	0	35	139	134	0	264	0	2	0	1	6	3	0	33	2	1	0	4	5	12	0	155
17:55:00	64500	153	167	0	479	4	3	0	2	3	7	0	31	133	143	0	254	1	1	0	1	6	5	0	34	3	1	0	6	3	7	0	151
18:00:00	64800	129	162	0	446	1	1	0	2	10	10	0	31	107	138	0	223	1	1	0	1	6	6	0	34	1	4	0	3	3	2	0	152
18:05:00	65100	151	150	0	447	4	3	0	3	2	5	0	28	125	126	0	222	0	1	0	0	8	5	0	37	3	4	0	2	9	6	0	155
18:10:00	65400	140	150	0	437	1	1	0	3	6	6	0	28	115	120	0	217	1	1	0	0	6	12	0	31	4	3	0	3	7	7	0	155
18:15:00	65700	150	150	0	437	2	1	0	4	9	4	0	33	121	129	0	209	3	1	0	2	8	3	0	36	4	4	0	3	3	8	0	150
18:20:00	66000	152	152	0	437	1	1	0	4	3	4	0	32	133	130	0	212	2	2	0	2	5	5	0	36	2	3	0	2	6	7	0	149
18:25:00	66300	128	144	0	421	2	2	0	4	4	5	0	31	107	121	0	198	0	1	0	1	7	5	0	38	2	2	0	2	6	8	0	147
18:30:00	66600	144	139	0	426	1	1	0	4	6	6	0	31	119	118	0	199	2	2	0	1	6	4	0	40	3	3	0	2	7	5	0	149
18:35:00	66900	130	140	0	416	0	3	0	1	11	5	0	37	107	117	0	189	1	0	0	2	5	7	0	38	4	3	0	3	2	5	0	146
18:40:00	67200	129	124	0	421	1	1	0	1	5	8	0	34	105	90	0	204	1	1	0	2	4	9	0	33	5	3	0	5	8	12	0	142
18:45:00	67500	116	151	0	386	1	0	0	2	5	9	0	30	98	119	0	183	3	3	0	2	3	7	0	29	2	3	0	4	4	10	0	136
18:50:00	67800	129	137	0	378	1	0	0	3	4	7	0	27	114	111	0	186	3	2	0	3	2	3	0	28	0	3	0	1	5	11	0	130
18:55:00	68100	133	126	0	385	1	3	0	1	3	6	0	24	113	101	0	198	1	3	0	1	6	2	0	32	3	1	0	3	6	10	0	126
19:00:00	68400	128	125	0	388	1	0	0	2	5	6	0	23	104	110	0	192	1	2	0	0	4	2	0	34	1	2	0	2	12	3	0	135
19:05:00	68700	125	128	0	385	2	1	0	3	2	3	0	22	103	110	0	185	1	0	0	1	6	7	0	33	3	2	0	3	8	5	0	138
19:10:00	69000	130	134	0	381	1	2	0	2	3	3	0	22	110	114	0	181	1	1	0	1	7	3	0	37	3	3	0	3	5	8	0	135
19:15:00	69300	121	131	0	371	3	3	0	2	4	6	0	20	93	102	0	172	2	2	0	1	10	11	0	36	3	3	0	3	6	4	0	137
19:20:00	69600	103	130	0	344	0	2	0	0	4	5	0	19	82	107	0	147	2	1	0	2	2	3	0	35	7	3	0	7	6	9	0	134
19:25:00	69900	111	116	0	339	2	0	0	2	3	4	0	18	90	90	0	147	4	5	0	1	2	6	0	31	5	6	0	6	5	5	0	134
19:30:00	70200	126	115	0	350	2	2	0	2	3	5	0	16	105	89	0	163	3	1	0	3	8	9	0	30	2	4	0	4	3	5	0	132
19:35:00	70500	123	121	0	352	1	1	0	2	5	5	0	16	104	99	0	168	4	3	0	4	3	6	0	27	4	4	0	4	2	3	0	131
19:40:00	70800	99	133	0	318	2	0	0	4	1	2	0	15	87	111	0	144	2	6	0	0	4	6	0	25	0	3	0	1	3	5	0	129
19:45:00	71100	109	101	0	326	5	4	0	5	5	2	0	18	88	82	0	150	0	0	0	0	1	4	0	22	4	2	0	3	6	7	0	128
19:50:00	71400	95	102	0	319	1	3	0	3	1	2	0	17	82	88	0	144	0	0	0	0	5	2	0	25	4	2	0	5	2	5	0	125
19:55:00	71700	88	96	0	311	0	0	0	3	4	3	0	18	75	79	0	140	1	1	0	0	2	3	0	24	0	4	0	1	6	6	0	125
20:00:00	72000	82	102	0	291	0	1	0	2	3	3	0	18	68	85	0	123	2	1	0	1	4	2	0	26	2	2	0	1	3	8	0	120
20:05:00	72300	91	97	0	285	1	2	0	1	5	5	0	18	78	80	0	121	0	1	0	0	1	4	0	23	2	0	0	3	4	5	0	119
20:10:00	72600	77	96	0	266	0	1	0	0	4	4	0	18	66	79	0	108	0	0	0	0	1	4	0	20	2	3	0	2	4	5	0	118
20:15:00	72900	77	70	0	273	0	0	0	0	3	2	0	19	66	63	0	111	1	0	0	1	3	2	0	21	1	2	0	1	3	1	0	120
20:20:00	73200	74	78	0	269	0	0	0	0	4	6	0	17	62	61	0	112	1	1	0	1	1	1	0	21	1	1	0	1	5	8	0	117
20:25:00	73500	91	82	0	278	1	0	0	1	1	2	0	16	78	69	0	121	2	0	0	3	3	2	0	22	3	2	0	2	3	7	0	113
20:30:00	73800	77	101	0	254	2	0	0	3	5	3	0	18	66	88	0	99	0	1	0	2	3	5	0	20	0	0	0	2	1	4	0	110
20:35:00	74100	85	84	0	255	1	3	0	1	3	2	0	19	63	64	0	98	3	1	0	4	4	3	0	21	5	4	0	3	6	7	0	109
20:40:00	74400	54	88	0	221	2	1	0	2	1	3	0	17	39	68	0	69	2	4	0	2	1	3	0	19	3	4	0	2	6	5	0	110
20:45:00	74700	76	54	0	243	2	1	0	3	5	3	0	19	61	38	0	92	1	2	0	1	4	1	0	22	1	2	0	1	2	7	0	105
20:50:00	75000	60	71	0	232	1	2	0	2	4	5	0	18	51	55	0	88	0	1	0	0	1	2	0	21	3	1	0	3	0	5	0	100
20:55:00	75300	62	63	0	231	2	0	0	4	3	2	0	19	50	48	0	90	1	1	0	0	3	7	0	17	0	3	0	0	3	2	0	101
21:00:00	75600	59	61	0	229	0	1	0	3	4	5	0	18	50	48	0	92	0	0	0	0	2	3	0	16	2	0	0	2	1	4	0	98
21:05:00	75900	70	81	0	218	3	2	0	4	4	5	0	17	55	65	0	82	1	0	0	1	2	2	0	16	2	2	0	2	3	5	0	96
21:10:00	76200	68	75	0	211	1	3	0	2	2	4	0	15	54	56	0	80	1	2	0	0	0	2	0	14	6	2	0	6	4	6	0	94
21:15:00	76500	47	58	0	200	1	1	0	2	0	2	0	13	40	45	0	75	1	1	0	0	2	1	0	15	2	4	0	4	1	4	0	91
21:20:00	76800	59	62	0	197	1	0	0	3	2	5	0	10	49	49	0	75	2	1	0	1	4	1	0	18	1	3	0	2	0	3	0	88
21:25:00	77100	53	56	0	194	2	2	0	3	0	1	0	9	42	45	0	72	2	2	0	1	1	1	0	18	3	3	0	2	3	2	0	89
21:30:00	77400	63	51	0	206	3	1	0	5	2	0	0	11	46	39	0	79	3	2	0	2	3	0	0	21	3	4	0	1	3	5	0	87
21:35:00	77700	67	66	0	207	2	4	0	3	0	1	0	10	55	51	0	83	1	2	0	1	2	2	0	21	6	1	0	6	1	5	0	83
21:40:00	78000	55	62	0	200	1	2	0	2	1	2	0	9	45	47	0	81	2	2	0	1	3	2	0	22	2	5	0	3	1	2	0	82
21:45:00	78300	71	59	0	212	2	0	0	4	3	2	0	10	57	47	0	91	0	1	0	0	3	4	0	21	1	2	0	2	5	3	0	84
21:50:00	78600	82	58	0	236	2	2	0	4	1	0	0	11	67	50	0	108	1	0	0	1	5	2	0	24	3	2	0	3	3	2	0	85
21:55:00	78900	90	61	0	265	3	4	0	3	0	3	0	8	79	47	0	140	1	0	0	2	2	2	0	24	4	1	0	6	1	4	0	82
22:00:00	79200	105	70	0	300	0	1	0	2	0	2	0	6	97	48	0	189	4	3	0	3	2	8	0	18	2	5	0	3	0	3	0	79
22:05:00	79500	75	133	0	242	1	1	0	2	2	0	0	8	66	121	0	134	0	3	0	0	2	4	0	16	1	1	0	3	3	3	0	79
22:10:00	79800	34	124	0	152	1	1	0	2	0	0	0	8	25	112	0	47	2	1	0	1	0	1	0	15	3	4	0	2	3	5	0	77
22:15:00	80100	27	40	0	139	0	0	0	2	2	0	0	10	19	29	0	37	2	2	0	1	2	2	0	15	0	2	0	0	2	5	0	74
22:20:00	80400	27	33	0	133	0	0	0	2	0	1	0	9	23	29	0	31	0	1	0	0	1	2	0	14	3	0	0	3	0	0	0	74
22:25:00	80700	28	26	0	135	0	0	0	2	1	1	0	9	22	16	0	37	3	1	0	2	0	3	0	11	0	3	0	0	2	2	0	74
22:30:00	81000	33	30	0	138	1	0	0	3	1	1	0	9	25	21	0	41	0	1	0	1	0	1	0	10	1	0	0	1	5	6	0	73
22:35:00	81300	36	32	0	142	1	0	0	4	2	2	0	9	24	23	0	42	2	1	0	2	1	1	0	10	2	2	0	1	4	3	0	74
22:40:00	81600	31	37	0	136	1	3	0	2	1	2	0	8	20	27	0	35	1	3	0	0	3	0	0	13	3	2	0	2	2	0	0	76
22:45:00	81900	22	26	0	132	4	1	0	5	0	0	0	8	13	17	0	31	1	0	0	1	0	0	0	13	4	2	0	4	0	6	0	70
22:50:00	82200	21	30	0	123	1	4	0	2	0	1	0	7	10	15	0	26	2	3	0	0	1	0	0	14	4	4	0	4	3	3	0	70
22:55:00	82500	21	26	0	118	3	1	0	4	0	1	0	6	13	17	0	22	1	0	0	1	3	3	0	14	1	3	0	2	0	1	0	69
23:00:00	82800	25	25	0	118	1	1	0	4	0	1	0	5	21	16	0	27	0	0	0	1	2	2	0	14	1	2	0	1	0	3	0	66
23:05:00	83100	12	31	0	99	0	1	0	3	1	0	0	6	9	23	0	13	1	1	0	1	0	2	0	12	1	1	0	1	0	3	0	63
23:10:00	83400	18	17	0	100	0	1	0	2	0	0	0	6	15	9	0	19	0	1	0	0	0	2	0	10	1	0	0	2	2	4	0	61
23:15:00	83700	23	16	0	107	0	0	0	2	1	0	0	7	17	11	0	25	2	2	0	0	1	0	0	11	0	2	0	0	2	1	0	62
23:20:00	84000	14	18	0	103	0	0	0	2	1	0	0	8	10	14	0	21	0	0	0	0	1	1	0	11	0	0	0	0	2	3	0	61
23:25:00	84300	16	22	0	97	1	2	0	1	1	1	0	8	10	11	0	20	0	0	0	0	0	3	0	8	2	0	0	2	2	5	0	58
23:30:00	84600	19	10	0	106	2	0	0	3	2	0	0	10	10	6	0	24	2	1	0	1	0	0	0	8	3	3	0	2	0	0	0	58
23:35:00	84900	11	19	0	98	0	3	0	0	1	0	0	11	5	10	0	19	1	1	0	1	0	1	0	7	3	1	0	4	1	3	0	56
23:40:00	85200	9	21	0	86	1	0	0	1	0	0	0	11	4	10	0	13	3	4	0	0	0	0	0	7	1	4	0	1	0	3	0	53
23:45:00	85500	18	12	0	92	0	0	0	1	2	1	0	12	11	8	0	16	0	0	0	0	2	0	0	9	0	0	0	1	3	3	0	53
23:50:00	85800	11	13	0	90	0	0	0	1	0	3	0	9	9	6	0	19	1	0	0	1	1	0	0	10	0	1	0	0	0	3	0	50
23:55:00	86100	11	14	0	87	0	0	0	1	1	1	0	9	4	6	0	17	0	1	0	0	2	2	0	10	0	0	0	0	4	4	0	50
24:00:00	86400	10	12	0	85	0	0	0	1	1	1	0	9	5	7	0	15	0	0	0	0	1	0	0	11	0	0	0	0	3	4	0	49
24:05:00	86700	11	8	0	88	0	0	0	1	1	0	0	10	9	6	0	18	0	0	0	0	0	1	0	10	0	0	0	0	1	1	0	49
24:10:00	87000	9	13	0	84	0	0	0	1	1	0	0	11	7	10	0	15	0	0	0	0	0	2	0	8	0	0	0	0	1	1	0	49
24:15:00	87300	13	12	0	85	1	0	0	2	0	0	0	11	10	10	0	15	1	0	0	1	0	1	0	7	1	1	0	0	0	0	0	49
24:20:00	87600	6	14	0	77	0	1	0	1	0	1	0	10	4	10	0	9	0	1	0	0	0	1	0	6	2	0	0	2	0	0	0	49
24:25:00	87900	8	10	0	75	1	1	0	1	0	0	0	10	4	5	0	8	1	0	0	1	1	1	0	6	1	2	0	1	0	1	0	48
24:30:00	88200	8	9	0	74	1	1	0	1	0	0	0	10	5	3	0	10	1	2	0	0	0	0	0	6	1	1	0	1	0	2	0	46
24:35:00	88500	6	9	0	71	0	0	0	1	0	1	0	9	5	5	0	10	0	0	0	0	0	0	0	6	0	0	0	1	1	3	0	44
24:40:00	88800	7	10	0	68	0	1	0	0	0	0	0	9	4	6	0	8	1	1	0	0	0	1	0	5	1	1	0	1	1	0	0	45
24:45:00	89100	4	3	0	69	2	0	0	2	0	0	0	9	1	1	0	8	0	0	0	0	0	0	0	5	0	1	0	0	1	1	0	45
24:50:00	89400	4	11	0	62	0	2	0	0	0	1	0	8	2	4	0	6	0	0	0	0	0	1	0	4	2	0	0	2	0	3	0	42
24:55:00	89700	3	7	0	58	1	0	0	1	0	0	0	8	1	2	0	5	1	1	0	0	0	0	0	4	0	2	0	0	0	2	0	40
25:00:00	90000	1	3	0	56	0	0	0	1	0	1	0	7	1	1	0	5	0	0	0	0	0	1	0	3	0	0	0	0	0	0	0	40
25:05:00	90300	1	6	0	51	0	0	0	1	0	0	0	7	1	4	0	2	0	0	0	0	0	1	0	2	0	0	0	0	0	1	0	39
25:10:00	90600	2	3	0	50	0	0	0	1	0	0	0	7	2	2	0	2	0	0	0	0	0	1	0	1	0	0	0	0	0	0	0	39
25:15:00	90900	1	2	0	49	0	0	0	1	0	0	0	7	1	0	0	3	0	0	0	0	0	0	0	1	0	0	0	0	0	2	0	37
25:20:00	91200	1	2	0	48	0	0	0	1	0	0	0	7	1	1	0	3	0	0	0	0	0	1	0	0	0	0	0	0	0	0	0	37
25:25:00	91500	2	5	0	45	0	0	0	1	0	0	0	7	2	3	0	2	0	0	0	0	0	0	0	0	0	0	0	0	0	2	0	35
25:30:00	91800	3	1	0	47	0	0	0	1	0	0	0	7	2	0	0	4	0	0	0	0	0	0	0	0	0	0	0	0	1	1	0	35
25:35:00	92100	0	3	0	44	0	0	0	1	0	1	0	6	0	2	0	2	0	0	0	0	0	0	0	0	0	0	0	0	0	0	0	35
25:40:00	92400	1	3	0	42	0	0	0	1	0	0	0	6	1	2	0	1	0	0	0	0	0	0	0	0	0	0	0	0	0	1	0	34
25:45:00	92700	2	2	0	42	0	0	0	1	0	0	0	6	1	0	0	2	0	0	0	0	0	0	0	0	0	0	0	0	1	2	0	33
25:50:00	93000	0	0	0	42	0	0	0	1	0	0	0	6	0	0	0	2	0	0	0	0	0	0	0	0	0	0	0	0	0	0	0	33
25:55:00	93300	1	1	0	42	0	0	0	1	0	0	0	6	1	1	0	2	0	0	0	0	0	0	0	0	0	0	0	0	0	0	0	33
26:00:00	93600	1	2	0	41	0	0	0	1	0	0	0	6	0	1	0	1	0	0	0	0	0	0	0	0	0	0	0	0	1	1	0	33
26:05:00	93900	0	4	0	37	0	0	0	1	0	2	0	4	0	1	0	0	0	0	0	0	0	0	0	0	0	0	0	0	0	1	0	32
26:10:00	94200	0	0	0	37	0	0	0	1	0	0	0	4	0	0	0	0	0	0	0	0	0	0	0	0	0	0	0	0	0	0	0	32
26:15:00	94500	0	1	0	36	0	0	0	1	0	0	0	4	0	0	0	0	0	0	0	0	0	0	0	0	0	0	0	0	0	1	0	31
26:20:00	94800	1	2	0	35	0	0	0	1	0	1	0	3	0	0	0	0	0	0	0	0	0	0	0	0	0	0	0	0	1	1	0	31
26:25:00	95100	1	0	0	36	0	0	0	1	0	0	0	3	1	0	0	1	0	0	0	0	0	0	0	0	0	0	0	0	0	0	0	31
26:30:00	95400	2	1	0	37	0	0	0	1	0	0	0	3	1	0	0	2	0	0	0	0	0	0	0	0	0	0	0	0	1	1	0	31
26:35:00	95700	2	2	0	37	0	0	0	1	1	0	0	4	1	2	0	1	0	0	0	0	0	0	0	0	0	0	0	0	0	0	0	31
26:40:00	96000	1	1	0	37	0	0	0	1	0	0	0	4	1	1	0	1	0	0	0	0	0	0	0	0	0	0	0	0	0	0	0	31
26:45:00	96300	0	0	0	37	0	0	0	1	0	0	0	4	0	0	0	1	0	0	0	0	0	0	0	0	0	0	0	0	0	0	0	31
26:50:00	96600	0	0	0	37	0	0	0	1	0	0	0	4	0	0	0	1	0	0	0	0	0	0	0	0	0	0	0	0	0	0	0	31
26:55:00	96900	0	2	0	35	0	0	0	1	0	0	0	4	0	1	0	0	0	0	0	0	0	0	0	0	0	0	0	0	0	1	0	30
27:00:00	97200	3	3	0	35	0	1	0	0	0	0	0	4	0	0	0	0	0	0	0	0	0	0	0	0	1	0	0	1	2	2	0	30
27:05:00	97500	0	0	0	35	0	0	0	0	0	0	0	4	0	0	0	0	0	0	0	0	0	0	0	0	0	0	0	1	0	0	0	30
27:10:00	97800	1	3	0	33	0	0	0	0	0	1	0	3	0	0	0	0	1	1	0	0	0	0	0	0	0	1	0	0	0	0	0	30
27:15:00	98100	0	1	0	32	0	0	0	0	0	0	0	3	0	0	0	0	0	0	0	0	0	0	0	0	0	0	0	0	0	1	0	29
27:20:00	98400	1	2	0	31	0	0	0	0	1	2	0	2	0	0	0	0	0	0	0	0	0	0	0	0	0	0	0	0	0	0	0	29
27:25:00	98700	0	0	0	31	0	0	0	0	0	0	0	2	0	0	0	0	0	0	0	0	0	0	0	0	0	0	0	0	0	0	0	29
27:30:00	99000	1	1	0	31	0	0	0	0	0	0	0	2	0	0	0	0	0	0	0	0	0	0	0	0	0	0	0	0	1	1	0	29
27:35:00	99300	0	0	0	31	0	0	0	0	0	0	0	2	0	0	0	0	0	0	0	0	0	0	0	0	0	0	0	0	0	0	0	29
27:40:00	99600	0	1	0	30	0	0	0	0	0	0	0	2	0	0	0	0	0	0	0	0	0	0	0	0	0	0	0	0	0	1	0	28
27:45:00	99900	0	0	0	30	0	0	0	0	0	0	0	2	0	0	0	0	0	0	0	0	0	0	0	0	0	0	0	0	0	0	0	28
27:50:00	100200	0	1	0	29	0	0	0	0	0	1	0	1	0	0	0	0	0	0	0	0	0	0	0	0	0	0	0	0	0	0	0	28
27:55:00	100500	0	0	0	29	0	0	0	0	0	0	0	1	0	0	0	0	0	0	0	0	0	0	0	0	0	0	0	0	0	0	0	28
28:00:00	100800	0	0	0	29	0	0	0	0	0	0	0	1	0	0	0	0	0	0	0	0	0	0	0	0	0	0	0	0	0	0	0	28
28:05:00	101100	0	0	0	29	0	0	0	0	0	0	0	1	0	0	0	0	0	0	0	0	0	0	0	0	0	0	0	0	0	0	0	28
28:10:00	101400	1	3	0	27	0	0	0	0	0	0	0	1	0	0	0	0	0	0	0	0	0	0	0	0	0	0	0	0	1	3	0	26
28:15:00	101700	0	0	0	27	0	0	0	0	0	0	0	1	0	0	0	0	0	0	0	0	0	0	0	0	0	0	0	0	0	0	0	26
28:20:00	102000	0	1	0	26	0	0	0	0	0	0	0	1	0	0	0	0	0	0	0	0	0	0	0	0	0	0	0	0	0	1	0	25
28:25:00	102300	0	1	0	25	0	0	0	0	0	0	0	1	0	0	0	0	0	0	0	0	0	0	0	0	0	0	0	0	0	1	0	24
28:30:00	102600	0	0	0	25	0	0	0	0	0	0	0	1	0	0	0	0	0	0	0	0	0	0	0	0	0	0	0	0	0	0	0	24
28:35:00	102900	0	0	0	25	0	0	0	0	0	0	0	1	0	0	0	0	0	0	0	0	0	0	0	0	0	0	0	0	0	0	0	24
28:40:00	103200	0	1	0	24	0	0	0	0	0	0	0	1	0	0	0	0	0	0	0	0	0	0	0	0	0	0	0	0	0	1	0	23
28:45:00	103500	0	0	0	24	0	0	0	0	0	0	0	1	0	0	0	0	0	0	0	0	0	0	0	0	0	0	0	0	0	0	0	23
28:50:00	103800	0	0	0	24	0	0	0	0	0	0	0	1	0	0	0	0	0	0	0	0	0	0	0	0	0	0	0	0	0	0	0	23
28:55:00	104100	0	1	0	23	0	0	0	0	0	0	0	1	0	0	0	0	0	0	0	0	0	0	0	0	0	0	0	0	0	1	0	22
29:00:00	104400	0	0	0	23	0	0	0	0	0	0	0	1	0	0	0	0	0	0	0	0	0	0	0	0	0	0	0	0	0	0	0	22
29:05:00	104700	0	0	0	23	0	0	0	0	0	0	0	1	0	0	0	0	0	0	0	0	0	0	0	0	0	0	0	0	0	0	0	22
29:10:00	105000	0	0	0	23	0	0	0	0	0	0	0	1	0	0	0	0	0	0	0	0	0	0	0	0	0	0	0	0	0	0	0	22
29:15:00	105300	0	0	0	23	0	0	0	0	0	0	0	1	0	0	0	0	0	0	0	0	0	0	0	0	0	0	0	0	0	0	0	22
29:20:00	105600	0	0	0	23	0	0	0	0	0	0	0	1	0	0	0	0	0	0	0	0	0	0	0	0	0	0	0	0	0	0	0	22
29:25:00	105900	0	0	0	23	0	0	0	0	0	0	0	1	0	0	0	0	0	0	0	0	0	0	0	0	0	0	0	0	0	0	0	22
29:30:00	106200	0	0	0	23	0	0	0	0	0	0	0	1	0	0	0	0	0	0	0	0	0	0	0	0	0	0	0	0	0	0	0	22
29:35:00	106500	0	0	0	23	0	0	0	0	0	0	0	1	0	0	0	0	0	0	0	0	0	0	0	0	0	0	0	0	0	0	0	22
29:40:00	106800	1	1	0	23	0	0	0	0	0	0	0	1	0	0	0	0	0	0	0	0	0	0	0	0	0	0	0	0	1	1	0	22
29:45:00	107100	0	0	0	23	0	0	0	0	0	0	0	1	0	0	0	0	0	0	0	0	0	0	0	0	0	0	0	0	0	0	0	22
29:50:00	107400	0	0	0	23	0	0	0	0	0	0	0	1	0	0	0	0	0	0	0	0	0	0	0	0	0	0	0	0	0	0	0	22
29:55:00	107700	1	1	0	23	0	0	0	0	0	0	0	1	0	0	0	0	0	0	0	0	0	0	0	0	0	0	0	0	1	1	0	22
30:00:00	108000	0	0	23	0	0	0	0	0	0	0	1	0	0	0	0	0	0	0	0	0	0	0	0	0	0	0	0	0	0	0	22	0
30:05:00	108300	0	0	0	0	0	0	0	0	0	0	0	0	0	0	0	0	0	0	0	0	0	0	0	0	0	0	0	0	0	0	0	0
