time	time	departures_all	arrivals_all	stuck_all	en-route_all	departures_access_walk_tw	arrivals_access_walk_tw	stuck_access_walk_tw	en-route_access_walk_tw	departures_bike	arrivals_bike	stuck_bike	en-route_bike	departures_car	arrivals_car	stuck_car	en-route_car	departures_egress_walk_tw	arrivals_egress_walk_tw	stuck_egress_walk_tw	en-route_egress_walk_tw	departures_pt	arrivals_pt	stuck_pt	en-route_pt	departures_twoway_vehicle	arrivals_twoway_vehicle	stuck_twoway_vehicle	en-route_twoway_vehicle	departures_walk	arrivals_walk	stuck_walk	en-route_walk
00:00:00	0	7	2	0	5	1	1	0	0	0	0	0	0	5	1	0	4	0	0	0	0	0	0	0	0	1	0	0	1	0	0	0	0
00:05:00	300	0	1	0	4	0	0	0	0	0	0	0	0	0	1	0	3	0	0	0	0	0	0	0	0	0	0	0	1	0	0	0	0
00:10:00	600	3	2	0	5	0	0	0	0	0	0	0	0	3	2	0	4	0	0	0	0	0	0	0	0	0	0	0	1	0	0	0	0
00:15:00	900	0	1	0	4	0	0	0	0	0	0	0	0	0	0	0	4	0	0	0	0	0	0	0	0	0	1	0	0	0	0	0	0
00:20:00	1200	0	1	0	3	0	0	0	0	0	0	0	0	0	1	0	3	0	0	0	0	0	0	0	0	0	0	0	0	0	0	0	0
00:25:00	1500	2	1	0	4	0	0	0	0	0	0	0	0	2	1	0	4	0	0	0	0	0	0	0	0	0	0	0	0	0	0	0	0
00:30:00	1800	0	1	0	3	0	0	0	0	0	0	0	0	0	1	0	3	0	0	0	0	0	0	0	0	0	0	0	0	0	0	0	0
00:35:00	2100	2	3	0	2	0	0	0	0	0	0	0	0	1	3	0	1	0	0	0	0	0	0	0	0	0	0	0	0	1	0	0	1
00:40:00	2400	0	0	0	2	0	0	0	0	0	0	0	0	0	0	0	1	0	0	0	0	0	0	0	0	0	0	0	0	0	0	0	1
00:45:00	2700	2	2	0	2	0	0	0	0	0	0	0	0	2	2	0	1	0	0	0	0	0	0	0	0	0	0	0	0	0	0	0	1
00:50:00	3000	0	0	0	2	0	0	0	0	0	0	0	0	0	0	0	1	0	0	0	0	0	0	0	0	0	0	0	0	0	0	0	1
00:55:00	3300	0	1	0	1	0	0	0	0	0	0	0	0	0	1	0	0	0	0	0	0	0	0	0	0	0	0	0	0	0	0	0	1
01:00:00	3600	1	0	0	2	0	0	0	0	0	0	0	0	1	0	0	1	0	0	0	0	0	0	0	0	0	0	0	0	0	0	0	1
01:05:00	3900	0	1	0	1	0	0	0	0	0	0	0	0	0	1	0	0	0	0	0	0	0	0	0	0	0	0	0	0	0	0	0	1
01:10:00	4200	3	0	0	4	1	0	0	1	0	0	0	0	2	0	0	2	0	0	0	0	0	0	0	0	0	0	0	0	0	0	0	1
01:15:00	4500	3	3	0	4	0	1	0	0	0	0	0	0	2	2	0	2	0	0	0	0	0	0	0	0	1	0	0	1	0	0	0	1
01:20:00	4800	0	1	0	3	0	0	0	0	0	0	0	0	0	0	0	2	0	0	0	0	0	0	0	0	0	1	0	0	0	0	0	1
01:25:00	5100	5	2	0	6	0	0	0	0	0	0	0	0	5	2	0	5	0	0	0	0	0	0	0	0	0	0	0	0	0	0	0	1
01:30:00	5400	2	2	0	6	0	0	0	0	0	0	0	0	2	2	0	5	0	0	0	0	0	0	0	0	0	0	0	0	0	0	0	1
01:35:00	5700	0	0	0	6	0	0	0	0	0	0	0	0	0	0	0	5	0	0	0	0	0	0	0	0	0	0	0	0	0	0	0	1
01:40:00	6000	2	0	0	8	0	0	0	0	0	0	0	0	2	0	0	7	0	0	0	0	0	0	0	0	0	0	0	0	0	0	0	1
01:45:00	6300	2	2	0	8	0	0	0	0	0	0	0	0	2	2	0	7	0	0	0	0	0	0	0	0	0	0	0	0	0	0	0	1
01:50:00	6600	2	1	0	9	0	0	0	0	0	0	0	0	2	1	0	8	0	0	0	0	0	0	0	0	0	0	0	0	0	0	0	1
01:55:00	6900	1	2	0	8	0	0	0	0	0	0	0	0	1	2	0	7	0	0	0	0	0	0	0	0	0	0	0	0	0	0	0	1
02:00:00	7200	2	1	0	9	0	0	0	0	0	0	0	0	2	1	0	8	0	0	0	0	0	0	0	0	0	0	0	0	0	0	0	1
02:05:00	7500	3	2	0	10	0	0	0	0	0	0	0	0	2	2	0	8	0	0	0	0	1	0	0	1	0	0	0	0	0	0	0	1
02:10:00	7800	3	2	0	11	0	0	0	0	0	0	0	0	2	2	0	8	0	0	0	0	0	0	0	1	1	0	0	1	0	0	0	1
02:15:00	8100	7	3	0	15	0	0	0	0	0	0	0	0	6	2	0	12	1	0	0	1	0	0	0	1	0	1	0	0	0	0	0	1
02:20:00	8400	5	6	0	14	2	0	0	2	0	0	0	0	3	5	0	10	0	1	0	0	0	0	0	1	0	0	0	0	0	0	0	1
02:25:00	8700	2	3	0	13	0	0	0	2	0	0	0	0	2	3	0	9	0	0	0	0	0	0	0	1	0	0	0	0	0	0	0	1
02:30:00	9000	7	3	0	17	1	1	0	2	2	0	0	2	1	2	0	8	0	0	0	0	2	0	0	3	1	0	0	1	0	0	0	1
02:35:00	9300	3	4	0	16	1	1	0	2	0	0	0	2	0	3	0	5	0	0	0	0	0	0	0	3	1	0	0	2	1	0	0	2
02:40:00	9600	5	2	0	19	1	1	0	2	0	0	0	2	3	1	0	7	0	0	0	0	0	0	0	3	1	0	0	3	0	0	0	2
02:45:00	9900	6	5	0	20	0	1	0	1	0	0	0	2	5	2	0	10	0	0	0	0	0	0	0	3	1	2	0	2	0	0	0	2
02:50:00	10200	8	8	0	20	3	0	0	4	0	1	0	1	5	6	0	9	0	0	0	0	0	1	0	2	0	0	0	2	0	0	0	2
02:55:00	10500	10	5	0	25	1	3	0	2	1	0	0	2	4	2	0	11	0	0	0	0	1	0	0	3	3	0	0	5	0	0	0	2
03:00:00	10800	7	5	0	27	2	1	0	3	0	0	0	2	4	3	0	12	0	0	0	0	0	0	0	3	1	1	0	5	0	0	0	2
03:05:00	11100	7	7	0	27	1	2	0	2	0	0	0	2	3	3	0	12	0	0	0	0	0	1	0	2	2	1	0	6	1	0	0	3
03:10:00	11400	7	8	0	26	0	2	0	0	0	0	0	2	5	3	0	14	0	0	0	0	0	0	0	2	2	2	0	6	0	1	0	2
03:15:00	11700	10	5	0	31	0	0	0	0	0	0	0	2	7	4	0	17	0	0	0	0	1	0	0	3	0	1	0	5	2	0	0	4
03:20:00	12000	10	5	0	36	0	0	0	0	2	0	0	4	6	4	0	19	0	0	0	0	1	0	0	4	0	1	0	4	1	0	0	5
03:25:00	12300	14	7	0	43	0	0	0	0	3	0	0	7	9	7	0	21	0	0	0	0	0	0	0	4	0	0	0	4	2	0	0	7
03:30:00	12600	13	4	0	52	0	0	0	0	2	1	0	8	10	2	0	29	0	0	0	0	0	0	0	4	0	1	0	3	1	0	0	8
03:35:00	12900	15	7	0	60	2	1	0	1	1	0	0	9	10	6	0	33	0	0	0	0	0	0	0	4	1	0	0	4	1	0	0	9
03:40:00	13200	13	9	0	64	0	1	0	0	0	0	0	9	10	8	0	35	0	0	0	0	0	0	0	4	1	0	0	5	2	0	0	11
03:45:00	13500	12	18	0	58	0	0	0	0	1	2	0	8	9	13	0	31	0	0	0	0	1	0	0	5	0	3	0	2	1	0	0	12
03:50:00	13800	13	8	0	63	0	0	0	0	3	1	0	10	8	6	0	33	0	0	0	0	0	1	0	4	0	0	0	2	2	0	0	14
03:55:00	14100	22	9	0	76	1	0	0	1	2	0	0	12	17	9	0	41	0	0	0	0	1	0	0	5	0	0	0	2	1	0	0	15
04:00:00	14400	14	14	0	76	0	1	0	0	1	2	0	11	7	8	0	40	1	0	0	1	1	1	0	5	2	1	0	3	2	1	0	16
04:05:00	14700	16	18	0	74	1	0	0	1	0	0	0	11	11	13	0	38	0	1	0	0	3	2	0	6	0	2	0	1	1	0	0	17
04:10:00	15000	18	14	0	78	0	0	0	1	2	1	0	12	14	12	0	40	0	0	0	0	2	0	0	8	0	0	0	1	0	1	0	16
04:15:00	15300	16	15	0	79	0	1	0	0	2	0	0	14	11	14	0	37	0	0	0	0	2	0	0	10	1	0	0	2	0	0	0	16
04:20:00	15600	14	13	0	80	0	0	0	0	0	2	0	12	11	9	0	39	0	0	0	0	0	1	0	9	0	1	0	1	3	0	0	19
04:25:00	15900	20	19	0	81	0	0	0	0	1	2	0	11	19	15	0	43	0	0	0	0	0	1	0	8	0	0	0	1	0	1	0	18
04:30:00	16200	19	15	0	85	2	0	0	2	1	1	0	11	13	13	0	43	0	0	0	0	0	0	0	8	0	1	0	0	3	0	0	21
04:35:00	16500	26	12	0	99	0	0	0	2	3	0	0	14	20	11	0	52	0	0	0	0	2	0	0	10	0	0	0	0	1	1	0	21
04:40:00	16800	28	22	0	105	1	2	0	1	2	2	0	14	20	18	0	54	0	0	0	0	1	0	0	11	2	0	0	2	2	0	0	23
04:45:00	17100	26	19	0	112	2	0	0	3	1	2	0	13	21	16	0	59	0	0	0	0	1	0	0	12	0	1	0	1	1	0	0	24
04:50:00	17400	38	19	0	131	1	1	0	3	4	0	0	17	26	17	0	68	0	0	0	0	0	0	0	12	1	1	0	1	6	0	0	30
04:55:00	17700	34	23	0	142	2	2	0	3	1	1	0	17	26	19	0	75	0	0	0	0	1	1	0	12	2	0	0	3	2	0	0	32
05:00:00	18000	26	22	0	146	0	2	0	1	3	1	0	19	17	15	0	77	0	0	0	0	2	1	0	13	2	2	0	3	2	1	0	33
05:05:00	18300	26	19	0	153	0	0	0	1	1	2	0	18	21	16	0	82	0	0	0	0	1	0	0	14	0	1	0	2	3	0	0	36
05:10:00	18600	40	25	0	168	1	0	0	2	1	0	0	19	33	24	0	91	0	0	0	0	4	1	0	17	0	0	0	2	1	0	0	37
05:15:00	18900	33	40	0	161	1	2	0	1	3	2	0	20	22	31	0	82	0	0	0	0	4	3	0	18	2	0	0	4	1	2	0	36
05:20:00	19200	26	28	0	159	0	0	0	1	1	1	0	20	22	25	0	79	0	0	0	0	1	2	0	17	0	0	0	4	2	0	0	38
05:25:00	19500	31	37	0	153	1	1	0	1	1	3	0	18	27	28	0	78	0	0	0	0	1	3	0	15	1	1	0	4	0	1	0	37
05:30:00	19800	31	32	0	152	0	1	0	0	3	2	0	19	23	23	0	78	0	0	0	0	1	2	0	14	1	2	0	3	3	2	0	38
05:35:00	20100	40	20	0	172	0	0	0	0	2	0	0	21	35	19	0	94	0	0	0	0	2	1	0	15	0	0	0	3	1	0	0	39
05:40:00	20400	34	38	0	168	0	0	0	0	3	4	0	20	26	33	0	87	0	0	0	0	1	0	0	16	0	1	0	2	4	0	0	43
05:45:00	20700	56	30	0	194	0	0	0	0	3	0	0	23	48	28	0	107	0	0	0	0	3	1	0	18	0	0	0	2	2	1	0	44
05:50:00	21000	43	45	0	192	1	0	0	1	4	1	0	26	27	40	0	94	0	0	0	0	3	3	0	18	1	0	0	3	7	1	0	50
05:55:00	21300	51	43	0	200	0	1	0	0	4	2	0	28	39	34	0	99	1	0	0	1	3	3	0	18	1	1	0	3	3	2	0	51
06:00:00	21600	32	37	0	195	0	0	0	0	3	2	0	29	22	27	0	94	0	0	0	1	3	4	0	17	0	1	0	2	4	3	0	52
06:05:00	21900	37	38	0	194	2	1	0	1	1	1	0	29	31	34	0	91	0	1	0	0	2	0	0	19	1	0	0	3	0	1	0	51
06:10:00	22200	40	51	0	183	0	0	0	1	2	7	0	24	31	35	0	87	0	0	0	0	3	4	0	18	0	2	0	1	4	3	0	52
06:15:00	22500	53	37	0	199	0	1	0	0	3	3	0	24	45	31	0	101	0	0	0	0	1	1	0	18	1	1	0	1	3	0	0	55
06:20:00	22800	53	49	0	203	0	0	0	0	2	2	0	24	40	45	0	96	0	0	0	0	5	1	0	22	0	1	0	0	6	0	0	61
06:25:00	23100	44	35	0	212	0	0	0	0	7	0	0	31	36	34	0	98	0	0	0	0	0	1	0	21	0	0	0	0	1	0	0	62
06:30:00	23400	47	46	0	213	0	0	0	0	5	3	0	33	40	39	0	99	0	0	0	0	2	3	0	20	0	0	0	0	0	1	0	61
06:35:00	23700	47	48	0	212	0	0	0	0	3	1	0	35	37	45	0	91	0	0	0	0	4	1	0	23	0	0	0	0	3	1	0	63
06:40:00	24000	62	45	0	229	0	0	0	0	3	3	0	35	53	38	0	106	0	0	0	0	1	3	0	21	0	0	0	0	5	1	0	67
06:45:00	24300	57	54	0	232	0	0	0	0	4	4	0	35	45	44	0	107	0	0	0	0	3	3	0	21	0	0	0	0	5	3	0	69
06:50:00	24600	51	47	0	236	0	0	0	0	1	4	0	32	47	43	0	111	0	0	0	0	1	0	0	22	0	0	0	0	2	0	0	71
06:55:00	24900	50	49	0	237	1	0	0	1	2	4	0	30	39	44	0	106	0	0	0	0	3	1	0	24	0	0	0	0	5	0	0	76
07:00:00	25200	61	57	0	241	0	1	0	0	0	6	0	24	48	46	0	108	0	0	0	0	6	2	0	28	3	0	0	3	4	2	0	78
07:05:00	25500	59	61	0	239	0	0	0	0	6	1	0	29	49	54	0	103	1	0	0	1	1	3	0	26	0	2	0	1	2	1	0	79
07:10:00	25800	60	51	0	248	0	0	0	0	3	1	0	31	51	46	0	108	1	1	0	1	3	2	0	27	0	1	0	0	2	0	0	81
07:15:00	26100	69	68	0	249	0	0	0	0	3	4	0	30	55	62	0	101	0	1	0	0	8	1	0	34	0	0	0	0	3	0	0	84
07:20:00	26400	70	60	0	259	0	0	0	0	0	3	0	27	64	52	0	113	0	0	0	0	3	3	0	34	0	0	0	0	3	2	0	85
07:25:00	26700	64	59	0	264	0	0	0	0	3	1	0	29	51	52	0	112	1	0	0	1	3	3	0	34	1	1	0	0	5	2	0	88
07:30:00	27000	66	64	0	266	0	0	0	0	1	3	0	27	57	52	0	117	0	1	0	0	4	4	0	34	0	0	0	0	4	4	0	88
07:35:00	27300	67	68	0	265	0	0	0	0	6	4	0	29	54	57	0	114	0	0	0	0	4	2	0	36	0	0	0	0	3	5	0	86
07:40:00	27600	55	64	0	256	0	0	0	0	3	2	0	30	44	57	0	101	0	0	0	0	5	3	0	38	0	0	0	0	3	2	0	87
07:45:00	27900	76	54	0	278	0	0	0	0	4	2	0	32	68	44	0	125	0	0	0	0	1	5	0	34	0	0	0	0	3	3	0	87
07:50:00	28200	78	70	0	286	0	0	0	0	6	4	0	34	67	58	0	134	0	0	0	0	5	7	0	32	0	0	0	0	0	1	0	86
07:55:00	28500	80	68	0	298	0	0	0	0	7	5	0	36	63	57	0	140	0	0	0	0	6	5	0	33	0	0	0	0	4	1	0	89
08:00:00	28800	76	74	0	300	0	0	0	0	5	4	0	37	63	65	0	138	0	0	0	0	2	2	0	33	1	0	0	1	5	3	0	91
08:05:00	29100	75	91	0	284	0	0	0	0	4	5	0	36	61	79	0	120	1	0	0	1	3	4	0	32	0	1	0	0	6	2	0	95
08:10:00	29400	83	74	0	293	0	0	0	0	4	5	0	35	71	62	0	129	0	0	0	1	4	4	0	32	0	0	0	0	4	3	0	96
08:15:00	29700	66	81	0	278	0	0	0	0	2	1	0	36	56	67	0	118	0	1	0	0	3	3	0	32	0	0	0	0	5	9	0	92
08:20:00	30000	73	82	0	269	0	0	0	0	4	7	0	33	61	67	0	112	0	0	0	0	5	5	0	32	0	0	0	0	3	3	0	92
08:25:00	30300	88	78	0	279	0	0	0	0	2	4	0	31	72	65	0	119	0	0	0	0	6	8	0	30	1	0	0	1	7	1	0	98
08:30:00	30600	89	81	0	287	0	0	0	0	8	2	0	37	66	69	0	116	1	0	0	1	4	6	0	28	0	1	0	0	10	3	0	105
08:35:00	30900	86	70	0	303	1	0	0	1	4	6	0	35	69	61	0	124	0	0	0	1	8	1	0	35	0	0	0	0	4	2	0	107
08:40:00	31200	93	85	0	311	0	0	0	1	5	3	0	37	79	71	0	132	0	1	0	0	3	6	0	32	0	0	0	0	6	4	0	109
08:45:00	31500	89	97	0	303	0	1	0	0	2	5	0	34	80	81	0	131	0	0	0	0	2	8	0	26	1	0	0	1	4	2	0	111
08:50:00	31800	94	82	0	315	0	0	0	0	2	3	0	33	79	72	0	138	0	0	0	0	6	4	0	28	3	0	0	4	4	3	0	112
08:55:00	32100	87	93	0	309	1	0	0	1	3	8	0	28	74	75	0	137	0	0	0	0	2	5	0	25	0	0	0	4	7	5	0	114
09:00:00	32400	87	99	0	297	0	1	0	0	3	4	0	27	73	82	0	128	1	0	0	1	4	3	0	26	1	3	0	2	5	6	0	113
09:05:00	32700	96	75	0	318	0	0	0	0	3	3	0	27	81	65	0	144	1	1	0	1	6	3	0	29	0	1	0	1	5	2	0	116
09:10:00	33000	103	107	0	314	0	0	0	0	4	4	0	27	84	95	0	133	0	1	0	0	6	2	0	33	0	0	0	1	9	5	0	120
09:15:00	33300	104	108	0	310	0	0	0	0	5	5	0	27	91	91	0	133	0	0	0	0	4	9	0	28	0	0	0	1	4	3	0	121
09:20:00	33600	112	91	0	331	0	0	0	0	4	4	0	27	90	78	0	145	0	0	0	0	3	5	0	26	1	0	0	2	14	4	0	131
09:25:00	33900	99	106	0	324	0	0	0	0	4	1	0	30	85	92	0	138	2	0	0	2	4	7	0	23	1	2	0	1	3	4	0	130
09:30:00	34200	87	97	0	314	0	0	0	0	7	7	0	30	73	80	0	131	0	0	0	2	2	6	0	19	1	0	0	2	4	4	0	130
09:35:00	34500	108	105	0	317	0	0	0	0	6	4	0	32	92	92	0	131	1	1	0	2	6	2	0	23	1	1	0	2	2	5	0	127
09:40:00	34800	114	92	0	339	0	0	0	0	5	3	0	34	93	74	0	150	2	3	0	1	6	3	0	26	1	2	0	1	7	7	0	127
09:45:00	35100	127	100	0	366	0	0	0	0	7	5	0	36	114	84	0	180	0	0	0	1	4	3	0	27	0	0	0	1	2	8	0	121
09:50:00	35400	109	142	0	333	0	0	0	0	3	8	0	31	99	124	0	155	1	2	0	0	3	6	0	24	0	1	0	0	3	1	0	123
09:55:00	35700	103	103	0	333	0	0	0	0	7	5	0	33	80	91	0	144	0	0	0	0	6	4	0	26	0	0	0	0	10	3	0	130
10:00:00	36000	92	103	0	322	0	0	0	0	4	3	0	34	74	87	0	131	0	0	0	0	9	7	0	28	0	0	0	0	5	6	0	129
10:05:00	36300	110	109	0	323	0	0	0	0	3	10	0	27	101	87	0	145	0	0	0	0	3	6	0	25	0	0	0	0	3	6	0	126
10:10:00	36600	135	126	0	332	0	0	0	0	4	5	0	26	117	104	0	158	0	0	0	0	8	8	0	25	1	0	0	1	5	9	0	122
10:15:00	36900	128	106	0	354	0	0	0	0	3	3	0	26	109	94	0	173	0	0	0	0	5	4	0	26	0	0	0	1	11	5	0	128
10:20:00	37200	116	123	0	347	0	0	0	0	8	4	0	30	94	107	0	160	1	1	0	0	7	6	0	27	0	1	0	0	6	4	0	130
10:25:00	37500	117	111	0	353	0	0	0	0	7	3	0	34	96	96	0	160	0	0	0	0	7	7	0	27	0	0	0	0	7	5	0	132
10:30:00	37800	127	101	0	379	0	0	0	0	5	5	0	34	111	89	0	182	0	0	0	0	6	4	0	29	1	0	0	1	4	3	0	133
10:35:00	38100	111	119	0	371	0	0	0	0	6	4	0	36	94	107	0	169	0	0	0	0	7	6	0	30	0	0	0	1	4	2	0	135
10:40:00	38400	142	137	0	376	1	0	0	1	4	6	0	34	121	114	0	176	0	0	0	0	9	10	0	29	1	0	0	2	6	7	0	134
10:45:00	38700	119	141	0	354	0	1	0	0	4	9	0	29	101	120	0	157	1	0	0	1	5	6	0	28	1	1	0	2	7	4	0	137
10:50:00	39000	136	113	0	377	0	0	0	0	5	10	0	24	121	87	0	191	0	0	0	1	4	6	0	26	0	1	0	1	6	9	0	134
10:55:00	39300	108	137	0	348	0	0	0	0	1	4	0	21	95	120	0	166	1	1	0	1	7	8	0	25	0	1	0	0	4	3	0	135
11:00:00	39600	130	114	0	364	0	0	0	0	5	4	0	22	113	100	0	179	0	1	0	0	6	4	0	27	0	0	0	0	6	5	0	136
11:05:00	39900	126	126	0	364	0	0	0	0	5	3	0	24	109	110	0	178	0	0	0	0	5	4	0	28	0	0	0	0	7	9	0	134
11:10:00	40200	149	129	0	384	0	0	0	0	7	6	0	25	123	113	0	188	0	0	0	0	13	6	0	35	0	0	0	0	6	4	0	136
11:15:00	40500	144	136	0	392	1	0	0	1	5	5	0	25	121	115	0	194	0	0	0	0	6	12	0	29	1	0	0	1	10	4	0	142
11:20:00	40800	158	143	0	407	0	1	0	0	11	7	0	29	135	120	0	209	0	0	0	0	4	8	0	25	2	1	0	2	6	6	0	142
11:25:00	41100	133	140	0	400	0	0	0	0	6	8	0	27	109	120	0	198	0	0	0	0	10	7	0	28	1	0	0	3	7	5	0	144
11:30:00	41400	139	136	0	403	1	1	0	0	7	7	0	27	114	114	0	198	1	0	0	1	8	7	0	29	1	1	0	3	7	6	0	145
11:35:00	41700	140	135	0	408	0	0	0	0	5	7	0	25	119	117	0	200	1	0	0	2	6	5	0	30	1	1	0	3	8	5	0	148
11:40:00	42000	138	146	0	400	0	0	0	0	5	3	0	27	118	123	0	195	1	0	0	3	3	10	0	23	2	2	0	3	9	8	0	149
11:45:00	42300	161	136	0	425	0	0	0	0	6	9	0	24	137	117	0	215	0	2	0	1	9	3	0	29	1	0	0	4	8	5	0	152
11:50:00	42600	143	150	0	418	0	0	0	0	8	7	0	25	122	129	0	208	1	1	0	1	6	5	0	30	1	1	0	4	5	7	0	150
11:55:00	42900	145	144	0	419	0	0	0	0	6	5	0	26	119	125	0	202	3	2	0	2	6	2	0	34	0	3	0	1	11	7	0	154
12:00:00	43200	143	149	0	413	2	1	0	1	5	6	0	25	121	126	0	197	0	1	0	1	7	11	0	30	3	0	0	4	5	4	0	155
12:05:00	43500	135	138	0	410	0	1	0	0	4	5	0	24	113	117	0	193	0	0	0	1	7	9	0	28	1	0	0	5	10	6	0	159
12:10:00	43800	129	144	0	395	0	0	0	0	3	8	0	19	114	126	0	181	0	1	0	0	7	3	0	32	0	1	0	4	5	5	0	159
12:15:00	44100	145	131	0	409	0	0	0	0	2	3	0	18	125	106	0	200	1	0	0	1	4	7	0	29	3	2	0	5	10	13	0	156
12:20:00	44400	137	132	0	414	0	0	0	0	7	6	0	19	118	112	0	206	1	1	0	1	2	6	0	25	0	1	0	4	9	6	0	159
12:25:00	44700	119	140	0	393	0	0	0	0	3	2	0	20	102	129	0	179	0	1	0	0	8	3	0	30	1	0	0	5	5	5	0	159
12:30:00	45000	126	122	0	397	1	1	0	0	4	6	0	18	112	102	0	189	0	0	0	0	5	5	0	30	1	0	0	6	3	8	0	154
12:35:00	45300	111	142	0	366	2	0	0	2	8	6	0	20	93	114	0	168	1	1	0	0	1	7	0	24	1	2	0	5	5	12	0	147
12:40:00	45600	126	107	0	385	2	2	0	2	11	5	0	26	98	88	0	178	1	0	0	1	4	7	0	21	2	1	0	6	8	4	0	151
12:45:00	45900	140	140	0	385	0	2	0	0	4	6	0	24	112	118	0	172	1	0	0	2	9	4	0	26	4	2	0	8	10	8	0	153
12:50:00	46200	144	134	0	395	1	1	0	0	6	8	0	22	126	107	0	191	0	2	0	0	7	6	0	27	1	2	0	7	3	8	0	148
12:55:00	46500	113	133	0	375	0	0	0	0	4	7	0	19	101	108	0	184	2	1	0	1	3	5	0	25	0	4	0	3	3	8	0	143
13:00:00	46800	121	123	0	373	0	0	0	0	3	9	0	13	101	104	0	181	1	1	0	1	7	1	0	31	0	1	0	2	9	7	0	145
13:05:00	47100	133	133	0	373	0	0	0	0	5	3	0	15	117	116	0	182	0	1	0	0	8	6	0	33	0	0	0	2	3	7	0	141
13:10:00	47400	130	112	0	391	1	0	0	1	15	4	0	26	104	94	0	192	0	0	0	0	5	10	0	28	0	0	0	2	5	4	0	142
13:15:00	47700	152	121	0	422	1	1	0	1	5	3	0	28	135	106	0	221	0	0	0	0	2	5	0	25	1	0	0	3	8	6	0	144
13:20:00	48000	142	140	0	424	1	1	0	1	6	3	0	31	121	122	0	220	1	0	0	1	4	4	0	25	1	1	0	3	8	9	0	143
13:25:00	48300	149	161	0	412	0	1	0	0	4	11	0	24	126	132	0	214	0	0	0	1	4	9	0	20	2	1	0	4	13	7	0	149
13:30:00	48600	135	133	0	414	1	1	0	0	9	4	0	29	116	110	0	220	1	0	0	2	4	7	0	17	1	2	0	3	3	9	0	143
13:35:00	48900	128	129	0	413	0	0	0	0	4	7	0	26	107	111	0	216	1	0	0	3	10	1	0	26	1	3	0	1	5	7	0	141
13:40:00	49200	137	134	0	416	0	0	0	0	4	6	0	24	115	116	0	215	0	2	0	1	10	1	0	35	1	0	0	2	7	9	0	139
13:45:00	49500	118	140	0	394	0	0	0	0	5	6	0	23	105	119	0	201	1	0	0	2	3	6	0	32	0	1	0	1	4	8	0	135
13:50:00	49800	136	122	0	408	0	0	0	0	5	1	0	27	113	107	0	207	0	2	0	0	8	7	0	33	0	0	0	1	10	5	0	140
13:55:00	50100	121	132	0	397	0	0	0	0	9	8	0	28	104	110	0	201	0	0	0	0	4	9	0	28	0	0	0	1	4	5	0	139
14:00:00	50400	131	138	0	390	2	0	0	2	4	6	0	26	115	116	0	200	0	0	0	0	6	9	0	25	0	0	0	1	4	7	0	136
14:05:00	50700	147	139	0	398	0	2	0	0	5	8	0	23	135	115	0	220	0	0	0	0	1	8	0	18	3	1	0	3	3	5	0	134
14:10:00	51000	127	130	0	395	0	0	0	0	6	3	0	26	109	118	0	211	2	0	0	2	5	3	0	20	0	2	0	1	5	4	0	135
14:15:00	51300	148	137	0	406	0	0	0	0	9	14	0	21	127	111	0	227	0	1	0	1	4	5	0	19	0	1	0	0	8	5	0	138
14:20:00	51600	122	140	0	388	0	0	0	0	4	5	0	20	108	119	0	216	0	0	0	1	3	8	0	14	1	0	0	1	6	8	0	136
14:25:00	51900	129	125	0	392	0	0	0	0	6	3	0	23	109	116	0	209	1	1	0	1	6	3	0	17	0	1	0	0	7	1	0	142
14:30:00	52200	133	124	0	401	1	0	0	1	7	6	0	24	118	108	0	219	0	1	0	0	4	5	0	16	2	0	0	2	1	4	0	139
14:35:00	52500	105	124	0	382	2	1	0	2	4	5	0	23	91	111	0	199	1	0	0	1	3	1	0	18	1	1	0	2	3	5	0	137
14:40:00	52800	140	139	0	383	0	1	0	1	7	4	0	26	119	120	0	198	0	1	0	0	5	4	0	19	3	1	0	4	6	8	0	135
14:45:00	53100	116	136	0	363	4	2	0	3	5	6	0	25	93	117	0	174	0	0	0	0	3	2	0	20	2	2	0	4	9	7	0	137
14:50:00	53400	142	130	0	375	0	3	0	0	3	6	0	22	128	108	0	194	2	1	0	1	2	3	0	19	3	4	0	3	4	5	0	136
14:55:00	53700	144	127	0	392	0	0	0	0	4	7	0	19	128	104	0	218	1	1	0	1	7	3	0	23	0	2	0	1	4	10	0	130
15:00:00	54000	159	138	0	413	3	0	0	3	4	4	0	19	140	123	0	235	0	1	0	0	6	2	0	27	0	0	0	1	6	8	0	128
15:05:00	54300	133	127	0	419	2	3	0	2	7	2	0	24	109	111	0	233	0	0	0	0	6	5	0	28	4	1	0	4	5	5	0	128
15:10:00	54600	137	150	0	406	1	2	0	1	3	3	0	24	120	132	0	221	2	0	0	2	4	5	0	27	2	4	0	2	5	4	0	129
15:15:00	54900	132	113	0	425	0	1	0	0	9	5	0	28	110	96	0	235	0	1	0	1	6	3	0	30	2	1	0	3	5	6	0	128
15:20:00	55200	148	152	0	421	1	0	0	1	10	6	0	32	128	127	0	236	0	1	0	0	5	9	0	26	0	1	0	2	4	8	0	124
15:25:00	55500	146	141	0	426	1	1	0	1	7	11	0	28	116	112	0	240	2	0	0	2	8	5	0	29	2	3	0	1	10	9	0	125
15:30:00	55800	177	150	0	453	3	3	0	1	7	1	0	34	154	132	0	262	0	2	0	0	4	4	0	29	3	0	0	4	6	8	0	123
15:35:00	56100	143	174	0	422	2	2	0	1	8	9	0	33	118	150	0	230	0	0	0	0	9	8	0	30	2	2	0	4	4	3	0	124
15:40:00	56400	168	152	0	438	1	1	0	1	10	6	0	37	149	131	0	248	0	0	0	0	2	5	0	27	1	3	0	2	5	6	0	123
15:45:00	56700	164	161	0	441	2	0	0	3	5	9	0	33	140	139	0	249	0	0	0	0	8	6	0	29	2	1	0	3	7	6	0	124
15:50:00	57000	153	135	0	459	2	3	0	2	6	4	0	35	131	118	0	262	0	0	0	0	3	5	0	27	4	1	0	6	7	4	0	127
15:55:00	57300	164	175	0	448	1	2	0	1	12	7	0	40	135	148	0	249	3	2	0	1	5	6	0	26	3	7	0	2	5	3	0	129
16:00:00	57600	161	146	0	463	2	1	0	2	5	4	0	41	135	132	0	252	1	1	0	1	8	3	0	31	3	2	0	3	7	3	0	133
16:05:00	57900	190	161	0	492	0	1	0	1	8	9	0	40	161	138	0	275	2	1	0	2	4	3	0	32	1	3	0	1	14	6	0	141
16:10:00	58200	175	163	0	504	6	2	0	5	11	9	0	42	144	135	0	284	0	2	0	0	4	9	0	27	3	0	0	4	7	6	0	142
16:15:00	58500	170	178	0	496	1	2	0	4	8	6	0	44	147	146	0	285	1	0	0	1	5	8	0	24	4	5	0	3	4	11	0	135
16:20:00	58800	169	178	0	487	2	5	0	1	11	12	0	43	141	143	0	283	1	0	0	2	4	7	0	21	5	1	0	7	5	10	0	130
16:25:00	59100	153	187	0	453	1	2	0	0	6	7	0	42	128	155	0	256	4	5	0	1	8	2	0	27	3	8	0	2	3	8	0	125
16:30:00	59400	196	163	0	486	0	0	0	0	8	11	0	39	175	142	0	289	1	1	0	1	6	4	0	29	0	2	0	0	6	3	0	128
16:35:00	59700	162	171	0	477	2	1	0	1	3	9	0	33	138	146	0	281	1	1	0	1	8	8	0	29	3	1	0	2	7	5	0	130
16:40:00	60000	169	170	0	476	4	1	0	4	12	7	0	38	128	149	0	260	1	1	0	1	14	2	0	41	2	1	0	3	8	9	0	129
16:45:00	60300	187	151	0	512	0	3	0	1	8	3	0	43	168	131	0	297	0	1	0	0	5	8	0	38	3	2	0	4	3	3	0	129
16:50:00	60600	188	197	0	503	2	1	0	2	13	8	0	48	151	167	0	281	2	0	0	2	10	10	0	38	3	6	0	1	7	5	0	131
16:55:00	60900	162	175	0	490	2	2	0	2	4	9	0	43	137	146	0	272	0	2	0	0	6	9	0	35	4	0	0	5	9	7	0	133
17:00:00	61200	161	162	0	489	1	2	0	1	8	4	0	47	135	136	0	271	2	2	0	0	5	9	0	31	4	4	0	5	6	5	0	134
17:05:00	61500	166	175	0	480	2	2	0	1	5	8	0	44	138	145	0	264	4	4	0	0	4	4	0	31	2	5	0	2	11	7	0	138
17:10:00	61800	156	154	0	482	0	0	0	1	4	4	0	44	137	141	0	260	0	0	0	0	8	5	0	34	0	1	0	1	7	3	0	142
17:15:00	62100	164	164	0	482	1	0	0	2	6	8	0	42	139	143	0	256	1	0	0	1	6	3	0	37	0	1	0	0	11	9	0	144
17:20:00	62400	154	160	0	476	2	3	0	1	7	8	0	41	132	138	0	250	0	1	0	0	6	6	0	37	3	1	0	2	4	3	0	145
17:25:00	62700	143	156	0	463	2	2	0	1	7	4	0	44	114	134	0	230	2	1	0	1	6	6	0	37	6	3	0	5	6	6	0	145
17:30:00	63000	171	147	0	487	2	2	0	1	7	6	0	45	136	121	0	245	3	1	0	3	12	8	0	41	4	5	0	4	7	4	0	148
17:35:00	63300	189	160	0	516	1	2	0	0	8	9	0	44	160	130	0	275	3	3	0	3	8	7	0	42	5	5	0	4	4	4	0	148
17:40:00	63600	148	174	0	490	2	1	0	1	10	9	0	45	122	144	0	253	2	3	0	2	4	7	0	39	3	3	0	4	5	7	0	146
17:45:00	63900	156	161	0	485	0	1	0	0	3	9	0	39	142	134	0	261	1	2	0	1	4	7	0	36	2	3	0	3	4	5	0	145
17:50:00	64200	160	150	0	495	2	2	0	0	6	8	0	37	138	127	0	272	2	2	0	1	6	4	0	38	2	3	0	2	4	4	0	145
17:55:00	64500	153	181	0	467	2	0	0	2	8	8	0	37	132	155	0	249	1	2	0	0	6	6	0	38	0	1	0	1	4	9	0	140
18:00:00	64800	137	156	0	448	0	2	0	0	6	3	0	40	118	141	0	226	0	0	0	0	3	4	0	37	3	1	0	3	7	5	0	142
18:05:00	65100	132	143	0	437	2	0	0	2	11	8	0	43	108	121	0	213	0	0	0	0	3	7	0	33	2	2	0	3	6	5	0	143
18:10:00	65400	138	130	0	445	2	3	0	1	6	9	0	40	114	97	0	230	2	1	0	1	8	9	0	32	3	2	0	4	3	9	0	137
18:15:00	65700	159	126	0	478	1	1	0	1	7	5	0	42	133	107	0	256	1	0	0	2	6	4	0	34	2	4	0	2	9	5	0	141
18:20:00	66000	156	163	0	471	1	0	0	2	1	6	0	37	143	145	0	254	1	3	0	0	2	3	0	33	1	1	0	2	7	5	0	143
18:25:00	66300	150	149	0	472	3	4	0	1	9	7	0	39	116	124	0	246	2	1	0	1	9	6	0	36	6	2	0	6	5	5	0	143
18:30:00	66600	127	165	0	434	0	0	0	1	8	5	0	42	106	136	0	216	2	2	0	1	5	4	0	37	1	6	0	1	5	12	0	136
18:35:00	66900	141	155	0	420	0	0	0	1	2	8	0	36	116	132	0	200	1	1	0	1	11	8	0	40	1	1	0	1	10	5	0	141
18:40:00	67200	140	137	0	423	0	1	0	0	2	3	0	35	124	122	0	202	2	1	0	2	6	4	0	42	2	2	0	1	4	4	0	141
18:45:00	67500	140	145	0	418	0	0	0	0	8	6	0	37	117	122	0	197	1	3	0	0	4	9	0	37	0	1	0	0	10	4	0	147
18:50:00	67800	113	139	0	392	1	0	0	1	8	7	0	38	95	123	0	169	1	0	0	1	2	3	0	36	2	1	0	1	4	5	0	146
18:55:00	68100	127	129	0	390	1	1	0	1	3	3	0	38	109	108	0	170	1	2	0	0	5	6	0	35	3	1	0	3	5	8	0	143
19:00:00	68400	117	138	0	369	2	2	0	1	2	7	0	33	97	106	0	161	2	1	0	1	6	9	0	32	3	3	0	3	5	10	0	138
19:05:00	68700	110	123	0	356	1	2	0	0	3	3	0	33	98	100	0	159	1	2	0	0	2	4	0	30	3	4	0	2	2	8	0	132
19:10:00	69000	124	110	0	370	2	1	0	1	3	4	0	32	108	92	0	175	1	1	0	0	4	3	0	31	1	2	0	1	5	7	0	130
19:15:00	69300	93	114	0	349	2	1	0	2	3	6	0	29	81	92	0	164	0	0	0	0	3	6	0	28	1	0	0	2	3	9	0	124
19:20:00	69600	124	109	0	364	0	1	0	1	7	3	0	33	102	95	0	171	0	0	0	0	4	2	0	30	3	3	0	2	8	5	0	127
19:25:00	69900	125	120	0	369	1	2	0	0	1	6	0	28	111	100	0	182	2	1	0	1	4	3	0	31	2	3	0	1	4	5	0	126
19:30:00	70200	92	122	0	339	1	0	0	1	5	5	0	28	82	102	0	162	0	1	0	0	3	9	0	25	1	1	0	1	0	4	0	122
19:35:00	70500	101	117	0	323	0	1	0	0	8	4	0	32	84	96	0	150	1	1	0	0	2	8	0	19	1	1	0	1	5	6	0	121
19:40:00	70800	93	103	0	313	0	0	0	0	3	3	0	32	77	86	0	141	0	0	0	0	8	6	0	21	2	1	0	2	3	7	0	117
19:45:00	71100	99	81	0	331	1	0	0	1	5	2	0	35	85	71	0	155	1	0	0	1	6	3	0	24	0	1	0	1	1	4	0	114
19:50:00	71400	97	107	0	321	1	1	0	1	7	8	0	34	75	89	0	141	2	2	0	1	4	1	0	27	2	2	0	1	6	4	0	116
19:55:00	71700	81	89	0	313	0	0	0	1	1	1	0	34	69	74	0	136	1	2	0	0	4	4	0	27	1	2	0	0	5	6	0	115
20:00:00	72000	99	92	0	320	4	2	0	3	3	5	0	32	85	79	0	142	0	0	0	0	2	4	0	25	4	0	0	4	1	2	0	114
20:05:00	72300	118	107	0	331	2	3	0	2	3	5	0	30	95	86	0	151	2	0	0	2	7	6	0	26	4	3	0	5	5	4	0	115
20:10:00	72600	90	120	0	301	1	2	0	1	1	5	0	26	75	99	0	127	1	1	0	2	3	2	0	27	3	4	0	4	6	7	0	114
20:15:00	72900	94	101	0	294	2	1	0	2	3	6	0	23	81	84	0	124	2	3	0	1	2	3	0	26	1	3	0	2	3	1	0	116
20:20:00	73200	92	104	0	282	3	4	0	1	8	6	0	25	71	78	0	117	1	2	0	0	4	5	0	25	4	3	0	3	1	6	0	111
20:25:00	73500	72	91	0	263	0	0	0	1	4	5	0	24	57	73	0	101	0	0	0	0	4	5	0	24	1	1	0	3	6	7	0	110
20:30:00	73800	73	76	0	260	1	1	0	1	3	3	0	24	64	63	0	102	2	1	0	1	2	3	0	23	1	3	0	1	0	2	0	108
20:35:00	74100	59	80	0	239	3	2	0	2	1	4	0	21	49	66	0	85	0	1	0	0	0	3	0	20	2	1	0	2	4	3	0	109
20:40:00	74400	75	72	0	242	3	2	0	3	6	7	0	20	58	51	0	92	1	1	0	0	1	6	0	15	3	3	0	2	3	2	0	110
20:45:00	74700	68	74	0	236	0	1	0	2	2	3	0	19	58	62	0	88	1	1	0	0	2	1	0	16	1	2	0	1	4	4	0	110
20:50:00	75000	78	67	0	247	0	1	0	1	4	4	0	19	61	51	0	98	0	0	0	0	5	6	0	15	3	1	0	3	5	4	0	111
20:55:00	75300	75	69	0	253	0	0	0	1	1	3	0	17	61	54	0	105	3	1	0	2	5	2	0	18	1	3	0	1	4	6	0	109
21:00:00	75600	61	84	0	230	2	1	0	2	1	2	0	16	51	70	0	86	0	2	0	0	2	5	0	15	4	1	0	4	1	3	0	107
21:05:00	75900	71	75	0	226	1	0	0	3	3	1	0	18	56	63	0	79	3	2	0	1	2	2	0	15	1	4	0	1	5	3	0	109
21:10:00	76200	57	75	0	208	2	2	0	3	1	5	0	14	46	59	0	66	0	1	0	0	2	5	0	12	2	0	0	3	4	3	0	110
21:15:00	76500	68	53	0	223	1	1	0	3	3	2	0	15	54	39	0	81	2	2	0	0	2	4	0	10	4	2	0	5	2	3	0	109
21:20:00	76800	48	64	0	207	2	1	0	4	1	2	0	14	34	48	0	67	3	1	0	2	2	1	0	11	2	5	0	2	4	6	0	107
21:25:00	77100	62	48	0	221	1	2	0	3	2	2	0	14	49	37	0	79	1	2	0	1	4	2	0	13	3	2	0	3	2	1	0	108
21:30:00	77400	60	74	0	207	1	1	0	3	1	3	0	12	50	61	0	68	0	1	0	0	2	2	0	13	3	2	0	4	3	4	0	107
21:35:00	77700	52	44	0	215	1	2	0	2	0	1	0	11	42	33	0	77	1	1	0	0	1	1	0	13	2	2	0	4	5	4	0	108
21:40:00	78000	55	54	0	216	0	1	0	1	1	1	0	11	43	42	0	78	3	3	0	0	2	1	0	14	2	3	0	3	4	3	0	109
21:45:00	78300	62	67	0	211	2	0	0	3	2	2	0	11	53	54	0	77	2	1	0	1	2	4	0	12	0	3	0	0	1	3	0	107
21:50:00	78600	70	52	0	229	1	2	0	2	1	0	0	12	60	39	0	98	1	2	0	0	2	1	0	13	3	1	0	2	2	7	0	102
21:55:00	78900	86	62	0	253	3	2	0	3	0	1	0	11	77	52	0	123	1	1	0	0	1	1	0	13	2	3	0	1	2	2	0	102
22:00:00	79200	129	67	0	315	1	0	0	4	2	0	0	13	121	59	0	185	1	1	0	0	1	0	0	14	1	1	0	1	2	6	0	98
22:05:00	79500	66	139	0	242	1	3	0	2	3	4	0	12	51	122	0	114	2	2	0	0	1	1	0	14	5	2	0	4	3	5	0	96
22:10:00	79800	41	106	0	177	2	1	0	3	1	2	0	11	32	92	0	54	3	1	0	2	1	1	0	14	2	6	0	0	0	3	0	93
22:15:00	80100	49	52	0	174	0	2	0	1	2	3	0	10	41	38	0	57	1	3	0	0	1	3	0	12	2	1	0	1	2	2	0	93
22:20:00	80400	30	48	0	156	0	0	0	1	1	4	0	7	25	37	0	45	1	1	0	0	1	2	0	11	0	1	0	0	2	3	0	92
22:25:00	80700	25	29	0	152	0	0	0	1	1	1	0	7	20	23	0	42	0	0	0	0	2	0	0	13	1	0	0	1	1	5	0	88
22:30:00	81000	31	31	0	152	3	0	0	4	2	1	0	8	19	25	0	36	1	0	0	1	3	1	0	15	1	1	0	1	2	3	0	87
22:35:00	81300	35	34	0	153	0	1	0	3	3	1	0	10	26	26	0	36	1	1	0	1	0	1	0	14	1	1	0	1	4	3	0	88
22:40:00	81600	26	30	0	149	0	2	0	1	0	2	0	8	18	20	0	34	1	1	0	1	1	2	0	13	3	1	0	3	3	2	0	89
22:45:00	81900	25	34	0	140	2	2	0	1	1	1	0	8	16	23	0	27	0	1	0	0	0	1	0	12	3	2	0	4	3	4	0	88
22:50:00	82200	17	24	0	133	0	0	0	1	1	1	0	8	11	11	0	27	3	2	0	1	1	3	0	10	0	4	0	0	1	3	0	86
22:55:00	82500	16	30	0	119	0	0	0	1	1	2	0	7	10	20	0	17	0	1	0	0	2	3	0	9	0	0	0	0	3	4	0	85
23:00:00	82800	20	17	0	122	1	0	0	2	1	3	0	5	15	10	0	22	0	0	0	0	2	0	0	11	0	0	0	0	1	4	0	82
23:05:00	83100	24	20	0	126	0	1	0	1	2	1	0	6	16	13	0	25	0	0	0	0	2	1	0	12	1	1	0	0	3	3	0	82
23:10:00	83400	16	21	0	121	2	0	0	3	0	2	0	4	12	16	0	21	0	0	0	0	1	1	0	12	0	0	0	0	1	2	0	81
23:15:00	83700	14	20	0	115	0	2	0	1	1	1	0	4	10	12	0	19	0	0	0	0	0	3	0	9	2	0	0	2	1	2	0	80
23:20:00	84000	20	21	0	114	2	1	0	2	0	0	0	4	13	11	0	21	1	1	0	0	0	1	0	8	1	3	0	0	3	4	0	79
23:25:00	84300	8	15	0	107	0	1	0	1	0	1	0	3	6	11	0	16	0	0	0	0	0	1	0	7	1	0	0	1	1	1	0	79
23:30:00	84600	12	14	0	105	1	0	0	2	2	0	0	5	7	9	0	14	1	1	0	0	0	1	0	6	0	1	0	0	1	2	0	78
23:35:00	84900	18	9	0	114	0	0	0	2	1	0	0	6	15	7	0	22	0	0	0	0	0	1	0	5	0	0	0	0	2	1	0	79
23:40:00	85200	12	13	0	113	0	2	0	0	0	1	0	5	8	9	0	21	0	0	0	0	0	0	0	5	3	0	0	3	1	1	0	79
23:45:00	85500	12	18	0	107	1	0	0	1	1	0	0	6	6	9	0	18	2	1	0	1	0	1	0	4	0	3	0	0	2	4	0	77
23:50:00	85800	10	11	0	106	0	0	0	1	0	2	0	4	9	6	0	21	0	0	0	1	1	1	0	4	0	0	0	0	0	2	0	75
23:55:00	86100	7	14	0	99	0	0	0	1	0	0	0	4	5	9	0	17	1	2	0	0	0	0	0	4	1	1	0	0	0	2	0	73
24:00:00	86400	10	12	0	97	0	0	0	1	1	1	0	4	7	9	0	15	0	0	0	0	0	1	0	3	1	0	0	1	1	1	0	73
24:05:00	86700	5	7	0	95	1	0	0	2	0	0	0	4	4	4	0	15	0	0	0	0	0	0	0	3	0	0	0	1	0	3	0	70
24:10:00	87000	7	11	0	91	0	1	0	1	0	0	0	4	3	7	0	11	1	1	0	0	0	0	0	3	1	1	0	1	2	1	0	71
24:15:00	87300	10	12	0	89	2	1	0	2	0	1	0	3	6	6	0	11	0	0	0	0	0	1	0	2	1	1	0	1	1	2	0	70
24:20:00	87600	7	10	0	86	0	1	0	1	1	0	0	4	4	6	0	9	1	1	0	0	0	0	0	2	1	1	0	1	0	1	0	69
24:25:00	87900	6	10	0	82	1	0	0	2	1	2	0	3	4	5	0	8	0	0	0	0	0	0	0	2	0	1	0	0	0	2	0	67
24:30:00	88200	5	8	0	79	0	1	0	1	1	1	0	3	3	4	0	7	0	0	0	0	0	0	0	2	1	0	0	1	0	2	0	65
24:35:00	88500	4	7	0	76	0	0	0	1	0	1	0	2	3	3	0	7	1	1	0	0	0	0	0	2	0	1	0	0	0	1	0	64
24:40:00	88800	2	7	0	71	0	0	0	1	0	1	0	1	1	3	0	5	0	0	0	0	0	0	0	2	0	0	0	0	1	3	0	62
24:45:00	89100	1	4	0	68	0	0	0	1	0	0	0	1	1	3	0	3	0	0	0	0	0	0	0	2	0	0	0	0	0	1	0	61
24:50:00	89400	4	4	0	68	0	0	0	1	0	0	0	1	4	3	0	4	0	0	0	0	0	0	0	2	0	0	0	0	0	1	0	60
24:55:00	89700	3	1	0	70	0	0	0	1	0	0	0	1	3	1	0	6	0	0	0	0	0	0	0	2	0	0	0	0	0	0	0	60
25:00:00	90000	2	4	0	68	0	0	0	1	0	0	0	1	2	3	0	5	0	0	0	0	0	0	0	2	0	0	0	0	0	1	0	59
25:05:00	90300	4	5	0	67	1	0	0	2	0	0	0	1	2	3	0	4	0	0	0	0	0	0	0	2	0	0	0	0	1	2	0	58
25:10:00	90600	2	5	0	64	0	0	0	2	0	0	0	1	2	3	0	3	0	0	0	0	0	0	0	2	0	0	0	0	0	2	0	56
25:15:00	90900	2	4	0	62	0	1	0	1	0	0	0	1	0	1	0	2	0	0	0	0	0	0	0	2	1	0	0	1	1	2	0	55
25:20:00	91200	3	6	0	59	1	0	0	2	0	0	0	1	2	2	0	2	0	0	0	0	0	0	0	2	0	1	0	0	0	3	0	52
25:25:00	91500	1	0	0	60	0	0	0	2	0	0	0	1	1	0	0	3	0	0	0	0	0	0	0	2	0	0	0	0	0	0	0	52
25:30:00	91800	6	3	0	63	0	1	0	1	0	0	0	1	3	0	0	6	1	1	0	0	1	0	0	3	1	1	0	0	0	0	0	52
25:35:00	92100	1	3	0	61	0	0	0	1	0	0	0	1	1	1	0	6	0	0	0	0	0	0	0	3	0	0	0	0	0	2	0	50
25:40:00	92400	1	6	0	56	0	0	0	1	0	0	0	1	0	4	0	2	0	0	0	0	1	0	0	4	0	0	0	0	0	2	0	48
25:45:00	92700	1	1	0	56	0	0	0	1	1	0	0	2	0	0	0	2	0	0	0	0	0	0	0	4	0	0	0	0	0	1	0	47
25:50:00	93000	0	3	0	53	0	0	0	1	0	0	0	2	0	2	0	0	0	0	0	0	0	0	0	4	0	0	0	0	0	1	0	46
25:55:00	93300	1	6	0	48	0	1	0	0	0	0	0	2	0	0	0	0	0	0	0	0	0	0	0	4	1	0	0	1	0	5	0	41
26:00:00	93600	3	3	0	48	0	0	0	0	0	0	0	2	1	0	0	1	0	0	0	0	1	2	0	3	0	0	0	1	1	1	0	41
26:05:00	93900	2	4	0	46	0	0	0	0	0	1	0	1	0	0	0	1	1	1	0	0	0	0	0	3	0	1	0	0	1	1	0	41
26:10:00	94200	0	0	0	46	0	0	0	0	0	0	0	1	0	0	0	1	0	0	0	0	0	0	0	3	0	0	0	0	0	0	0	41
26:15:00	94500	3	1	0	48	0	0	0	0	0	0	0	1	3	1	0	3	0	0	0	0	0	0	0	3	0	0	0	0	0	0	0	41
26:20:00	94800	0	2	0	46	0	0	0	0	0	0	0	1	0	0	0	3	0	0	0	0	0	1	0	2	0	0	0	0	0	1	0	40
26:25:00	95100	1	5	0	42	0	0	0	0	0	0	0	1	1	4	0	0	0	0	0	0	0	0	0	2	0	0	0	0	0	1	0	39
26:30:00	95400	1	2	0	41	0	0	0	0	0	0	0	1	0	0	0	0	0	0	0	0	0	1	0	1	0	0	0	0	1	1	0	39
26:35:00	95700	0	0	0	41	0	0	0	0	0	0	0	1	0	0	0	0	0	0	0	0	0	0	0	1	0	0	0	0	0	0	0	39
26:40:00	96000	0	1	0	40	0	0	0	0	0	0	0	1	0	0	0	0	0	0	0	0	0	0	0	1	0	0	0	0	0	1	0	38
26:45:00	96300	0	1	0	39	0	0	0	0	0	0	0	1	0	0	0	0	0	0	0	0	0	0	0	1	0	0	0	0	0	1	0	37
26:50:00	96600	0	0	0	39	0	0	0	0	0	0	0	1	0	0	0	0	0	0	0	0	0	0	0	1	0	0	0	0	0	0	0	37
26:55:00	96900	0	0	0	39	0	0	0	0	0	0	0	1	0	0	0	0	0	0	0	0	0	0	0	1	0	0	0	0	0	0	0	37
27:00:00	97200	0	0	0	39	0	0	0	0	0	0	0	1	0	0	0	0	0	0	0	0	0	0	0	1	0	0	0	0	0	0	0	37
27:05:00	97500	1	2	0	38	0	0	0	0	1	1	0	1	0	0	0	0	0	0	0	0	0	0	0	1	0	0	0	0	0	1	0	36
27:10:00	97800	0	0	0	38	0	0	0	0	0	0	0	1	0	0	0	0	0	0	0	0	0	0	0	1	0	0	0	0	0	0	0	36
27:15:00	98100	0	1	0	37	0	0	0	0	0	0	0	1	0	0	0	0	0	0	0	0	0	0	0	1	0	0	0	0	0	1	0	35
27:20:00	98400	0	0	0	37	0	0	0	0	0	0	0	1	0	0	0	0	0	0	0	0	0	0	0	1	0	0	0	0	0	0	0	35
27:25:00	98700	0	0	0	37	0	0	0	0	0	0	0	1	0	0	0	0	0	0	0	0	0	0	0	1	0	0	0	0	0	0	0	35
27:30:00	99000	0	0	0	37	0	0	0	0	0	0	0	1	0	0	0	0	0	0	0	0	0	0	0	1	0	0	0	0	0	0	0	35
27:35:00	99300	0	0	0	37	0	0	0	0	0	0	0	1	0	0	0	0	0	0	0	0	0	0	0	1	0	0	0	0	0	0	0	35
27:40:00	99600	0	0	0	37	0	0	0	0	0	0	0	1	0	0	0	0	0	0	0	0	0	0	0	1	0	0	0	0	0	0	0	35
27:45:00	99900	0	0	0	37	0	0	0	0	0	0	0	1	0	0	0	0	0	0	0	0	0	0	0	1	0	0	0	0	0	0	0	35
27:50:00	100200	0	0	0	37	0	0	0	0	0	0	0	1	0	0	0	0	0	0	0	0	0	0	0	1	0	0	0	0	0	0	0	35
27:55:00	100500	0	1	0	36	0	0	0	0	0	0	0	1	0	0	0	0	0	0	0	0	0	0	0	1	0	0	0	0	0	1	0	34
28:00:00	100800	0	0	0	36	0	0	0	0	0	0	0	1	0	0	0	0	0	0	0	0	0	0	0	1	0	0	0	0	0	0	0	34
28:05:00	101100	0	0	0	36	0	0	0	0	0	0	0	1	0	0	0	0	0	0	0	0	0	0	0	1	0	0	0	0	0	0	0	34
28:10:00	101400	0	0	0	36	0	0	0	0	0	0	0	1	0	0	0	0	0	0	0	0	0	0	0	1	0	0	0	0	0	0	0	34
28:15:00	101700	0	0	0	36	0	0	0	0	0	0	0	1	0	0	0	0	0	0	0	0	0	0	0	1	0	0	0	0	0	0	0	34
28:20:00	102000	0	0	0	36	0	0	0	0	0	0	0	1	0	0	0	0	0	0	0	0	0	0	0	1	0	0	0	0	0	0	0	34
28:25:00	102300	0	1	0	35	0	0	0	0	0	0	0	1	0	0	0	0	0	0	0	0	0	0	0	1	0	0	0	0	0	1	0	33
28:30:00	102600	0	1	0	34	0	0	0	0	0	0	0	1	0	0	0	0	0	0	0	0	0	0	0	1	0	0	0	0	0	1	0	32
28:35:00	102900	0	0	0	34	0	0	0	0	0	0	0	1	0	0	0	0	0	0	0	0	0	0	0	1	0	0	0	0	0	0	0	32
28:40:00	103200	1	1	0	34	0	0	0	0	0	0	0	1	0	0	0	0	0	0	0	0	0	0	0	1	0	0	0	0	1	1	0	32
28:45:00	103500	0	0	0	34	0	0	0	0	0	0	0	1	0	0	0	0	0	0	0	0	0	0	0	1	0	0	0	0	0	0	0	32
28:50:00	103800	0	0	0	34	0	0	0	0	0	0	0	1	0	0	0	0	0	0	0	0	0	0	0	1	0	0	0	0	0	0	0	32
28:55:00	104100	0	1	0	33	0	0	0	0	0	0	0	1	0	0	0	0	0	0	0	0	0	0	0	1	0	0	0	0	0	1	0	31
29:00:00	104400	0	0	0	33	0	0	0	0	0	0	0	1	0	0	0	0	0	0	0	0	0	0	0	1	0	0	0	0	0	0	0	31
29:05:00	104700	0	1	0	32	0	0	0	0	0	0	0	1	0	0	0	0	0	0	0	0	0	0	0	1	0	0	0	0	0	1	0	30
29:10:00	105000	0	0	0	32	0	0	0	0	0	0	0	1	0	0	0	0	0	0	0	0	0	0	0	1	0	0	0	0	0	0	0	30
29:15:00	105300	0	0	0	32	0	0	0	0	0	0	0	1	0	0	0	0	0	0	0	0	0	0	0	1	0	0	0	0	0	0	0	30
29:20:00	105600	0	1	0	31	0	0	0	0	0	0	0	1	0	0	0	0	0	0	0	0	0	0	0	1	0	0	0	0	0	1	0	29
29:25:00	105900	1	2	0	30	0	0	0	0	0	0	0	1	0	0	0	0	0	0	0	0	0	1	0	0	0	0	0	0	1	1	0	29
29:30:00	106200	0	0	0	30	0	0	0	0	0	0	0	1	0	0	0	0	0	0	0	0	0	0	0	0	0	0	0	0	0	0	0	29
29:35:00	106500	0	0	0	30	0	0	0	0	0	0	0	1	0	0	0	0	0	0	0	0	0	0	0	0	0	0	0	0	0	0	0	29
29:40:00	106800	0	0	0	30	0	0	0	0	0	0	0	1	0	0	0	0	0	0	0	0	0	0	0	0	0	0	0	0	0	0	0	29
29:45:00	107100	1	1	0	30	0	0	0	0	0	0	0	1	0	0	0	0	0	0	0	0	0	0	0	0	0	0	0	0	1	1	0	29
29:50:00	107400	0	0	0	30	0	0	0	0	0	0	0	1	0	0	0	0	0	0	0	0	0	0	0	0	0	0	0	0	0	0	0	29
29:55:00	107700	0	0	0	30	0	0	0	0	0	0	0	1	0	0	0	0	0	0	0	0	0	0	0	0	0	0	0	0	0	0	0	29
30:00:00	108000	0	0	30	0	0	0	0	0	0	0	1	0	0	0	0	0	0	0	0	0	0	0	0	0	0	0	0	0	0	0	29	0
30:05:00	108300	0	0	0	0	0	0	0	0	0	0	0	0	0	0	0	0	0	0	0	0	0	0	0	0	0	0	0	0	0	0	0	0
