personID,carsharingType,startTime,endTIme,startLink,pickupLink,dropoffLink,endLink,distance,inVehicleTime,accessTime,egressTime,vehicleID,cost,bookingTime,companyID,vehicleType
27166063,twoway,79495.0,79916.0,280059,320455,null,93351,711.880293596762,85.0,336.0,0.0,12103611,6.335972434321265,421.0,Oply,car
27581445,twoway,21023.0,28405.0,97168,484179,null,484179,14222.774906589064,983.0,118.0,0.0,12121631,12.9928846488124,7382.0,Oply,car
26914028,twoway,53625.0,60494.0,342369,13762,null,13762,8220.400224194327,641.0,364.0,0.0,12133681,11.623471005236913,6869.0,Oply,car
27445225,twoway,9715.0,36814.0,498129,454386,null,454386,48596.61882929025,2291.0,382.0,0.0,12122611,46.493884020947654,27099.0,Oply,car
26769049,twoway,14758.0,48698.0,445439,445439,null,445439,11024.115404155284,979.0,1.0,0.0,12133691,58.11735502618457,33940.0,Oply,car
26746486,twoway,46302.0,54427.0,108588,152242,null,152242,11632.191526812412,963.0,259.0,0.0,12133651,22.032,8125.0,Oply,car
27143822,twoway,60756.0,74231.0,175204,1384,null,1384,10979.132080236257,897.0,455.0,0.0,12102641,25.34388973728506,13475.0,Oply,car
33624130,twoway,81371.0,81960.0,436770,42301,null,11624,526.2058393622426,61.0,528.0,0.0,12104663,6.335972434321265,589.0,Oply,car
28704786,twoway,10828.0,43041.0,280055,320455,null,320455,7245.504167481503,604.0,234.0,0.0,12103611,52.30561952356611,32213.0,Oply,car
29051260,twoway,69938.0,70548.0,46022,126200,null,280055,5050.28721207347,432.0,178.0,0.0,12104711,7.343999999999999,610.0,Oply,car
26945173,twoway,10492.0,46770.0,152563,119231,null,119231,262530.79799806705,10590.0,1235.0,0.0,12133661,58.56368111870592,36278.0,Oply,car
27181130,twoway,62670.0,66278.0,350145,275690,null,275690,6211.483253953812,510.0,223.0,0.0,12131651,6.346325330455777,3608.0,Oply,car
26863191,twoway,6481.0,34165.0,993,30901,null,30901,13550.607413796046,1033.0,786.0,0.0,12133711,50.68777947457012,27684.0,Oply,car
26658417,twoway,12911.0,45590.0,358470,152242,null,152242,14057.877988961085,1123.0,390.0,0.0,12133651,57.51033802721344,32679.0,Oply,car
27076531,twoway,71176.0,71887.0,425787,42301,null,288069,4873.242142577192,362.0,349.0,0.0,12104661,5.811735502618457,711.0,Oply,car
27403032,twoway,15899.0,44817.0,224883,414631,null,414631,109038.03352660226,5262.0,408.0,0.0,12120621,46.683810017765246,28918.0,Oply,car
27050544,twoway,78970.0,79221.0,131665,131665,null,419114,3110.4759644366577,250.0,1.0,0.0,12131612,0.40834089315783273,251.0,Oply,car
28342276,twoway,2105.0,38231.0,308788,36125,null,36125,14607.672185128204,1220.0,773.0,0.0,12133721,63.57713516203739,36126.0,Oply,car
27564862,twoway,11288.0,43957.0,125457,244185,null,244185,21636.218450753368,1699.0,238.0,0.0,12096531,49.60761448316977,32669.0,Oply,car
27905719,twoway,53575.0,58136.0,255282,255316,null,255316,8726.735305980143,683.0,165.0,0.0,12132611,11.623471005236913,4561.0,Oply,car
31113577,twoway,63952.0,69187.0,157720,484179,null,484179,7383.677150716177,663.0,365.0,0.0,12121631,12.67194486864253,5235.0,Oply,car
28111597,twoway,52565.0,62075.0,993,30901,null,30901,2384.0342281207663,253.0,786.0,0.0,12133712,19.007917302963794,9510.0,Oply,car
27008203,twoway,71061.0,77710.0,282261,245646,null,245646,5533.176017806521,448.0,446.0,0.0,12131661,11.623471005236913,6649.0,Oply,car
26871562,twoway,63226.0,68485.0,7101,7103,null,7103,1620.962195098064,187.0,122.0,0.0,12120631,10.932610753943068,5259.0,Oply,car
35031325,twoway,79701.0,82056.0,270940,35879,null,276589,4517.436948960947,357.0,1998.0,0.0,12102622,7.343999999999999,2355.0,Oply,car
31502089,twoway,15858.0,50997.0,257254,445439,null,445439,104839.83329106227,5745.0,1123.0,0.0,12133692,63.359724343212655,35139.0,Oply,car
26768583,twoway,54377.0,59656.0,289218,286148,null,286148,1140.5893155014842,118.0,233.0,0.0,12131682,12.67194486864253,5279.0,Oply,car
26770364,twoway,9042.0,39523.0,97547,286148,null,286148,5586.817612784332,515.0,683.0,0.0,12131681,57.023751908891384,30481.0,Oply,car
29874702,twoway,67484.0,71043.0,466218,59637,null,59637,5927.185732136948,619.0,209.0,0.0,12131632,5.811735502618457,3559.0,Oply,car
28637897,twoway,83934.0,85598.0,46022,373443,null,96576,3974.0687926855912,331.0,1333.0,0.0,12102702,6.335972434321265,1664.0,Oply,car
28052230,twoway,71423.0,77485.0,1825,1825,null,1825,11006.200561464866,950.0,1.0,0.0,12107641,14.687999999999999,6062.0,Oply,car
28665783,twoway,70518.0,71242.0,444375,7103,null,255282,4735.626996969674,394.0,330.0,0.0,12120632,5.466305376971534,724.0,Oply,car
31179974,twoway,72761.0,76995.0,447997,501127,null,501127,4028.160784076337,432.0,330.0,0.0,12133673,12.67194486864253,4234.0,Oply,car
26693570,twoway,71482.0,82242.0,286148,286148,null,286148,24161.875355504613,1491.0,1.0,0.0,12131681,19.007917302963794,10760.0,Oply,car
26903784,twoway,36092.0,42134.0,289774,289762,null,289762,8515.230465280361,766.0,290.0,0.0,12131641,12.67194486864253,6042.0,Oply,car
29612570,twoway,77034.0,77270.0,342364,13762,null,488928,2290.6063895723346,185.0,51.0,0.0,12133682,0.3798519936351933,236.0,Oply,car
28100296,twoway,65445.0,65892.0,271533,272361,null,110655,3242.6564178225317,283.0,164.0,0.0,12102621,6.335972434321265,447.0,Oply,car
26986814,twoway,40133.0,54548.0,138264,445439,null,445439,7118.188877716505,587.0,479.0,0.0,12133693,29.412,14415.0,Oply,car
28008802,twoway,61732.0,67635.0,354404,474619,null,474619,14753.697669463872,1210.0,146.0,0.0,12105611,10.932610753943068,5903.0,Oply,car
28479717,twoway,56127.0,57828.0,501129,501127,null,501127,2388.70678813989,216.0,297.0,0.0,12133671,5.811735502618457,1701.0,Oply,car
31743937,twoway,16315.0,37716.0,295993,110,null,110,28544.702795396912,1588.0,351.0,0.0,12103631,38.01583460592759,21401.0,Oply,car
31089442,twoway,60856.0,68194.0,40684,301163,null,301163,14444.671376555832,1115.0,476.0,0.0,12133642,12.910061479736303,7338.0,Oply,car
28176764,twoway,78105.0,81625.0,98440,316629,null,316629,6362.403554388707,535.0,158.0,0.0,12122632,6.335972434321265,3520.0,Oply,car
28170067,twoway,55805.0,61116.0,172623,172623,null,172623,6260.763372162217,515.0,1.0,0.0,12104671,10.932610753943068,5311.0,Oply,car
27578650,twoway,61136.0,64993.0,20711,20711,null,20711,18907.185499021485,1171.0,1.0,0.0,12132621,6.791499864239787,3857.0,Oply,car
33262080,twoway,46122.0,48371.0,257108,131665,null,131665,9021.933194604602,747.0,98.0,0.0,12131611,5.811735502618457,2249.0,Oply,car
32582061,twoway,56975.0,63802.0,391664,172623,null,172623,5831.865847504121,484.0,191.0,0.0,12104672,11.623471005236913,6827.0,Oply,car
27851558,twoway,65480.0,66022.0,31652,272361,null,35879,1614.5573396093616,161.0,381.0,0.0,12102622,7.343999999999999,542.0,Oply,car
26841256,twoway,4615.0,8479.0,333278,316629,null,316629,6073.385521151941,503.0,368.0,0.0,12122631,6.8018527603743,3864.0,Oply,car
29414923,twoway,73656.0,74488.0,137540,257127,null,229018,2520.3843293912146,220.0,612.0,0.0,12095571,7.343999999999999,832.0,Oply,car
29152779,twoway,64785.0,69506.0,66928,66928,null,66928,1676.6913470522288,198.0,1.0,0.0,12108611,12.67194486864253,4721.0,Oply,car
32022676,twoway,78940.0,81664.0,391584,60605,null,60605,6012.038361510736,480.0,423.0,0.0,12107631,5.811735502618457,2724.0,Oply,car
26675332,twoway,16544.0,37163.0,243379,243383,null,243383,3194.020370445553,304.0,168.0,0.0,12104631,38.01583460592759,20619.0,Oply,car
26716528,twoway,59988.0,68845.0,280055,320455,null,320455,4874.623434242445,452.0,234.0,0.0,12103612,17.43520650785537,8857.0,Oply,car
27779882,twoway,54752.0,58738.0,255010,59637,null,59637,2475.888972524883,205.0,263.0,0.0,12131631,11.623471005236913,3986.0,Oply,car
27564566,twoway,11876.0,37154.0,137569,257127,null,257127,6524.999360539933,556.0,113.0,0.0,12095571,51.564,25278.0,Oply,car
26738200,twoway,59817.0,66964.0,79496,445439,null,445439,12201.272752138007,1002.0,201.0,0.0,12133691,11.623471005236913,7147.0,Oply,car
27641061,twoway,9447.0,45548.0,209248,346913,null,346913,35456.54004388109,2529.0,259.0,0.0,12133731,54.81489558574232,36101.0,Oply,car
27241425,twoway,51356.0,55637.0,97168,484179,null,484179,13250.122729059649,1068.0,118.0,0.0,12121632,12.67194486864253,4281.0,Oply,car
26746699,twoway,65550.0,72858.0,8869,8897,null,8897,8824.957417977406,779.0,181.0,0.0,12133631,12.858296999063743,7308.0,Oply,car
27695237,twoway,76881.0,80124.0,409816,139511,null,139511,3355.2376698110133,290.0,185.0,0.0,12104691,6.335972434321265,3243.0,Oply,car
28952772,twoway,14700.0,45575.0,450264,409369,null,409369,11379.201896540804,863.0,439.0,0.0,12121641,52.30561952356611,30875.0,Oply,car
28067659,twoway,42829.0,43922.0,13428,322830,null,323442,7377.739471154203,571.0,522.0,0.0,12132651,5.811735502618457,1093.0,Oply,car
26918639,twoway,77166.0,77897.0,316616,337736,null,373443,990.8893841481407,116.0,615.0,0.0,12102702,6.335972434321265,731.0,Oply,car
29550622,twoway,17529.0,28854.0,37224,79825,null,79825,4064.3962754534605,333.0,305.0,0.0,12120661,25.34388973728506,11325.0,Oply,car
26814681,twoway,74709.0,86462.0,165624,1384,null,1384,5765.498849645986,507.0,157.0,0.0,12102642,25.34388973728506,11753.0,Oply,car
27472628,twoway,59987.0,60711.0,46022,337736,null,316617,2160.7914689252507,172.0,552.0,0.0,12102701,6.335972434321265,724.0,Oply,car
28932186,twoway,79370.0,79952.0,299824,280126,null,7101,2912.497890505319,263.0,319.0,0.0,12103642,5.811735502618457,582.0,Oply,car
26921647,twoway,78912.0,80422.0,342717,316617,null,267467,3383.9501460081424,285.0,1225.0,0.0,12102701,6.335972434321265,1510.0,Oply,car
29838398,twoway,59267.0,68972.0,228879,126200,null,126200,8637.371578779175,760.0,191.0,0.0,12104711,22.032,9705.0,Oply,car
29130643,twoway,12862.0,28916.0,425793,286148,null,286148,28412.86098364231,1923.0,477.0,0.0,12131682,36.72,16054.0,Oply,car
27021081,twoway,74007.0,80207.0,280126,280126,null,280126,11844.56275955676,1045.0,1.0,0.0,12103641,10.932610753943068,6200.0,Oply,car
28021585,twoway,73885.0,77497.0,434340,79825,null,79825,14362.079817160662,1107.0,127.0,0.0,12120662,6.356678226590288,3612.0,Oply,car
27889513,twoway,52874.0,60095.0,241416,301163,null,301163,1559.7930667562878,154.0,196.0,0.0,12133641,12.713356453180577,7221.0,Oply,car
26933106,twoway,9810.0,15856.0,186265,126200,null,126200,1242.0828296979575,128.0,266.0,0.0,12104711,12.67194486864253,6046.0,Oply,car
29597072,twoway,78930.0,79841.0,234405,289762,null,186275,7609.124361189735,623.0,288.0,0.0,12131642,6.335972434321265,911.0,Oply,car
27155595,twoway,68555.0,74461.0,172623,172623,null,172623,6551.799355138058,590.0,1.0,0.0,12104673,10.932610753943068,5906.0,Oply,car
33046421,twoway,67805.0,73361.0,66928,66928,null,66928,5194.037348883757,451.0,1.0,0.0,12108612,14.687999999999999,5556.0,Oply,car
26790781,twoway,86135.0,87194.0,190666,66928,null,94799,7473.231804180306,642.0,417.0,0.0,12108612,7.343999999999999,1059.0,Oply,car
28794839,twoway,60364.0,66099.0,105073,105073,null,105073,9808.669551402872,767.0,1.0,0.0,12096521,11.623471005236913,5735.0,Oply,car
