time	time	departures_all	arrivals_all	stuck_all	en-route_all	departures_access_walk_tw	arrivals_access_walk_tw	stuck_access_walk_tw	en-route_access_walk_tw	departures_bike	arrivals_bike	stuck_bike	en-route_bike	departures_car	arrivals_car	stuck_car	en-route_car	departures_egress_walk_tw	arrivals_egress_walk_tw	stuck_egress_walk_tw	en-route_egress_walk_tw	departures_pt	arrivals_pt	stuck_pt	en-route_pt	departures_twoway_vehicle	arrivals_twoway_vehicle	stuck_twoway_vehicle	en-route_twoway_vehicle	departures_walk	arrivals_walk	stuck_walk	en-route_walk
00:00:00	0	3	0	0	3	0	0	0	0	0	0	0	0	3	0	0	3	0	0	0	0	0	0	0	0	0	0	0	0	0	0	0	0
00:05:00	300	1	0	0	4	0	0	0	0	0	0	0	0	1	0	0	4	0	0	0	0	0	0	0	0	0	0	0	0	0	0	0	0
00:10:00	600	0	3	0	1	0	0	0	0	0	0	0	0	0	3	0	1	0	0	0	0	0	0	0	0	0	0	0	0	0	0	0	0
00:15:00	900	2	0	0	3	0	0	0	0	0	0	0	0	2	0	0	3	0	0	0	0	0	0	0	0	0	0	0	0	0	0	0	0
00:20:00	1200	1	0	0	4	0	0	0	0	0	0	0	0	1	0	0	4	0	0	0	0	0	0	0	0	0	0	0	0	0	0	0	0
00:25:00	1500	0	2	0	2	0	0	0	0	0	0	0	0	0	2	0	2	0	0	0	0	0	0	0	0	0	0	0	0	0	0	0	0
00:30:00	1800	0	1	0	1	0	0	0	0	0	0	0	0	0	1	0	1	0	0	0	0	0	0	0	0	0	0	0	0	0	0	0	0
00:35:00	2100	1	1	0	1	0	0	0	0	0	0	0	0	1	1	0	1	0	0	0	0	0	0	0	0	0	0	0	0	0	0	0	0
00:40:00	2400	1	1	0	1	0	0	0	0	0	0	0	0	1	1	0	1	0	0	0	0	0	0	0	0	0	0	0	0	0	0	0	0
00:45:00	2700	0	1	0	0	0	0	0	0	0	0	0	0	0	1	0	0	0	0	0	0	0	0	0	0	0	0	0	0	0	0	0	0
00:50:00	3000	2	0	0	2	0	0	0	0	0	0	0	0	2	0	0	2	0	0	0	0	0	0	0	0	0	0	0	0	0	0	0	0
00:55:00	3300	3	2	0	3	0	0	0	0	0	0	0	0	2	2	0	2	0	0	0	0	1	0	0	1	0	0	0	0	0	0	0	0
01:00:00	3600	2	1	0	4	1	0	0	1	0	0	0	0	1	1	0	2	0	0	0	0	0	0	0	1	0	0	0	0	0	0	0	0
01:05:00	3900	1	1	0	4	0	0	0	1	0	0	0	0	1	1	0	2	0	0	0	0	0	0	0	1	0	0	0	0	0	0	0	0
01:10:00	4200	1	3	0	2	0	1	0	0	0	0	0	0	0	1	0	1	0	0	0	0	0	0	0	1	1	1	0	0	0	0	0	0
01:15:00	4500	3	1	0	4	0	0	0	0	0	0	0	0	2	1	0	2	0	0	0	0	0	0	0	1	0	0	0	0	1	0	0	1
01:20:00	4800	2	0	0	6	0	0	0	0	1	0	0	1	1	0	0	3	0	0	0	0	0	0	0	1	0	0	0	0	0	0	0	1
01:25:00	5100	1	1	0	6	0	0	0	0	0	0	0	1	1	0	0	4	0	0	0	0	0	1	0	0	0	0	0	0	0	0	0	1
01:30:00	5400	0	2	0	4	0	0	0	0	0	0	0	1	0	2	0	2	0	0	0	0	0	0	0	0	0	0	0	0	0	0	0	1
01:35:00	5700	1	0	0	5	0	0	0	0	0	0	0	1	1	0	0	3	0	0	0	0	0	0	0	0	0	0	0	0	0	0	0	1
01:40:00	6000	3	2	0	6	0	0	0	0	1	0	0	2	2	2	0	3	0	0	0	0	0	0	0	0	0	0	0	0	0	0	0	1
01:45:00	6300	1	0	0	7	0	0	0	0	0	0	0	2	1	0	0	4	0	0	0	0	0	0	0	0	0	0	0	0	0	0	0	1
01:50:00	6600	2	2	0	7	0	0	0	0	0	0	0	2	2	2	0	4	0	0	0	0	0	0	0	0	0	0	0	0	0	0	0	1
01:55:00	6900	0	2	0	5	0	0	0	0	0	0	0	2	0	2	0	2	0	0	0	0	0	0	0	0	0	0	0	0	0	0	0	1
02:00:00	7200	7	1	0	11	0	0	0	0	0	0	0	2	5	1	0	6	0	0	0	0	0	0	0	0	1	0	0	1	1	0	0	2
02:05:00	7500	4	2	0	13	0	0	0	0	0	0	0	2	3	1	0	8	1	0	0	1	0	0	0	0	0	1	0	0	0	0	0	2
02:10:00	7800	2	6	0	9	0	0	0	0	0	1	0	1	2	4	0	6	0	1	0	0	0	0	0	0	0	0	0	0	0	0	0	2
02:15:00	8100	0	0	0	9	0	0	0	0	0	0	0	1	0	0	0	6	0	0	0	0	0	0	0	0	0	0	0	0	0	0	0	2
02:20:00	8400	3	1	0	11	2	0	0	2	0	0	0	1	1	1	0	6	0	0	0	0	0	0	0	0	0	0	0	0	0	0	0	2
02:25:00	8700	6	2	0	15	1	1	0	2	0	0	0	1	4	1	0	9	0	0	0	0	0	0	0	0	1	0	0	1	0	0	0	2
02:30:00	9000	6	5	0	16	1	2	0	1	0	0	0	1	3	2	0	10	0	0	0	0	0	0	0	0	2	1	0	2	0	0	0	2
02:35:00	9300	3	4	0	15	0	0	0	1	0	0	0	1	3	2	0	11	0	0	0	0	0	0	0	0	0	2	0	0	0	0	0	2
02:40:00	9600	4	7	0	12	0	1	0	0	0	0	0	1	3	6	0	8	0	0	0	0	0	0	0	0	1	0	0	1	0	0	0	2
02:45:00	9900	6	3	0	15	0	0	0	0	1	0	0	2	3	3	0	8	0	0	0	0	2	0	0	2	0	0	0	1	0	0	0	2
02:50:00	10200	8	2	0	21	1	0	0	1	0	0	0	2	5	2	0	11	0	0	0	0	2	0	0	4	0	0	0	1	0	0	0	2
02:55:00	10500	9	6	0	24	0	1	0	0	0	0	0	2	6	4	0	13	0	0	0	0	0	0	0	4	1	1	0	1	2	0	0	4
03:00:00	10800	10	5	0	29	3	1	0	2	1	0	0	3	4	3	0	14	0	0	0	0	0	1	0	3	1	0	0	2	1	0	0	5
03:05:00	11100	11	9	0	31	2	1	0	3	0	0	0	3	8	5	0	17	0	0	0	0	0	0	0	3	1	3	0	0	0	0	0	5
03:10:00	11400	6	6	0	31	0	1	0	2	1	0	0	4	3	5	0	15	0	0	0	0	0	0	0	3	1	0	0	1	1	0	0	6
03:15:00	11700	8	5	0	34	0	2	0	0	0	1	0	3	5	1	0	19	0	0	0	0	1	1	0	3	2	0	0	3	0	0	0	6
03:20:00	12000	10	6	0	38	0	0	0	0	0	0	0	3	8	5	0	22	0	0	0	0	0	1	0	2	0	0	0	3	2	0	0	8
03:25:00	12300	15	8	0	45	1	1	0	0	0	1	0	2	11	5	0	28	0	0	0	0	2	0	0	4	1	1	0	3	0	0	0	8
03:30:00	12600	12	10	0	47	0	0	0	0	3	0	0	5	8	10	0	26	0	0	0	0	1	0	0	5	0	0	0	3	0	0	0	8
03:35:00	12900	9	12	0	44	2	1	0	1	1	0	0	6	4	10	0	20	0	0	0	0	0	1	0	4	1	0	0	4	1	0	0	9
03:40:00	13200	15	4	0	55	1	1	0	1	2	1	0	7	9	2	0	27	0	0	0	0	1	0	0	5	1	0	0	5	1	0	0	10
03:45:00	13500	14	7	0	62	1	0	0	2	1	0	0	8	8	6	0	29	0	0	0	0	1	0	0	6	0	1	0	4	3	0	0	13
03:50:00	13800	10	12	0	60	0	1	0	1	1	2	0	7	7	7	0	29	0	0	0	0	1	0	0	7	1	1	0	4	0	1	0	12
03:55:00	14100	11	10	0	61	0	0	0	1	0	0	0	7	9	10	0	28	0	0	0	0	0	0	0	7	0	0	0	4	2	0	0	14
04:00:00	14400	12	8	0	65	0	1	0	0	0	1	0	6	9	6	0	31	0	0	0	0	1	0	0	8	1	0	0	5	1	0	0	15
04:05:00	14700	15	14	0	66	0	0	0	0	2	1	0	7	10	9	0	32	1	0	0	1	1	2	0	7	1	2	0	4	0	0	0	15
04:10:00	15000	14	11	0	69	0	0	0	0	0	1	0	6	12	8	0	36	0	1	0	0	1	1	0	7	0	0	0	4	1	0	0	16
04:15:00	15300	33	13	0	89	3	0	0	3	1	2	0	5	24	11	0	49	0	0	0	0	1	0	0	8	0	0	0	4	4	0	0	20
04:20:00	15600	21	18	0	92	2	0	0	5	2	0	0	7	15	16	0	48	0	0	0	0	1	0	0	9	0	1	0	3	1	1	0	20
04:25:00	15900	16	18	0	90	0	2	0	3	0	1	0	6	13	13	0	48	0	0	0	0	0	0	0	9	2	2	0	3	1	0	0	21
04:30:00	16200	32	17	0	105	1	2	0	2	1	1	0	6	21	13	0	56	0	0	0	0	3	0	0	12	2	1	0	4	4	0	0	25
04:35:00	16500	29	25	0	109	1	2	0	1	3	1	0	8	19	18	0	57	0	0	0	0	3	2	0	13	2	2	0	4	1	0	0	26
04:40:00	16800	34	22	0	121	1	0	0	2	1	0	0	9	30	20	0	67	0	0	0	0	2	0	0	15	0	1	0	3	0	1	0	25
04:45:00	17100	34	27	0	128	0	0	0	2	1	0	0	10	30	24	0	73	0	0	0	0	1	2	0	14	0	1	0	2	2	0	0	27
04:50:00	17400	33	22	0	139	1	0	0	3	2	2	0	10	27	17	0	83	0	0	0	0	1	1	0	14	0	1	0	1	2	1	0	28
04:55:00	17700	22	31	0	130	0	2	0	1	1	4	0	7	12	22	0	73	0	0	0	0	3	1	0	16	2	0	0	3	4	2	0	30
05:00:00	18000	31	18	0	143	0	1	0	0	3	0	0	10	25	17	0	81	0	0	0	0	1	0	0	17	1	0	0	4	1	0	0	31
05:05:00	18300	34	31	0	146	0	0	0	0	0	3	0	7	27	24	0	84	0	0	0	0	2	2	0	17	0	1	0	3	5	1	0	35
05:10:00	18600	33	27	0	152	0	0	0	0	3	0	0	10	22	26	0	80	0	0	0	0	5	0	0	22	0	0	0	3	3	1	0	37
05:15:00	18900	32	24	0	160	0	0	0	0	0	2	0	8	26	18	0	88	0	0	0	0	1	2	0	21	0	2	0	1	5	0	0	42
05:20:00	19200	36	23	0	173	0	0	0	0	2	0	0	10	29	21	0	96	0	0	0	0	2	2	0	21	0	0	0	1	3	0	0	45
05:25:00	19500	35	35	0	173	0	0	0	0	0	2	0	8	31	29	0	98	0	0	0	0	1	4	0	18	0	0	0	1	3	0	0	48
05:30:00	19800	28	34	0	167	0	0	0	0	0	1	0	7	26	31	0	93	0	0	0	0	1	2	0	17	0	0	0	1	1	0	0	49
05:35:00	20100	38	32	0	173	3	1	0	2	0	1	0	6	33	29	0	97	0	0	0	0	0	0	0	17	1	0	0	2	1	1	0	49
05:40:00	20400	40	36	0	177	0	2	0	0	3	0	0	9	28	28	0	97	0	0	0	0	3	1	0	19	2	3	0	1	4	2	0	51
05:45:00	20700	31	25	0	183	0	0	0	0	0	0	0	9	28	23	0	102	0	0	0	0	2	1	0	20	0	1	0	0	1	0	0	52
05:50:00	21000	28	42	0	169	0	0	0	0	2	1	0	10	25	36	0	91	0	0	0	0	0	5	0	15	0	0	0	0	1	0	0	53
05:55:00	21300	43	40	0	172	0	0	0	0	2	1	0	11	36	39	0	88	0	0	0	0	0	0	0	15	0	0	0	0	5	0	0	58
06:00:00	21600	36	29	0	179	0	0	0	0	1	0	0	12	32	25	0	95	0	0	0	0	1	2	0	14	0	0	0	0	2	2	0	58
06:05:00	21900	41	31	0	189	0	0	0	0	3	2	0	13	26	28	0	93	0	0	0	0	4	1	0	17	0	0	0	0	8	0	0	66
06:10:00	22200	57	38	0	208	0	0	0	0	4	0	0	17	48	37	0	104	0	0	0	0	1	1	0	17	0	0	0	0	4	0	0	70
06:15:00	22500	48	47	0	209	0	0	0	0	4	3	0	18	35	40	0	99	1	0	0	1	1	1	0	17	1	1	0	0	6	2	0	74
06:20:00	22800	49	39	0	219	0	0	0	0	4	3	0	19	37	32	0	104	0	0	0	1	3	2	0	18	0	0	0	0	5	2	0	77
06:25:00	23100	41	51	0	209	1	1	0	0	1	0	0	20	33	47	0	90	0	1	0	0	1	2	0	17	1	0	0	1	4	0	0	81
06:30:00	23400	49	36	0	222	0	0	0	0	2	1	0	21	39	27	0	102	0	0	0	0	6	3	0	20	0	1	0	0	2	4	0	79
06:35:00	23700	52	47	0	227	0	0	0	0	3	1	0	23	39	42	0	99	1	0	0	1	4	1	0	23	2	1	0	1	3	2	0	80
06:40:00	24000	68	56	0	239	0	0	0	0	1	3	0	21	57	48	0	108	1	1	0	1	5	1	0	27	0	1	0	0	4	2	0	82
06:45:00	24300	53	50	0	242	0	0	0	0	3	4	0	20	48	40	0	116	0	1	0	0	0	5	0	22	0	0	0	0	2	0	0	84
06:50:00	24600	57	52	0	247	0	0	0	0	4	1	0	23	46	47	0	115	0	0	0	0	2	1	0	23	0	0	0	0	5	3	0	86
06:55:00	24900	57	56	0	248	0	0	0	0	5	0	0	28	49	52	0	112	0	0	0	0	1	3	0	21	0	0	0	0	2	1	0	87
07:00:00	25200	62	53	0	257	0	0	0	0	5	7	0	26	50	41	0	121	0	0	0	0	5	3	0	23	0	0	0	0	2	2	0	87
07:05:00	25500	55	64	0	248	0	0	0	0	4	3	0	27	45	57	0	109	0	0	0	0	3	2	0	24	0	0	0	0	3	2	0	88
07:10:00	25800	70	61	0	257	0	0	0	0	5	3	0	29	54	50	0	113	0	0	0	0	5	5	0	24	1	0	0	1	5	3	0	90
07:15:00	26100	60	45	0	272	0	0	0	0	7	3	0	33	48	38	0	123	1	0	0	1	4	2	0	26	0	1	0	0	0	1	0	89
07:20:00	26400	68	59	0	281	1	1	0	0	4	5	0	32	50	48	0	125	0	1	0	0	2	0	0	28	1	0	0	1	10	4	0	95
07:25:00	26700	72	72	0	281	0	0	0	0	6	4	0	34	54	61	0	118	0	0	0	0	5	4	0	29	0	0	0	1	7	3	0	99
07:30:00	27000	77	69	0	289	0	0	0	0	8	2	0	40	60	59	0	119	0	0	0	0	4	6	0	27	0	1	0	0	5	1	0	103
07:35:00	27300	70	72	0	287	0	0	0	0	4	5	0	39	59	62	0	116	0	0	0	0	5	4	0	28	0	0	0	0	2	1	0	104
07:40:00	27600	72	60	0	299	0	0	0	0	3	5	0	37	63	50	0	129	0	0	0	0	2	1	0	29	0	0	0	0	4	4	0	104
07:45:00	27900	53	75	0	277	1	0	0	1	6	8	0	35	42	63	0	108	0	0	0	0	3	3	0	29	0	0	0	0	1	1	0	104
07:50:00	28200	76	73	0	280	0	0	0	1	4	2	0	37	58	61	0	105	0	0	0	0	4	6	0	27	0	0	0	0	10	4	0	110
07:55:00	28500	82	87	0	275	0	0	0	1	4	7	0	34	65	69	0	101	0	0	0	0	5	7	0	25	0	0	0	0	8	4	0	114
08:00:00	28800	64	58	0	281	0	0	0	1	2	6	0	30	57	45	0	113	0	0	0	0	3	3	0	25	0	0	0	0	2	4	0	112
08:05:00	29100	81	73	0	289	0	1	0	0	4	6	0	28	70	62	0	121	0	0	0	0	3	3	0	25	1	0	0	1	3	1	0	114
08:10:00	29400	77	69	0	297	0	0	0	0	3	2	0	29	68	63	0	126	0	0	0	0	2	1	0	26	0	1	0	0	4	2	0	116
08:15:00	29700	73	78	0	292	0	0	0	0	4	6	0	27	61	62	0	125	0	0	0	0	4	3	0	27	0	0	0	0	4	7	0	113
08:20:00	30000	83	83	0	292	0	0	0	0	4	5	0	26	71	72	0	124	0	0	0	0	4	4	0	27	0	0	0	0	4	2	0	115
08:25:00	30300	67	81	0	278	0	0	0	0	4	6	0	24	55	67	0	112	0	0	0	0	7	3	0	31	0	0	0	0	1	5	0	111
08:30:00	30600	91	91	0	278	0	0	0	0	8	3	0	29	77	73	0	116	0	0	0	0	2	9	0	24	0	0	0	0	4	6	0	109
08:35:00	30900	69	66	0	281	0	0	0	0	4	3	0	30	52	61	0	107	0	0	0	0	5	2	0	27	0	0	0	0	8	0	0	117
08:40:00	31200	95	72	0	304	0	0	0	0	8	2	0	36	80	66	0	121	0	0	0	0	2	2	0	27	0	0	0	0	5	2	0	120
08:45:00	31500	68	98	0	274	0	0	0	0	4	9	0	31	55	83	0	93	0	0	0	0	6	4	0	29	0	0	0	0	3	2	0	121
08:50:00	31800	105	58	0	321	0	0	0	0	3	5	0	29	83	50	0	126	0	0	0	0	8	2	0	35	1	0	0	1	10	1	0	130
08:55:00	32100	90	89	0	322	0	0	0	0	3	3	0	29	79	77	0	128	1	0	0	1	2	4	0	33	1	1	0	1	4	4	0	130
09:00:00	32400	95	93	0	324	0	0	0	0	4	4	0	29	76	74	0	130	1	1	0	1	7	9	0	31	1	1	0	1	6	4	0	132
09:05:00	32700	105	97	0	332	0	0	0	0	8	6	0	31	88	80	0	138	1	1	0	1	5	5	0	31	0	1	0	0	3	4	0	131
09:10:00	33000	105	94	0	343	0	0	0	0	9	5	0	35	86	76	0	148	0	1	0	0	2	8	0	25	1	0	0	1	7	4	0	134
09:15:00	33300	103	108	0	338	0	0	0	0	6	4	0	37	83	96	0	135	0	0	0	0	5	5	0	25	0	0	0	1	9	3	0	140
09:20:00	33600	93	91	0	340	0	0	0	0	2	10	0	29	76	74	0	137	1	0	0	1	9	4	0	30	0	1	0	0	5	2	0	143
09:25:00	33900	99	101	0	338	0	0	0	0	6	4	0	31	84	82	0	139	0	0	0	1	1	9	0	22	1	0	0	1	7	6	0	144
09:30:00	34200	83	99	0	322	0	0	0	0	3	7	0	27	73	82	0	130	0	0	0	1	3	3	0	22	0	0	0	1	4	7	0	141
09:35:00	34500	121	101	0	342	0	0	0	0	4	5	0	26	105	84	0	151	1	1	0	1	7	6	0	23	0	1	0	0	4	4	0	141
09:40:00	34800	108	113	0	337	0	0	0	0	2	5	0	23	93	95	0	149	0	0	0	1	4	7	0	20	0	0	0	0	9	6	0	144
09:45:00	35100	112	114	0	335	0	0	0	0	3	1	0	25	102	102	0	149	0	1	0	0	2	4	0	18	0	0	0	0	5	6	0	143
09:50:00	35400	130	110	0	355	1	0	0	1	4	6	0	23	113	93	0	169	0	0	0	0	5	8	0	15	1	0	0	1	6	3	0	146
09:55:00	35700	108	119	0	344	0	1	0	0	1	5	0	19	99	104	0	164	0	0	0	0	4	2	0	17	1	0	0	2	3	7	0	142
10:00:00	36000	118	118	0	344	0	0	0	0	9	3	0	25	98	105	0	157	0	0	0	0	10	3	0	24	0	1	0	1	1	6	0	137
10:05:00	36300	102	120	0	326	0	0	0	0	11	9	0	27	79	98	0	138	0	0	0	0	4	5	0	23	0	0	0	1	8	8	0	137
10:10:00	36600	134	104	0	356	0	0	0	0	6	7	0	26	116	89	0	165	0	0	0	0	2	5	0	20	0	0	0	1	10	3	0	144
10:15:00	36900	126	115	0	367	0	0	0	0	10	6	0	30	101	96	0	170	0	0	0	0	9	4	0	25	0	0	0	1	6	9	0	141
10:20:00	37200	142	127	0	382	0	0	0	0	6	8	0	28	116	111	0	175	0	0	0	0	11	7	0	29	1	0	0	2	8	1	0	148
10:25:00	37500	116	138	0	360	1	0	0	1	1	7	0	22	100	115	0	160	0	0	0	0	8	9	0	28	1	0	0	3	5	7	0	146
10:30:00	37800	119	116	0	363	0	1	0	0	7	4	0	25	101	100	0	161	0	0	0	0	4	7	0	25	2	0	0	5	5	4	0	147
10:35:00	38100	134	142	0	355	1	1	0	0	6	7	0	24	110	108	0	163	2	1	0	1	6	11	0	20	1	3	0	3	8	11	0	144
10:40:00	38400	111	115	0	351	1	0	0	1	3	6	0	21	95	94	0	164	1	1	0	1	5	6	0	19	1	1	0	3	5	7	0	142
10:45:00	38700	111	126	0	336	0	0	0	1	4	3	0	22	98	106	0	156	0	0	0	1	3	7	0	15	0	1	0	2	6	9	0	139
10:50:00	39000	130	105	0	361	0	0	0	1	5	6	0	21	110	92	0	174	1	0	0	2	5	2	0	18	1	1	0	2	8	4	0	143
10:55:00	39300	149	141	0	369	2	2	0	1	9	5	0	25	118	118	0	174	0	2	0	0	4	6	0	16	4	1	0	5	12	7	0	148
11:00:00	39600	129	137	0	361	1	1	0	1	9	9	0	25	99	113	0	160	2	0	0	2	7	0	0	23	2	2	0	5	9	12	0	145
11:05:00	39900	118	126	0	353	0	0	0	1	3	7	0	21	101	102	0	159	1	2	0	1	5	5	0	23	3	2	0	6	5	8	0	142
11:10:00	40200	131	121	0	363	0	0	0	1	5	4	0	22	108	95	0	172	3	1	0	3	6	9	0	20	0	4	0	2	9	8	0	143
11:15:00	40500	139	124	0	378	0	1	0	0	8	5	0	25	116	103	0	185	0	2	0	1	8	7	0	21	1	1	0	2	6	5	0	144
11:20:00	40800	120	121	0	377	0	0	0	0	7	7	0	25	102	104	0	183	1	1	0	1	6	4	0	23	0	1	0	1	4	4	0	144
11:25:00	41100	139	140	0	376	0	0	0	0	1	2	0	24	126	125	0	184	0	1	0	0	4	7	0	20	0	0	0	1	8	5	0	147
11:30:00	41400	148	120	0	404	0	0	0	0	8	9	0	23	125	104	0	205	1	0	0	1	6	3	0	23	0	1	0	0	8	3	0	152
11:35:00	41700	127	142	0	389	0	0	0	0	7	5	0	25	105	120	0	190	0	1	0	0	6	9	0	20	0	0	0	0	9	7	0	154
11:40:00	42000	116	128	0	377	0	0	0	0	6	10	0	21	99	109	0	180	0	0	0	0	4	5	0	19	0	0	0	0	7	4	0	157
11:45:00	42300	173	137	0	413	0	0	0	0	9	5	0	25	139	121	0	198	0	0	0	0	13	5	0	27	0	0	0	0	12	6	0	163
11:50:00	42600	142	143	0	412	0	0	0	0	8	4	0	29	123	127	0	194	0	0	0	0	8	7	0	28	2	0	0	2	1	5	0	159
11:55:00	42900	133	140	0	405	0	0	0	0	6	6	0	29	112	115	0	191	0	0	0	0	6	8	0	26	0	0	0	2	9	11	0	157
12:00:00	43200	135	144	0	396	0	0	0	0	7	8	0	28	116	125	0	182	0	0	0	0	5	7	0	24	0	0	0	2	7	4	0	160
12:05:00	43500	131	130	0	397	0	0	0	0	6	8	0	26	109	106	0	185	1	0	0	1	6	10	0	20	2	1	0	3	7	5	0	162
12:10:00	43800	125	119	0	403	0	0	0	0	4	7	0	23	111	98	0	198	0	0	0	1	5	8	0	17	1	0	0	4	4	6	0	160
12:15:00	44100	143	131	0	415	0	0	0	0	3	5	0	21	125	108	0	215	2	1	0	2	11	5	0	23	0	2	0	2	2	10	0	152
12:20:00	44400	171	153	0	433	0	0	0	0	9	5	0	25	142	131	0	226	1	2	0	1	7	7	0	23	2	1	0	3	10	7	0	155
12:25:00	44700	119	151	0	401	1	1	0	0	3	6	0	22	104	130	0	200	0	0	0	1	5	6	0	22	1	0	0	4	5	8	0	152
12:30:00	45000	110	139	0	372	0	0	0	0	5	5	0	22	98	116	0	182	0	0	0	1	1	6	0	17	0	0	0	4	6	12	0	146
12:35:00	45300	135	116	0	391	0	0	0	0	1	5	0	18	127	97	0	212	1	2	0	0	3	4	0	16	0	2	0	2	3	6	0	143
12:40:00	45600	135	134	0	392	0	0	0	0	3	9	0	12	116	111	0	217	0	0	0	0	8	6	0	18	1	0	0	3	7	8	0	142
12:45:00	45900	152	151	0	393	0	0	0	0	6	3	0	15	132	131	0	218	0	0	0	0	7	7	0	18	0	0	0	3	7	10	0	139
12:50:00	46200	136	134	0	395	0	0	0	0	6	3	0	18	113	122	0	209	1	0	0	1	8	3	0	23	0	1	0	2	8	5	0	142
12:55:00	46500	156	150	0	401	1	0	0	1	6	6	0	18	138	129	0	218	2	0	0	3	4	5	0	22	1	2	0	1	4	8	0	138
13:00:00	46800	129	159	0	371	1	1	0	1	2	3	0	17	113	136	0	195	0	3	0	0	5	6	0	21	1	0	0	2	7	10	0	135
13:05:00	47100	129	136	0	364	0	1	0	0	4	8	0	13	112	113	0	194	0	0	0	0	6	7	0	20	2	1	0	3	5	6	0	134
13:10:00	47400	116	129	0	351	1	1	0	0	4	4	0	13	99	106	0	187	1	1	0	0	4	5	0	19	2	2	0	3	5	10	0	129
13:15:00	47700	128	129	0	350	1	1	0	0	7	1	0	19	110	111	0	186	0	0	0	0	7	8	0	18	1	1	0	3	2	7	0	124
13:20:00	48000	131	123	0	358	0	0	0	0	8	4	0	23	114	101	0	199	1	0	0	1	1	6	0	13	0	2	0	1	7	10	0	121
13:25:00	48300	130	117	0	371	1	0	0	1	3	6	0	20	112	106	0	205	0	0	0	1	5	2	0	16	0	0	0	1	9	3	0	127
13:30:00	48600	121	125	0	367	1	1	0	1	4	3	0	21	103	112	0	196	0	0	0	1	6	5	0	17	1	0	0	2	6	4	0	129
13:35:00	48900	116	126	0	357	0	1	0	0	9	4	0	26	98	106	0	188	0	1	0	0	5	6	0	16	3	2	0	3	1	6	0	124
13:40:00	49200	147	115	0	389	0	0	0	0	6	5	0	27	126	106	0	208	1	0	0	1	6	1	0	21	1	1	0	3	7	2	0	129
13:45:00	49500	146	120	0	415	1	1	0	0	14	8	0	33	117	99	0	226	1	1	0	1	7	5	0	23	1	1	0	3	5	5	0	129
13:50:00	49800	127	162	0	380	1	0	0	1	5	5	0	33	105	141	0	190	1	1	0	1	6	7	0	22	1	2	0	2	8	6	0	131
13:55:00	50100	140	124	0	396	1	2	0	0	1	8	0	26	119	102	0	207	0	1	0	0	7	5	0	24	3	0	0	5	9	6	0	134
14:00:00	50400	145	133	0	408	0	0	0	0	12	6	0	32	117	114	0	210	1	0	0	1	10	6	0	28	0	1	0	4	5	6	0	133
14:05:00	50700	126	135	0	399	0	0	0	0	7	10	0	29	108	109	0	209	1	2	0	0	4	8	0	24	1	2	0	3	5	4	0	134
14:10:00	51000	118	143	0	374	0	0	0	0	2	9	0	22	99	117	0	191	2	0	0	2	6	10	0	20	0	2	0	1	9	5	0	138
14:15:00	51300	137	126	0	385	1	0	0	1	9	2	0	29	119	111	0	199	0	1	0	1	6	6	0	20	0	0	0	1	2	6	0	134
14:20:00	51600	124	125	0	384	2	2	0	1	8	11	0	26	98	103	0	194	0	1	0	0	6	5	0	21	3	0	0	4	7	3	0	138
14:25:00	51900	136	140	0	380	2	1	0	2	3	10	0	19	115	115	0	194	1	1	0	0	5	5	0	21	1	1	0	4	9	7	0	140
14:30:00	52200	113	113	0	380	3	3	0	2	5	4	0	20	98	95	0	197	0	0	0	0	2	3	0	20	3	3	0	4	2	5	0	137
14:35:00	52500	137	140	0	377	0	2	0	0	6	4	0	22	122	115	0	204	0	0	0	0	3	6	0	17	2	3	0	3	4	10	0	131
14:40:00	52800	124	128	0	373	1	1	0	0	5	4	0	23	107	109	0	202	2	1	0	1	3	3	0	17	1	3	0	1	5	7	0	129
14:45:00	53100	130	117	0	386	0	0	0	0	3	4	0	22	113	101	0	214	0	0	0	1	9	4	0	22	0	1	0	0	5	7	0	127
14:50:00	53400	136	130	0	392	1	1	0	0	10	7	0	25	108	115	0	207	1	0	0	2	6	4	0	24	2	1	0	1	8	2	0	133
14:55:00	53700	163	121	0	434	1	0	0	1	10	5	0	30	139	105	0	241	0	2	0	0	7	7	0	24	0	1	0	0	6	1	0	138
15:00:00	54000	147	168	0	413	1	1	0	1	6	6	0	30	127	143	0	225	0	0	0	0	5	8	0	21	2	0	0	2	6	10	0	134
15:05:00	54300	131	140	0	404	2	1	0	2	7	6	0	31	104	121	0	208	1	1	0	0	10	5	0	26	1	2	0	1	6	4	0	136
15:10:00	54600	164	135	0	433	2	3	0	1	4	5	0	30	140	112	0	236	1	1	0	0	7	8	0	25	3	1	0	3	7	5	0	138
15:15:00	54900	159	131	0	461	1	1	0	1	6	4	0	32	141	117	0	260	0	0	0	0	2	3	0	24	1	2	0	2	8	4	0	142
15:20:00	55200	132	167	0	426	2	2	0	1	3	13	0	22	109	139	0	230	0	0	0	0	5	3	0	26	2	1	0	3	11	9	0	144
15:25:00	55500	142	136	0	432	0	1	0	0	10	6	0	26	117	114	0	233	1	1	0	0	9	6	0	29	1	4	0	0	4	4	0	144
15:30:00	55800	144	148	0	428	1	0	0	1	4	5	0	25	130	131	0	232	0	0	0	0	3	6	0	26	1	0	0	1	5	6	0	143
15:35:00	56100	136	133	0	431	0	1	0	0	2	1	0	26	116	116	0	232	1	1	0	0	8	7	0	27	2	1	0	2	7	6	0	144
15:40:00	56400	122	133	0	420	1	0	0	1	1	7	0	20	111	114	0	229	0	0	0	0	3	4	0	26	0	0	0	2	6	8	0	142
15:45:00	56700	160	139	0	441	0	1	0	0	6	8	0	18	137	115	0	251	1	1	0	0	5	7	0	24	1	3	0	0	10	4	0	148
15:50:00	57000	162	147	0	456	0	0	0	0	6	1	0	23	145	129	0	267	0	0	0	0	2	6	0	20	1	0	0	1	8	11	0	145
15:55:00	57300	157	146	0	467	0	0	0	0	7	8	0	22	141	128	0	280	1	0	0	1	4	2	0	22	0	1	0	0	4	7	0	142
16:00:00	57600	170	162	0	475	2	0	0	2	2	5	0	19	150	146	0	284	1	1	0	1	6	3	0	25	2	1	0	1	7	6	0	143
16:05:00	57900	159	151	0	483	0	2	0	0	3	2	0	20	143	131	0	296	1	1	0	1	4	5	0	24	3	2	0	2	5	8	0	140
16:10:00	58200	157	159	0	481	2	0	0	2	7	3	0	24	133	143	0	286	2	2	0	1	3	8	0	19	2	2	0	2	8	1	0	147
16:15:00	58500	199	175	0	505	0	2	0	0	9	4	0	29	173	156	0	303	1	1	0	1	6	4	0	21	3	2	0	3	7	6	0	148
16:20:00	58800	165	172	0	498	0	0	0	0	14	6	0	37	132	148	0	287	1	1	0	1	7	4	0	24	1	2	0	2	10	11	0	147
16:25:00	59100	202	176	0	524	1	0	0	1	6	4	0	39	168	160	0	295	1	2	0	0	12	4	0	32	1	1	0	2	13	5	0	155
16:30:00	59400	194	199	0	519	1	2	0	0	14	12	0	41	164	166	0	293	1	0	0	1	4	12	0	24	4	1	0	5	6	6	0	155
16:35:00	59700	179	191	0	507	0	0	0	0	8	11	0	38	159	162	0	290	2	1	0	2	3	4	0	23	1	3	0	3	6	10	0	151
16:40:00	60000	174	172	0	509	0	0	0	0	6	8	0	36	149	151	0	288	0	2	0	0	7	4	0	26	3	1	0	5	9	6	0	154
16:45:00	60300	175	167	0	517	2	1	0	1	6	7	0	35	151	144	0	295	2	2	0	0	6	4	0	28	1	3	0	3	7	6	0	155
16:50:00	60600	167	186	0	498	3	1	0	3	6	6	0	35	143	156	0	282	2	2	0	0	6	11	0	23	2	3	0	2	5	7	0	153
16:55:00	60900	145	172	0	471	1	4	0	0	5	7	0	33	129	145	0	266	1	1	0	0	3	4	0	22	4	5	0	1	2	6	0	149
17:00:00	61200	208	157	0	522	1	1	0	0	9	5	0	37	185	140	0	311	0	0	0	0	7	3	0	26	1	1	0	1	5	7	0	147
17:05:00	61500	144	183	0	483	2	1	0	1	4	6	0	35	127	164	0	274	1	0	0	1	2	5	0	23	2	1	0	2	6	6	0	147
17:10:00	61800	166	157	0	492	2	1	0	2	6	6	0	35	151	136	0	289	0	0	0	1	3	3	0	23	1	1	0	2	3	10	0	140
17:15:00	62100	174	174	0	492	4	3	0	3	14	6	0	43	147	152	0	284	0	1	0	0	3	3	0	23	3	2	0	3	3	7	0	136
17:20:00	62400	166	181	0	477	1	4	0	0	9	8	0	44	143	153	0	274	1	1	0	0	5	4	0	24	4	5	0	2	3	6	0	133
17:25:00	62700	157	156	0	478	2	1	0	1	4	9	0	39	136	139	0	271	0	0	0	0	10	5	0	29	1	1	0	2	4	1	0	136
17:30:00	63000	157	169	0	466	1	0	0	2	13	11	0	41	128	143	0	256	0	0	0	0	9	6	0	32	0	1	0	1	6	8	0	134
17:35:00	63300	167	154	0	479	0	1	0	1	7	8	0	40	146	136	0	266	0	0	0	0	5	3	0	34	1	1	0	1	8	5	0	137
17:40:00	63600	160	161	0	478	0	1	0	0	6	4	0	42	130	141	0	255	1	0	0	1	9	8	0	35	4	3	0	2	10	4	0	143
17:45:00	63900	158	162	0	474	1	0	0	1	6	8	0	40	137	135	0	257	2	3	0	0	6	3	0	38	1	2	0	1	5	11	0	137
17:50:00	64200	144	162	0	456	0	0	0	1	7	8	0	39	124	146	0	235	1	0	0	1	5	6	0	37	0	1	0	0	7	1	0	143
17:55:00	64500	153	154	0	455	0	0	0	1	8	5	0	42	127	136	0	226	0	1	0	0	11	7	0	41	2	0	0	2	5	5	0	143
18:00:00	64800	169	165	0	459	0	0	0	1	7	8	0	41	151	141	0	236	1	0	0	1	3	10	0	34	0	1	0	1	7	5	0	145
18:05:00	65100	116	137	0	438	2	2	0	1	6	6	0	41	95	112	0	219	1	2	0	0	4	7	0	31	2	1	0	2	6	7	0	144
18:10:00	65400	142	145	0	435	1	0	0	2	9	7	0	43	126	126	0	219	0	0	0	0	3	8	0	26	1	1	0	2	2	3	0	143
18:15:00	65700	127	135	0	427	1	1	0	2	3	11	0	35	112	112	0	219	1	0	0	1	3	0	0	29	4	2	0	4	3	9	0	137
18:20:00	66000	150	144	0	433	1	0	0	3	9	3	0	41	125	123	0	221	1	2	0	0	8	5	0	32	0	1	0	3	6	10	0	133
18:25:00	66300	147	151	0	429	1	1	0	3	6	7	0	40	126	123	0	224	3	3	0	0	2	6	0	28	2	4	0	1	7	7	0	133
18:30:00	66600	134	154	0	409	4	3	0	4	4	9	0	35	111	127	0	208	0	0	0	0	5	5	0	28	4	2	0	3	6	8	0	131
18:35:00	66900	137	148	0	398	1	4	0	1	5	7	0	33	116	124	0	200	0	0	0	0	2	6	0	24	4	0	0	7	9	7	0	133
18:40:00	67200	133	144	0	387	1	0	0	2	7	6	0	34	112	127	0	185	1	0	0	1	6	4	0	26	1	7	0	1	5	0	0	138
18:45:00	67500	129	145	0	371	1	1	0	2	1	5	0	30	116	126	0	175	0	1	0	0	7	5	0	28	1	0	0	2	3	7	0	134
18:50:00	67800	122	127	0	366	1	0	0	3	5	4	0	31	105	111	0	169	2	1	0	1	5	6	0	27	1	3	0	0	3	2	0	135
18:55:00	68100	128	102	0	392	1	3	0	1	6	7	0	30	106	84	0	191	0	1	0	0	8	4	0	31	3	1	0	2	4	2	0	137
19:00:00	68400	134	132	0	394	2	1	0	2	13	4	0	39	100	113	0	178	1	0	0	1	3	5	0	29	5	2	0	5	10	7	0	140
19:05:00	68700	119	128	0	385	0	0	0	2	7	9	0	37	100	102	0	176	2	3	0	0	7	4	0	32	1	4	0	2	2	6	0	136
19:10:00	69000	114	113	0	386	1	1	0	2	2	7	0	32	95	95	0	176	2	1	0	1	5	3	0	34	4	2	0	4	5	4	0	137
19:15:00	69300	141	124	0	403	2	2	0	2	7	4	0	35	119	101	0	194	2	1	0	2	6	8	0	32	2	4	0	2	3	4	0	136
19:20:00	69600	119	146	0	376	0	1	0	1	3	10	0	28	97	117	0	174	1	1	0	2	8	6	0	34	2	2	0	2	8	9	0	135
19:25:00	69900	103	117	0	362	2	1	0	2	10	5	0	33	84	101	0	157	0	2	0	0	5	6	0	33	1	0	0	3	1	2	0	134
19:30:00	70200	98	119	0	341	1	2	0	1	2	7	0	28	81	92	0	146	0	0	0	0	4	10	0	27	4	2	0	5	6	6	0	134
19:35:00	70500	109	120	0	330	0	1	0	0	6	4	0	30	89	96	0	139	3	3	0	0	7	7	0	27	1	4	0	2	3	5	0	132
19:40:00	70800	102	91	0	341	1	0	0	1	2	3	0	29	91	77	0	153	1	0	0	1	1	4	0	24	3	3	0	2	3	4	0	131
19:45:00	71100	94	110	0	325	2	0	0	3	3	8	0	24	78	90	0	141	2	0	0	3	6	5	0	25	1	2	0	1	2	5	0	128
19:50:00	71400	91	109	0	307	2	3	0	2	2	7	0	19	74	81	0	134	0	2	0	1	5	6	0	24	4	0	0	5	4	10	0	122
19:55:00	71700	88	112	0	283	2	3	0	1	3	3	0	19	73	88	0	119	1	2	0	0	3	5	0	22	4	5	0	4	2	6	0	118
20:00:00	72000	88	85	0	286	3	3	0	1	5	0	0	24	66	67	0	118	3	2	0	1	4	5	0	21	5	4	0	5	2	4	0	116
20:05:00	72300	88	84	0	290	1	1	0	1	1	5	0	20	76	65	0	129	3	3	0	1	4	3	0	22	1	4	0	2	2	3	0	115
20:10:00	72600	94	107	0	277	2	2	0	1	0	5	0	15	79	88	0	120	0	1	0	0	3	7	0	18	4	2	0	4	6	2	0	119
20:15:00	72900	98	88	0	287	3	2	0	2	3	3	0	15	79	71	0	128	3	1	0	2	5	4	0	19	2	3	0	3	3	4	0	118
20:20:00	73200	87	95	0	279	1	2	0	1	5	3	0	17	73	81	0	120	0	2	0	0	2	3	0	18	3	2	0	4	3	2	0	119
20:25:00	73500	86	96	0	269	1	2	0	0	2	4	0	15	71	79	0	112	2	1	0	1	3	2	0	19	2	4	0	2	5	4	0	120
20:30:00	73800	75	95	0	249	0	0	0	0	1	4	0	12	66	81	0	97	2	2	0	1	3	3	0	19	1	3	0	0	2	2	0	120
20:35:00	74100	64	62	0	251	0	0	0	0	4	2	0	14	54	51	0	100	0	0	0	1	3	6	0	16	0	0	0	0	3	3	0	120
20:40:00	74400	69	77	0	243	1	0	0	1	3	4	0	13	60	62	0	98	0	1	0	0	1	4	0	13	2	0	0	2	2	6	0	116
20:45:00	74700	72	74	0	241	2	1	0	2	4	1	0	16	57	54	0	101	2	0	0	2	1	7	0	7	3	3	0	2	3	8	0	111
20:50:00	75000	77	80	0	238	3	3	0	2	6	4	0	18	53	62	0	92	3	4	0	1	1	0	0	8	4	3	0	3	7	4	0	114
20:55:00	75300	67	81	0	224	0	2	0	0	1	5	0	14	57	66	0	83	0	1	0	0	3	2	0	9	2	1	0	4	4	4	0	114
21:00:00	75600	68	64	0	228	2	1	0	1	2	4	0	12	55	48	0	90	2	0	0	2	3	1	0	11	2	5	0	1	2	5	0	111
21:05:00	75900	58	56	0	230	0	1	0	0	5	4	0	13	43	48	0	85	0	1	0	1	4	1	0	14	2	0	0	3	4	1	0	114
21:10:00	76200	45	73	0	202	1	1	0	0	0	2	0	11	39	57	0	67	1	1	0	1	1	5	0	10	1	1	0	3	2	6	0	110
21:15:00	76500	56	47	0	211	1	1	0	0	1	0	0	12	45	39	0	73	1	1	0	1	3	0	0	13	1	3	0	1	4	3	0	111
21:20:00	76800	54	59	0	206	1	0	0	1	4	3	0	13	41	44	0	70	0	0	0	1	4	1	0	16	0	1	0	0	4	10	0	105
21:25:00	77100	54	66	0	194	1	2	0	0	0	0	0	13	47	51	0	66	0	1	0	0	2	3	0	15	2	1	0	1	2	8	0	99
21:30:00	77400	53	49	0	198	3	0	0	3	1	2	0	12	41	39	0	68	0	0	0	0	5	6	0	14	1	1	0	1	2	1	0	100
21:35:00	77700	61	64	0	195	1	3	0	1	3	3	0	12	45	46	0	67	1	0	0	1	5	3	0	16	4	2	0	3	2	7	0	95
21:40:00	78000	66	62	0	199	4	1	0	4	4	3	0	13	52	45	0	74	1	2	0	0	0	5	0	11	2	3	0	2	3	3	0	95
21:45:00	78300	67	65	0	201	0	4	0	0	2	2	0	13	54	47	0	81	3	1	0	2	0	3	0	8	6	3	0	5	2	5	0	92
21:50:00	78600	71	57	0	215	3	0	0	3	1	2	0	12	55	42	0	94	4	5	0	1	5	0	0	13	2	6	0	1	1	2	0	91
21:55:00	78900	107	47	0	275	1	1	0	3	3	3	0	12	95	35	0	154	1	2	0	0	0	1	0	12	5	1	0	5	2	4	0	89
22:00:00	79200	111	74	0	312	0	0	0	3	0	1	0	11	102	59	0	197	5	3	0	2	1	3	0	10	1	5	0	1	2	3	0	88
22:05:00	79500	82	142	0	252	0	1	0	2	1	2	0	10	71	129	0	139	2	2	0	2	2	2	0	10	2	2	0	1	4	4	0	88
22:10:00	79800	36	116	0	172	2	1	0	3	2	3	0	9	27	107	0	59	0	2	0	0	2	0	0	12	2	1	0	2	1	2	0	87
22:15:00	80100	42	44	0	170	1	1	0	3	1	1	0	9	34	30	0	63	1	1	0	0	2	6	0	8	1	1	0	2	2	4	0	85
22:20:00	80400	41	50	0	161	2	2	0	3	0	1	0	8	29	36	0	56	0	0	0	0	1	1	0	8	2	1	0	3	7	9	0	83
22:25:00	80700	25	47	0	139	2	3	0	2	0	2	0	6	19	32	0	43	0	0	0	0	0	4	0	4	3	3	0	3	1	3	0	81
22:30:00	81000	43	41	0	141	1	1	0	2	1	0	0	7	38	35	0	46	1	1	0	0	0	1	0	3	1	2	0	2	1	1	0	81
22:35:00	81300	33	38	0	136	0	2	0	0	0	1	0	6	25	25	0	46	3	3	0	0	0	0	0	3	3	3	0	2	2	4	0	79
22:40:00	81600	18	30	0	124	0	0	0	0	1	0	0	7	14	27	0	33	0	0	0	0	1	0	0	4	0	1	0	1	2	2	0	79
22:45:00	81900	22	21	0	125	2	1	0	1	0	1	0	6	16	16	0	33	0	0	0	0	1	0	0	5	2	1	0	2	1	2	0	78
22:50:00	82200	19	20	0	124	0	1	0	0	2	0	0	8	12	17	0	28	1	0	0	1	2	0	0	7	2	1	0	3	0	1	0	77
22:55:00	82500	18	26	0	116	0	0	0	0	0	0	0	8	13	16	0	25	2	3	0	0	1	1	0	7	0	3	0	0	2	3	0	76
23:00:00	82800	13	14	0	115	0	0	0	0	0	0	0	8	13	11	0	27	0	0	0	0	0	2	0	5	0	0	0	0	0	1	0	75
23:05:00	83100	11	29	0	97	0	0	0	0	3	3	0	8	8	21	0	14	0	0	0	0	0	1	0	4	0	0	0	0	0	4	0	71
23:10:00	83400	9	13	0	93	0	0	0	0	2	1	0	9	7	7	0	14	0	0	0	0	0	1	0	3	0	0	0	0	0	4	0	67
23:15:00	83700	11	14	0	90	0	0	0	0	0	3	0	6	10	6	0	18	0	0	0	0	1	1	0	3	0	0	0	0	0	4	0	63
23:20:00	84000	16	16	0	90	0	0	0	0	2	1	0	7	10	12	0	16	0	0	0	0	2	1	0	4	1	0	0	1	1	2	0	62
23:25:00	84300	13	14	0	89	0	0	0	0	0	1	0	6	10	8	0	18	1	0	0	1	0	1	0	3	0	1	0	0	2	3	0	61
23:30:00	84600	18	13	0	94	0	0	0	0	2	1	0	7	14	9	0	23	0	0	0	1	0	0	0	3	0	0	0	0	2	3	0	60
23:35:00	84900	16	19	0	91	0	0	0	0	1	1	0	7	10	13	0	20	1	1	0	1	1	0	0	4	2	1	0	1	1	3	0	58
23:40:00	85200	10	13	0	88	1	0	0	1	2	1	0	8	6	10	0	16	0	1	0	0	1	1	0	4	0	0	0	1	0	0	0	58
23:45:00	85500	13	14	0	87	0	1	0	0	0	1	0	7	9	8	0	17	1	0	0	1	1	1	0	4	2	1	0	2	0	2	0	56
23:50:00	85800	15	18	0	84	1	0	0	1	2	0	0	9	7	11	0	13	2	2	0	1	2	1	0	5	1	3	0	0	0	1	0	55
23:55:00	86100	8	9	0	83	0	0	0	1	1	2	0	8	6	6	0	13	0	0	0	1	0	0	0	5	1	0	0	1	0	1	0	54
24:00:00	86400	9	15	0	77	0	0	0	1	2	1	0	9	6	6	0	13	1	2	0	0	0	3	0	2	0	1	0	0	0	2	0	52
24:05:00	86700	7	8	0	76	0	0	0	1	1	2	0	8	5	4	0	14	0	0	0	0	0	0	0	2	0	0	0	0	1	2	0	51
24:10:00	87000	1	8	0	69	0	0	0	1	0	2	0	6	1	6	0	9	0	0	0	0	0	0	0	2	0	0	0	0	0	0	0	51
24:15:00	87300	11	4	0	76	2	0	0	3	0	0	0	6	8	3	0	14	0	0	0	0	0	0	0	2	1	0	0	1	0	1	0	50
24:20:00	87600	7	7	0	76	0	1	0	2	0	0	0	6	5	4	0	15	1	0	0	1	0	0	0	2	1	1	0	1	0	1	0	49
24:25:00	87900	8	11	0	73	1	2	0	1	0	1	0	5	5	5	0	15	0	1	0	0	0	0	0	2	2	1	0	2	0	1	0	48
24:30:00	88200	10	16	0	67	1	0	0	2	0	0	0	5	8	12	0	11	1	1	0	0	0	0	0	2	0	2	0	0	0	1	0	47
24:35:00	88500	6	13	0	60	1	1	0	2	0	1	0	4	4	10	0	5	0	0	0	0	0	1	0	1	1	0	0	1	0	0	0	47
24:40:00	88800	7	8	0	59	0	1	0	1	0	1	0	3	4	3	0	6	1	1	0	0	1	1	0	1	1	1	0	1	0	0	0	47
24:45:00	89100	5	8	0	56	1	1	0	1	0	0	0	3	2	4	0	4	0	0	0	0	0	0	0	1	1	0	0	2	1	3	0	45
24:50:00	89400	3	6	0	53	1	0	0	2	0	0	0	3	0	2	0	2	1	1	0	0	0	0	0	1	0	2	0	0	1	1	0	45
24:55:00	89700	7	6	0	54	1	1	0	2	0	1	0	2	5	2	0	5	0	0	0	0	0	0	0	1	1	1	0	0	0	1	0	44
25:00:00	90000	4	3	0	55	0	1	0	1	0	0	0	2	3	2	0	6	0	0	0	0	0	0	0	1	1	0	0	1	0	0	0	44
25:05:00	90300	2	6	0	51	0	0	0	1	0	0	0	2	1	2	0	5	1	1	0	0	0	1	0	0	0	1	0	0	0	1	0	43
25:10:00	90600	0	1	0	50	0	0	0	1	0	0	0	2	0	1	0	4	0	0	0	0	0	0	0	0	0	0	0	0	0	0	0	43
25:15:00	90900	2	4	0	48	0	1	0	0	0	0	0	2	1	2	0	3	0	0	0	0	0	0	0	0	1	0	0	1	0	1	0	42
25:20:00	91200	3	4	0	47	0	0	0	0	1	1	0	2	2	2	0	3	0	0	0	0	0	0	0	0	0	0	0	1	0	1	0	41
25:25:00	91500	1	3	0	45	0	0	0	0	0	0	0	2	0	1	0	2	1	1	0	0	0	0	0	0	0	1	0	0	0	0	0	41
25:30:00	91800	2	4	0	43	0	0	0	0	0	1	0	1	2	2	0	2	0	0	0	0	0	0	0	0	0	0	0	0	0	1	0	40
25:35:00	92100	1	2	0	42	0	0	0	0	0	0	0	1	1	0	0	3	0	0	0	0	0	0	0	0	0	0	0	0	0	2	0	38
25:40:00	92400	0	1	0	41	0	0	0	0	0	0	0	1	0	1	0	2	0	0	0	0	0	0	0	0	0	0	0	0	0	0	0	38
25:45:00	92700	0	1	0	40	0	0	0	0	0	0	0	1	0	1	0	1	0	0	0	0	0	0	0	0	0	0	0	0	0	0	0	38
25:50:00	93000	2	3	0	39	0	0	0	0	0	0	0	1	2	2	0	1	0	0	0	0	0	0	0	0	0	0	0	0	0	1	0	37
25:55:00	93300	0	1	0	38	0	0	0	0	0	0	0	1	0	1	0	0	0	0	0	0	0	0	0	0	0	0	0	0	0	0	0	37
26:00:00	93600	1	1	0	38	0	0	0	0	0	0	0	1	0	0	0	0	0	0	0	0	0	0	0	0	1	0	0	1	0	1	0	36
26:05:00	93900	2	3	0	37	0	0	0	0	0	0	0	1	1	0	0	1	1	0	0	1	0	0	0	0	0	1	0	0	0	2	0	34
26:10:00	94200	0	1	0	36	0	0	0	0	0	0	0	1	0	0	0	1	0	1	0	0	0	0	0	0	0	0	0	0	0	0	0	34
26:15:00	94500	0	0	0	36	0	0	0	0	0	0	0	1	0	0	0	1	0	0	0	0	0	0	0	0	0	0	0	0	0	0	0	34
26:20:00	94800	0	1	0	35	0	0	0	0	0	0	0	1	0	1	0	0	0	0	0	0	0	0	0	0	0	0	0	0	0	0	0	34
26:25:00	95100	0	0	0	35	0	0	0	0	0	0	0	1	0	0	0	0	0	0	0	0	0	0	0	0	0	0	0	0	0	0	0	34
26:30:00	95400	0	1	0	34	0	0	0	0	0	0	0	1	0	0	0	0	0	0	0	0	0	0	0	0	0	0	0	0	0	1	0	33
26:35:00	95700	0	0	0	34	0	0	0	0	0	0	0	1	0	0	0	0	0	0	0	0	0	0	0	0	0	0	0	0	0	0	0	33
26:40:00	96000	1	2	0	33	0	0	0	0	0	0	0	1	0	0	0	0	0	0	0	0	0	0	0	0	0	0	0	0	1	2	0	32
26:45:00	96300	0	0	0	33	0	0	0	0	0	0	0	1	0	0	0	0	0	0	0	0	0	0	0	0	0	0	0	0	0	0	0	32
26:50:00	96600	0	0	0	33	0	0	0	0	0	0	0	1	0	0	0	0	0	0	0	0	0	0	0	0	0	0	0	0	0	0	0	32
26:55:00	96900	1	0	0	34	0	0	0	0	0	0	0	1	1	0	0	1	0	0	0	0	0	0	0	0	0	0	0	0	0	0	0	32
27:00:00	97200	0	0	0	34	0	0	0	0	0	0	0	1	0	0	0	1	0	0	0	0	0	0	0	0	0	0	0	0	0	0	0	32
27:05:00	97500	0	1	0	33	0	0	0	0	0	0	0	1	0	1	0	0	0	0	0	0	0	0	0	0	0	0	0	0	0	0	0	32
27:10:00	97800	0	2	0	31	0	0	0	0	0	0	0	1	0	0	0	0	0	0	0	0	0	0	0	0	0	0	0	0	0	2	0	30
27:15:00	98100	0	0	0	31	0	0	0	0	0	0	0	1	0	0	0	0	0	0	0	0	0	0	0	0	0	0	0	0	0	0	0	30
27:20:00	98400	1	2	0	30	0	0	0	0	0	1	0	0	0	0	0	0	0	0	0	0	0	0	0	0	0	0	0	0	1	1	0	30
27:25:00	98700	0	0	0	30	0	0	0	0	0	0	0	0	0	0	0	0	0	0	0	0	0	0	0	0	0	0	0	0	0	0	0	30
27:30:00	99000	0	0	0	30	0	0	0	0	0	0	0	0	0	0	0	0	0	0	0	0	0	0	0	0	0	0	0	0	0	0	0	30
27:35:00	99300	0	0	0	30	0	0	0	0	0	0	0	0	0	0	0	0	0	0	0	0	0	0	0	0	0	0	0	0	0	0	0	30
27:40:00	99600	0	0	0	30	0	0	0	0	0	0	0	0	0	0	0	0	0	0	0	0	0	0	0	0	0	0	0	0	0	0	0	30
27:45:00	99900	1	1	0	30	0	0	0	0	0	0	0	0	0	0	0	0	0	0	0	0	0	0	0	0	0	0	0	0	1	1	0	30
27:50:00	100200	0	0	0	30	0	0	0	0	0	0	0	0	0	0	0	0	0	0	0	0	0	0	0	0	0	0	0	0	0	0	0	30
27:55:00	100500	0	0	0	30	0	0	0	0	0	0	0	0	0	0	0	0	0	0	0	0	0	0	0	0	0	0	0	0	0	0	0	30
28:00:00	100800	0	0	0	30	0	0	0	0	0	0	0	0	0	0	0	0	0	0	0	0	0	0	0	0	0	0	0	0	0	0	0	30
28:05:00	101100	0	0	0	30	0	0	0	0	0	0	0	0	0	0	0	0	0	0	0	0	0	0	0	0	0	0	0	0	0	0	0	30
28:10:00	101400	0	0	0	30	0	0	0	0	0	0	0	0	0	0	0	0	0	0	0	0	0	0	0	0	0	0	0	0	0	0	0	30
28:15:00	101700	0	0	0	30	0	0	0	0	0	0	0	0	0	0	0	0	0	0	0	0	0	0	0	0	0	0	0	0	0	0	0	30
28:20:00	102000	0	0	0	30	0	0	0	0	0	0	0	0	0	0	0	0	0	0	0	0	0	0	0	0	0	0	0	0	0	0	0	30
28:25:00	102300	0	0	0	30	0	0	0	0	0	0	0	0	0	0	0	0	0	0	0	0	0	0	0	0	0	0	0	0	0	0	0	30
28:30:00	102600	0	0	0	30	0	0	0	0	0	0	0	0	0	0	0	0	0	0	0	0	0	0	0	0	0	0	0	0	0	0	0	30
28:35:00	102900	1	1	0	30	0	0	0	0	0	0	0	0	0	0	0	0	0	0	0	0	0	0	0	0	0	0	0	0	1	1	0	30
28:40:00	103200	0	1	0	29	0	0	0	0	0	0	0	0	0	0	0	0	0	0	0	0	0	0	0	0	0	0	0	0	0	1	0	29
28:45:00	103500	0	0	0	29	0	0	0	0	0	0	0	0	0	0	0	0	0	0	0	0	0	0	0	0	0	0	0	0	0	0	0	29
28:50:00	103800	0	0	0	29	0	0	0	0	0	0	0	0	0	0	0	0	0	0	0	0	0	0	0	0	0	0	0	0	0	0	0	29
28:55:00	104100	0	0	0	29	0	0	0	0	0	0	0	0	0	0	0	0	0	0	0	0	0	0	0	0	0	0	0	0	0	0	0	29
29:00:00	104400	0	0	0	29	0	0	0	0	0	0	0	0	0	0	0	0	0	0	0	0	0	0	0	0	0	0	0	0	0	0	0	29
29:05:00	104700	0	1	0	28	0	0	0	0	0	0	0	0	0	0	0	0	0	0	0	0	0	0	0	0	0	0	0	0	0	1	0	28
29:10:00	105000	0	0	0	28	0	0	0	0	0	0	0	0	0	0	0	0	0	0	0	0	0	0	0	0	0	0	0	0	0	0	0	28
29:15:00	105300	0	0	0	28	0	0	0	0	0	0	0	0	0	0	0	0	0	0	0	0	0	0	0	0	0	0	0	0	0	0	0	28
29:20:00	105600	0	1	0	27	0	0	0	0	0	0	0	0	0	0	0	0	0	0	0	0	0	0	0	0	0	0	0	0	0	1	0	27
29:25:00	105900	0	0	0	27	0	0	0	0	0	0	0	0	0	0	0	0	0	0	0	0	0	0	0	0	0	0	0	0	0	0	0	27
29:30:00	106200	0	1	0	26	0	0	0	0	0	0	0	0	0	0	0	0	0	0	0	0	0	0	0	0	0	0	0	0	0	1	0	26
29:35:00	106500	0	0	0	26	0	0	0	0	0	0	0	0	0	0	0	0	0	0	0	0	0	0	0	0	0	0	0	0	0	0	0	26
29:40:00	106800	0	0	0	26	0	0	0	0	0	0	0	0	0	0	0	0	0	0	0	0	0	0	0	0	0	0	0	0	0	0	0	26
29:45:00	107100	0	0	0	26	0	0	0	0	0	0	0	0	0	0	0	0	0	0	0	0	0	0	0	0	0	0	0	0	0	0	0	26
29:50:00	107400	0	0	0	26	0	0	0	0	0	0	0	0	0	0	0	0	0	0	0	0	0	0	0	0	0	0	0	0	0	0	0	26
29:55:00	107700	0	0	0	26	0	0	0	0	0	0	0	0	0	0	0	0	0	0	0	0	0	0	0	0	0	0	0	0	0	0	0	26
30:00:00	108000	0	0	26	0	0	0	0	0	0	0	0	0	0	0	0	0	0	0	0	0	0	0	0	0	0	0	0	0	0	0	26	0
30:05:00	108300	0	0	0	0	0	0	0	0	0	0	0	0	0	0	0	0	0	0	0	0	0	0	0	0	0	0	0	0	0	0	0	0
