time	time	departures_all	arrivals_all	stuck_all	en-route_all	departures_access_walk_tw	arrivals_access_walk_tw	stuck_access_walk_tw	en-route_access_walk_tw	departures_bike	arrivals_bike	stuck_bike	en-route_bike	departures_car	arrivals_car	stuck_car	en-route_car	departures_egress_walk_tw	arrivals_egress_walk_tw	stuck_egress_walk_tw	en-route_egress_walk_tw	departures_pt	arrivals_pt	stuck_pt	en-route_pt	departures_twoway_vehicle	arrivals_twoway_vehicle	stuck_twoway_vehicle	en-route_twoway_vehicle	departures_walk	arrivals_walk	stuck_walk	en-route_walk
00:00:00	0	1	0	0	1	0	0	0	0	0	0	0	0	1	0	0	1	0	0	0	0	0	0	0	0	0	0	0	0	0	0	0	0
00:05:00	300	1	0	0	2	0	0	0	0	0	0	0	0	1	0	0	2	0	0	0	0	0	0	0	0	0	0	0	0	0	0	0	0
00:10:00	600	0	1	0	1	0	0	0	0	0	0	0	0	0	1	0	1	0	0	0	0	0	0	0	0	0	0	0	0	0	0	0	0
00:15:00	900	2	1	0	2	0	0	0	0	0	0	0	0	2	1	0	2	0	0	0	0	0	0	0	0	0	0	0	0	0	0	0	0
00:20:00	1200	1	0	0	3	0	0	0	0	0	0	0	0	0	0	0	2	0	0	0	0	1	0	0	1	0	0	0	0	0	0	0	0
00:25:00	1500	1	1	0	3	0	0	0	0	0	0	0	0	1	1	0	2	0	0	0	0	0	0	0	1	0	0	0	0	0	0	0	0
00:30:00	1800	1	0	0	4	0	0	0	0	0	0	0	0	1	0	0	3	0	0	0	0	0	0	0	1	0	0	0	0	0	0	0	0
00:35:00	2100	4	1	0	7	0	0	0	0	1	0	0	1	3	1	0	5	0	0	0	0	0	0	0	1	0	0	0	0	0	0	0	0
00:40:00	2400	1	2	0	6	1	0	0	1	0	0	0	1	0	1	0	4	0	0	0	0	0	1	0	0	0	0	0	0	0	0	0	0
00:45:00	2700	2	2	0	6	0	1	0	0	0	0	0	1	1	1	0	4	0	0	0	0	0	0	0	0	1	0	0	1	0	0	0	0
00:50:00	3000	3	4	0	5	0	0	0	0	0	0	0	1	3	3	0	4	0	0	0	0	0	0	0	0	0	1	0	0	0	0	0	0
00:55:00	3300	0	2	0	3	0	0	0	0	0	0	0	1	0	2	0	2	0	0	0	0	0	0	0	0	0	0	0	0	0	0	0	0
01:00:00	3600	0	1	0	2	0	0	0	0	0	0	0	1	0	1	0	1	0	0	0	0	0	0	0	0	0	0	0	0	0	0	0	0
01:05:00	3900	0	0	0	2	0	0	0	0	0	0	0	1	0	0	0	1	0	0	0	0	0	0	0	0	0	0	0	0	0	0	0	0
01:10:00	4200	1	0	0	3	0	0	0	0	0	0	0	1	0	0	0	1	0	0	0	0	1	0	0	1	0	0	0	0	0	0	0	0
01:15:00	4500	0	1	0	2	0	0	0	0	0	1	0	0	0	0	0	1	0	0	0	0	0	0	0	1	0	0	0	0	0	0	0	0
01:20:00	4800	2	1	0	3	0	0	0	0	1	0	0	1	1	0	0	2	0	0	0	0	0	1	0	0	0	0	0	0	0	0	0	0
01:25:00	5100	4	2	0	5	1	0	0	1	1	1	0	1	2	1	0	3	0	0	0	0	0	0	0	0	0	0	0	0	0	0	0	0
01:30:00	5400	1	0	0	6	1	0	0	2	0	0	0	1	0	0	0	3	0	0	0	0	0	0	0	0	0	0	0	0	0	0	0	0
01:35:00	5700	6	3	0	9	1	1	0	2	0	0	0	1	4	2	0	5	0	0	0	0	0	0	0	0	1	0	0	1	0	0	0	0
01:40:00	6000	1	2	0	8	0	0	0	2	0	1	0	0	0	1	0	4	0	0	0	0	0	0	0	0	1	0	0	2	0	0	0	0
01:45:00	6300	6	3	0	11	0	1	0	1	0	0	0	0	2	1	0	5	1	0	0	1	1	0	0	1	1	1	0	2	1	0	0	1
01:50:00	6600	4	6	0	9	0	1	0	0	0	0	0	0	2	3	0	4	0	1	0	0	1	0	0	2	1	1	0	2	0	0	0	1
01:55:00	6900	2	2	0	9	2	0	0	2	0	0	0	0	0	2	0	2	0	0	0	0	0	0	0	2	0	0	0	2	0	0	0	1
02:00:00	7200	3	2	0	10	0	1	0	1	0	0	0	0	2	1	0	3	0	0	0	0	0	0	0	2	1	0	0	3	0	0	0	1
02:05:00	7500	3	1	0	12	0	0	0	1	1	0	0	1	1	0	0	4	0	0	0	0	0	0	0	2	0	1	0	2	1	0	0	2
02:10:00	7800	4	3	0	13	0	1	0	0	0	0	0	1	3	1	0	6	0	0	0	0	0	1	0	1	1	0	0	3	0	0	0	2
02:15:00	8100	3	3	0	13	0	0	0	0	0	0	0	1	2	3	0	5	0	0	0	0	0	0	0	1	0	0	0	3	1	0	0	3
02:20:00	8400	6	1	0	18	0	0	0	0	0	0	0	1	6	0	0	11	0	0	0	0	0	0	0	1	0	1	0	2	0	0	0	3
02:25:00	8700	2	5	0	15	0	0	0	0	0	0	0	1	2	5	0	8	0	0	0	0	0	0	0	1	0	0	0	2	0	0	0	3
02:30:00	9000	2	4	0	13	0	0	0	0	1	0	0	2	1	4	0	5	0	0	0	0	0	0	0	1	0	0	0	2	0	0	0	3
02:35:00	9300	6	2	0	17	2	0	0	2	0	0	0	2	4	1	0	8	0	0	0	0	0	0	0	1	0	1	0	1	0	0	0	3
02:40:00	9600	8	5	0	20	0	2	0	0	1	0	0	3	3	2	0	9	0	0	0	0	2	0	0	3	2	1	0	2	0	0	0	3
02:45:00	9900	4	0	0	24	1	0	0	1	1	0	0	4	2	0	0	11	0	0	0	0	0	0	0	3	0	0	0	2	0	0	0	3
02:50:00	10200	16	8	0	32	3	2	0	2	3	0	0	7	7	4	0	14	0	0	0	0	0	1	0	2	2	1	0	3	1	0	0	4
02:55:00	10500	5	12	0	25	0	0	0	2	0	4	0	3	4	4	0	14	0	0	0	0	1	0	0	3	0	3	0	0	0	1	0	3
03:00:00	10800	8	7	0	26	1	1	0	2	0	1	0	2	6	3	0	17	0	0	0	0	0	2	0	1	1	0	0	1	0	0	0	3
03:05:00	11100	12	5	0	33	2	1	0	3	0	0	0	2	8	4	0	21	0	0	0	0	1	0	0	2	1	0	0	2	0	0	0	3
03:10:00	11400	10	13	0	30	0	3	0	0	1	1	0	2	5	6	0	20	0	0	0	0	1	0	0	3	3	3	0	2	0	0	0	3
03:15:00	11700	10	10	0	30	3	0	0	3	0	0	0	2	7	9	0	18	0	0	0	0	0	0	0	3	0	1	0	1	0	0	0	3
03:20:00	12000	12	6	0	36	0	3	0	0	0	0	0	2	9	3	0	24	0	0	0	0	0	0	0	3	3	0	0	4	0	0	0	3
03:25:00	12300	8	11	0	33	1	0	0	1	0	0	0	2	7	10	0	21	0	0	0	0	0	0	0	3	0	0	0	4	0	1	0	2
03:30:00	12600	10	9	0	34	1	1	0	1	0	0	0	2	8	5	0	24	0	0	0	0	0	1	0	2	1	2	0	3	0	0	0	2
03:35:00	12900	15	12	0	37	0	1	0	0	1	0	0	3	11	10	0	25	0	0	0	0	1	0	0	3	1	1	0	3	1	0	0	3
03:40:00	13200	12	5	0	44	1	0	0	1	1	0	0	4	9	4	0	30	0	0	0	0	0	1	0	2	0	0	0	3	1	0	0	4
03:45:00	13500	11	14	0	41	1	0	0	2	0	0	0	4	8	13	0	25	0	0	0	0	0	0	0	2	0	1	0	2	2	0	0	6
03:50:00	13800	12	6	0	47	0	2	0	0	0	0	0	4	9	4	0	30	0	0	0	0	0	0	0	2	2	0	0	4	1	0	0	7
03:55:00	14100	12	9	0	50	1	0	0	1	0	0	0	4	9	8	0	31	0	0	0	0	2	0	0	4	0	1	0	3	0	0	0	7
04:00:00	14400	10	10	0	50	0	1	0	0	0	1	0	3	9	5	0	35	0	0	0	0	0	1	0	3	1	2	0	2	0	0	0	7
04:05:00	14700	17	10	0	57	1	0	0	1	1	0	0	4	13	10	0	38	0	0	0	0	1	0	0	4	0	0	0	2	1	0	0	8
04:10:00	15000	19	15	0	61	0	1	0	0	1	0	0	5	13	11	0	40	1	0	0	1	1	0	0	5	2	3	0	1	1	0	0	9
04:15:00	15300	19	14	0	66	1	0	0	1	1	0	0	6	12	13	0	39	0	1	0	0	3	0	0	8	0	0	0	1	2	0	0	11
04:20:00	15600	23	16	0	73	1	1	0	1	1	0	0	7	17	15	0	41	0	0	0	0	1	0	0	9	1	0	0	2	2	0	0	13
04:25:00	15900	26	12	0	87	1	0	0	2	2	0	0	9	21	12	0	50	0	0	0	0	2	0	0	11	0	0	0	2	0	0	0	13
04:30:00	16200	14	13	0	88	0	1	0	1	2	0	0	11	11	11	0	50	0	0	0	0	0	0	0	11	1	1	0	2	0	0	0	13
04:35:00	16500	24	22	0	90	1	1	0	1	1	1	0	11	20	18	0	52	0	0	0	0	0	1	0	10	1	1	0	2	1	0	0	14
04:40:00	16800	32	20	0	102	0	1	0	0	0	0	0	11	28	17	0	63	0	0	0	0	3	1	0	12	1	1	0	2	0	0	0	14
04:45:00	17100	23	22	0	103	0	0	0	0	1	0	0	12	17	19	0	61	0	0	0	0	2	2	0	12	0	1	0	1	3	0	0	17
04:50:00	17400	28	19	0	112	1	0	0	1	1	0	0	13	26	18	0	69	0	0	0	0	0	1	0	11	0	0	0	1	0	0	0	17
04:55:00	17700	24	19	0	117	0	0	0	1	1	0	0	14	20	16	0	73	0	0	0	0	1	2	0	10	0	0	0	1	2	1	0	18
05:00:00	18000	29	24	0	122	0	1	0	0	1	2	0	13	22	19	0	76	0	0	0	0	2	1	0	11	1	1	0	1	3	0	0	21
05:05:00	18300	37	22	0	137	0	0	0	0	1	1	0	13	34	21	0	89	0	0	0	0	1	0	0	12	0	0	0	1	1	0	0	22
05:10:00	18600	34	30	0	141	0	0	0	0	1	0	0	14	31	29	0	91	0	0	0	0	1	0	0	13	0	1	0	0	1	0	0	23
05:15:00	18900	21	34	0	128	0	0	0	0	1	0	0	15	17	32	0	76	0	0	0	0	1	0	0	14	0	0	0	0	2	2	0	23
05:20:00	19200	35	27	0	136	0	0	0	0	2	0	0	17	25	24	0	77	0	0	0	0	5	1	0	18	0	0	0	0	3	2	0	24
05:25:00	19500	35	26	0	145	1	0	0	1	4	1	0	20	25	23	0	79	0	0	0	0	3	2	0	19	0	0	0	0	2	0	0	26
05:30:00	19800	42	26	0	161	1	1	0	1	2	4	0	18	34	20	0	93	0	0	0	0	3	1	0	21	1	0	0	1	1	0	0	27
05:35:00	20100	42	39	0	164	1	1	0	1	1	0	0	19	34	32	0	95	0	0	0	0	1	4	0	18	1	1	0	1	4	1	0	30
05:40:00	20400	45	38	0	171	0	1	0	0	4	0	0	23	32	34	0	93	0	0	0	0	1	3	0	16	1	0	0	2	7	0	0	37
05:45:00	20700	36	30	0	177	0	0	0	0	2	0	0	25	28	24	0	97	0	0	0	0	4	2	0	18	0	1	0	1	2	3	0	36
05:50:00	21000	35	30	0	182	0	0	0	0	1	4	0	22	31	25	0	103	0	0	0	0	3	1	0	20	0	0	0	1	0	0	0	36
05:55:00	21300	43	44	0	181	2	0	0	2	3	2	0	23	36	36	0	103	0	0	0	0	2	4	0	18	0	1	0	0	0	1	0	35
06:00:00	21600	43	45	0	179	1	2	0	1	3	3	0	23	34	36	0	101	0	0	0	0	2	3	0	17	2	1	0	1	1	0	0	36
06:05:00	21900	40	42	0	177	0	1	0	0	1	4	0	20	33	34	0	100	0	0	0	0	2	1	0	18	1	1	0	1	3	1	0	38
06:10:00	22200	45	45	0	177	0	0	0	0	4	0	0	24	35	39	0	96	0	0	0	0	3	3	0	18	0	1	0	0	3	2	0	39
06:15:00	22500	53	39	0	191	1	1	0	0	0	1	0	23	45	32	0	109	0	0	0	0	5	4	0	19	1	0	0	1	1	1	0	39
06:20:00	22800	40	37	0	194	2	0	0	2	3	2	0	24	31	32	0	108	0	0	0	0	1	2	0	18	0	1	0	0	3	0	0	42
06:25:00	23100	51	52	0	193	0	0	0	2	4	1	0	27	42	48	0	102	0	0	0	0	2	2	0	18	0	0	0	0	3	1	0	44
06:30:00	23400	57	52	0	198	0	1	0	1	5	3	0	29	44	46	0	100	0	0	0	0	2	2	0	18	1	0	0	1	5	0	0	49
06:35:00	23700	61	33	0	226	1	0	0	2	4	2	0	31	42	26	0	116	0	0	0	0	7	3	0	22	0	0	0	1	7	2	0	54
06:40:00	24000	54	56	0	224	0	1	0	1	5	3	0	33	40	48	0	108	0	0	0	0	5	2	0	25	1	1	0	1	3	1	0	56
06:45:00	24300	53	49	0	228	0	0	0	1	1	2	0	32	45	40	0	113	1	1	0	0	1	4	0	22	0	1	0	0	5	1	0	60
06:50:00	24600	65	44	0	249	0	1	0	0	7	1	0	38	50	37	0	126	0	0	0	0	5	3	0	24	1	0	0	1	2	2	0	60
06:55:00	24900	65	69	0	245	1	0	0	1	4	6	0	36	51	58	0	119	0	0	0	0	6	2	0	28	0	1	0	0	3	2	0	61
07:00:00	25200	42	46	0	241	0	0	0	1	1	3	0	34	35	42	0	112	0	0	0	0	1	1	0	28	0	0	0	0	5	0	0	66
07:05:00	25500	45	54	0	232	0	0	0	1	4	4	0	34	34	45	0	101	0	0	0	0	1	2	0	27	0	0	0	0	6	3	0	69
07:10:00	25800	59	48	0	243	0	0	0	1	3	1	0	36	48	43	0	106	0	0	0	0	3	2	0	28	0	0	0	0	5	2	0	72
07:15:00	26100	56	56	0	243	0	1	0	0	4	5	0	35	39	46	0	99	0	0	0	0	5	3	0	30	1	0	0	1	7	1	0	78
07:20:00	26400	70	56	0	257	0	0	0	0	4	2	0	37	56	50	0	105	0	0	0	0	5	2	0	33	0	1	0	0	5	1	0	82
07:25:00	26700	60	51	0	266	1	0	0	1	4	4	0	37	51	42	0	114	0	0	0	0	2	4	0	31	0	0	0	0	2	1	0	83
07:30:00	27000	64	60	0	270	0	1	0	0	2	3	0	36	49	50	0	113	0	0	0	0	7	4	0	34	2	0	0	2	4	2	0	85
07:35:00	27300	72	65	0	277	0	0	0	0	2	6	0	32	57	58	0	112	0	0	0	0	7	1	0	40	1	0	0	3	5	0	0	90
07:40:00	27600	59	77	0	259	0	0	0	0	1	3	0	30	52	60	0	104	1	1	0	0	1	11	0	30	0	2	0	1	4	0	0	94
07:45:00	27900	70	64	0	265	0	0	0	0	3	1	0	32	59	55	0	108	1	1	0	0	2	5	0	27	1	1	0	1	4	1	0	97
07:50:00	28200	80	57	0	288	0	0	0	0	2	2	0	32	66	47	0	127	1	0	0	1	5	2	0	30	0	1	0	0	6	5	0	98
07:55:00	28500	74	78	0	284	0	0	0	0	3	5	0	30	64	66	0	125	0	0	0	1	4	4	0	30	1	0	0	1	2	3	0	97
08:00:00	28800	86	78	0	292	0	0	0	0	2	4	0	28	71	65	0	131	1	1	0	1	9	4	0	35	0	1	0	0	3	3	0	97
08:05:00	29100	83	105	0	270	0	0	0	0	4	4	0	28	70	94	0	107	0	1	0	0	3	4	0	34	0	0	0	0	6	2	0	101
08:10:00	29400	71	65	0	276	0	0	0	0	5	2	0	31	59	53	0	113	0	0	0	0	2	3	0	33	1	0	0	1	4	7	0	98
08:15:00	29700	96	81	0	291	0	0	0	0	5	5	0	31	81	68	0	126	1	0	0	1	5	4	0	34	0	1	0	0	4	3	0	99
08:20:00	30000	63	80	0	274	0	0	0	0	4	6	0	29	52	64	0	114	0	1	0	0	4	3	0	35	0	0	0	0	3	6	0	96
08:25:00	30300	84	76	0	282	0	0	0	0	5	4	0	30	70	65	0	119	0	0	0	0	3	2	0	36	0	0	0	0	6	5	0	97
08:30:00	30600	65	74	0	273	1	1	0	0	3	4	0	29	52	62	0	109	0	0	0	0	1	5	0	32	2	0	0	2	6	2	0	101
08:35:00	30900	71	75	0	269	0	0	0	0	4	4	0	29	61	60	0	110	0	0	0	0	1	6	0	27	0	0	0	2	5	5	0	101
08:40:00	31200	93	72	0	290	0	0	0	0	5	3	0	31	74	62	0	122	0	0	0	0	7	4	0	30	0	1	0	1	7	2	0	106
08:45:00	31500	74	82	0	282	0	0	0	0	4	6	0	29	64	67	0	119	0	0	0	0	2	6	0	26	0	0	0	1	4	3	0	107
08:50:00	31800	90	78	0	294	1	0	0	1	6	2	0	33	75	71	0	123	0	0	0	0	6	1	0	31	0	0	0	1	2	4	0	105
08:55:00	32100	103	83	0	314	0	1	0	0	5	8	0	30	84	65	0	142	0	0	0	0	10	7	0	34	1	1	0	1	3	1	0	107
09:00:00	32400	92	106	0	300	0	0	0	0	5	1	0	34	81	93	0	130	0	0	0	0	4	7	0	31	1	0	0	2	1	5	0	103
09:05:00	32700	102	99	0	303	0	0	0	0	4	5	0	33	86	81	0	135	1	0	0	1	3	8	0	26	1	1	0	2	7	4	0	106
09:10:00	33000	86	82	0	307	0	0	0	0	4	4	0	33	74	70	0	139	1	1	0	1	3	5	0	24	2	1	0	3	2	1	0	107
09:15:00	33300	113	104	0	316	0	0	0	0	5	5	0	33	96	91	0	144	1	0	0	2	4	5	0	23	1	1	0	3	6	2	0	111
09:20:00	33600	114	100	0	330	0	0	0	0	4	1	0	36	97	86	0	155	2	1	0	3	5	4	0	24	1	2	0	2	5	6	0	110
09:25:00	33900	120	112	0	338	0	0	0	0	10	9	0	37	90	91	0	154	1	1	0	3	6	5	0	25	1	1	0	2	12	5	0	117
09:30:00	34200	121	107	0	352	0	0	0	0	6	6	0	37	104	93	0	165	0	1	0	2	6	4	0	27	0	0	0	2	5	3	0	119
09:35:00	34500	112	125	0	339	0	0	0	0	5	6	0	36	97	104	0	158	0	2	0	0	4	7	0	24	0	0	0	2	6	6	0	119
09:40:00	34800	98	107	0	330	0	0	0	0	9	3	0	42	71	96	0	133	0	0	0	0	7	4	0	27	0	0	0	2	11	4	0	126
09:45:00	35100	110	90	0	350	1	0	0	1	2	8	0	36	95	71	0	157	1	0	0	1	5	4	0	28	0	1	0	1	6	6	0	126
09:50:00	35400	113	129	0	334	0	1	0	0	9	8	0	37	96	106	0	147	0	1	0	0	4	7	0	25	2	0	0	3	2	6	0	122
09:55:00	35700	113	111	0	336	0	0	0	0	4	8	0	33	93	90	0	150	1	0	0	1	4	1	0	28	1	2	0	2	10	10	0	122
10:00:00	36000	103	126	0	313	0	0	0	0	3	11	0	25	85	97	0	138	2	0	0	3	1	7	0	22	3	2	0	3	9	9	0	122
10:05:00	36300	115	100	0	328	0	0	0	0	4	5	0	24	100	84	0	154	2	3	0	2	1	3	0	20	0	2	0	1	8	3	0	127
10:10:00	36600	130	111	0	347	0	0	0	0	12	5	0	31	103	99	0	158	0	1	0	1	7	5	0	22	0	0	0	1	8	1	0	134
10:15:00	36900	119	114	0	352	0	0	0	0	9	8	0	32	104	96	0	166	0	1	0	0	1	2	0	21	0	0	0	1	5	7	0	132
10:20:00	37200	120	124	0	348	0	0	0	0	4	9	0	27	105	104	0	167	0	0	0	0	4	8	0	17	1	0	0	2	6	3	0	135
10:25:00	37500	116	119	0	345	0	0	0	0	3	8	0	22	106	102	0	171	0	0	0	0	3	4	0	16	0	0	0	2	4	5	0	134
10:30:00	37800	134	112	0	367	0	0	0	0	4	1	0	25	121	101	0	191	1	1	0	0	5	3	0	18	1	1	0	2	2	5	0	131
10:35:00	38100	137	136	0	368	0	0	0	0	4	6	0	23	127	114	0	204	1	1	0	0	2	2	0	18	0	1	0	1	3	12	0	122
10:40:00	38400	127	133	0	362	0	0	0	0	13	5	0	31	102	119	0	187	0	0	0	0	5	4	0	19	0	0	0	1	7	5	0	124
10:45:00	38700	119	142	0	339	1	0	0	1	3	8	0	26	105	124	0	168	0	0	0	0	5	7	0	17	0	0	0	1	5	3	0	126
10:50:00	39000	133	131	0	341	0	1	0	0	5	4	0	27	114	112	0	170	1	1	0	0	7	3	0	21	1	1	0	1	5	9	0	122
10:55:00	39300	152	128	0	365	2	1	0	1	6	4	0	29	128	111	0	187	0	0	0	0	8	5	0	24	2	0	0	3	6	7	0	121
11:00:00	39600	141	139	0	367	0	1	0	0	8	10	0	27	116	112	0	191	0	0	0	0	8	7	0	25	3	2	0	4	6	7	0	120
11:05:00	39900	143	131	0	379	0	0	0	0	5	7	0	25	126	115	0	202	1	0	0	1	8	3	0	30	0	2	0	2	3	4	0	119
11:10:00	40200	124	150	0	353	0	0	0	0	6	3	0	28	102	125	0	179	1	1	0	1	6	9	0	27	1	1	0	2	8	11	0	116
11:15:00	40500	124	129	0	348	0	0	0	0	1	8	0	21	103	109	0	173	1	1	0	1	8	8	0	27	1	1	0	2	10	2	0	124
11:20:00	40800	157	132	0	373	1	0	0	1	7	4	0	24	135	110	0	198	2	0	0	3	6	9	0	24	1	2	0	1	5	7	0	122
11:25:00	41100	144	135	0	382	0	1	0	0	5	3	0	26	123	107	0	214	0	3	0	0	6	10	0	20	2	1	0	2	8	10	0	120
11:30:00	41400	141	153	0	370	0	0	0	0	7	6	0	27	118	132	0	200	1	0	0	1	7	6	0	21	1	1	0	2	7	8	0	119
11:35:00	41700	120	133	0	357	0	0	0	0	6	6	0	27	107	118	0	189	0	1	0	0	4	3	0	22	0	0	0	2	3	5	0	117
11:40:00	42000	140	123	0	374	0	0	0	0	6	7	0	26	116	103	0	202	1	0	0	1	8	7	0	23	0	1	0	1	9	5	0	121
11:45:00	42300	150	140	0	384	1	1	0	0	7	3	0	30	130	128	0	204	0	1	0	0	7	5	0	25	3	0	0	4	2	2	0	121
11:50:00	42600	127	133	0	378	0	0	0	0	4	9	0	25	111	110	0	205	2	0	0	2	3	8	0	20	2	3	0	3	5	3	0	123
11:55:00	42900	135	150	0	363	2	1	0	1	5	5	0	25	121	134	0	192	0	1	0	1	3	6	0	17	1	0	0	4	3	3	0	123
12:00:00	43200	134	131	0	366	0	1	0	0	7	4	0	28	119	111	0	200	0	1	0	0	6	7	0	16	1	2	0	3	1	5	0	119
12:05:00	43500	169	130	0	405	3	1	0	2	9	7	0	30	135	112	0	223	3	0	0	3	6	4	0	18	1	3	0	1	12	3	0	128
12:10:00	43800	130	154	0	381	0	2	0	0	6	7	0	29	111	134	0	200	0	2	0	1	6	2	0	22	2	2	0	1	5	5	0	128
12:15:00	44100	115	160	0	336	0	0	0	0	5	7	0	27	98	130	0	168	0	0	0	1	7	11	0	18	1	1	0	1	4	11	0	121
12:20:00	44400	161	131	0	366	1	0	0	1	8	6	0	29	139	110	0	197	1	1	0	1	7	5	0	20	0	1	0	0	5	8	0	118
12:25:00	44700	127	124	0	369	0	1	0	0	4	4	0	29	107	105	0	199	0	1	0	0	6	4	0	22	3	0	0	3	7	9	0	116
12:30:00	45000	163	137	0	395	1	0	0	1	10	11	0	28	138	114	0	223	1	1	0	0	7	6	0	23	1	2	0	2	5	3	0	118
12:35:00	45300	140	148	0	387	0	1	0	0	7	6	0	29	119	124	0	218	1	0	0	1	8	6	0	25	1	2	0	1	4	9	0	113
12:40:00	45600	127	151	0	363	0	0	0	0	4	6	0	27	112	129	0	201	0	0	0	1	5	9	0	21	0	0	0	1	6	7	0	112
12:45:00	45900	122	142	0	343	0	0	0	0	3	9	0	21	106	122	0	185	0	0	0	1	5	7	0	19	1	0	0	2	7	4	0	115
12:50:00	46200	152	129	0	366	1	0	0	1	4	2	0	23	136	117	0	204	2	0	0	3	5	4	0	20	1	2	0	1	3	4	0	114
12:55:00	46500	132	140	0	358	0	1	0	0	8	7	0	24	112	117	0	199	0	3	0	0	5	4	0	21	2	1	0	2	5	7	0	112
13:00:00	46800	133	134	0	357	0	0	0	0	13	5	0	32	103	112	0	190	1	0	0	1	3	10	0	14	0	1	0	1	13	6	0	119
13:05:00	47100	133	115	0	375	2	2	0	0	3	5	0	30	117	99	0	208	1	0	0	2	2	3	0	13	2	1	0	2	6	5	0	120
13:10:00	47400	131	147	0	359	0	0	0	0	4	8	0	26	115	118	0	205	1	2	0	1	4	10	0	7	2	2	0	2	5	7	0	118
13:15:00	47700	141	135	0	365	1	1	0	0	4	8	0	22	121	113	0	213	1	0	0	2	6	2	0	11	1	2	0	1	7	9	0	116
13:20:00	48000	115	143	0	337	0	0	0	0	4	2	0	24	107	129	0	191	0	1	0	1	1	6	0	6	1	0	0	2	2	5	0	113
13:25:00	48300	122	116	0	343	2	0	0	2	4	3	0	25	103	104	0	190	1	2	0	0	6	2	0	10	1	1	0	2	5	4	0	114
13:30:00	48600	131	109	0	365	2	3	0	1	8	4	0	29	105	94	0	201	0	0	0	0	7	3	0	14	4	2	0	4	5	3	0	116
13:35:00	48900	121	121	0	365	1	1	0	1	5	7	0	27	99	105	0	195	2	0	0	2	8	1	0	21	3	3	0	4	3	4	0	115
13:40:00	49200	119	131	0	353	2	1	0	2	4	6	0	25	106	113	0	188	1	2	0	1	2	4	0	19	1	2	0	3	3	3	0	115
13:45:00	49500	137	133	0	357	0	2	0	0	4	5	0	24	115	111	0	192	1	2	0	0	8	6	0	21	3	2	0	4	6	5	0	116
13:50:00	49800	136	134	0	359	0	0	0	0	7	5	0	26	117	113	0	196	0	0	0	0	4	10	0	15	1	1	0	4	7	5	0	118
13:55:00	50100	136	129	0	366	0	0	0	0	2	2	0	26	127	113	0	210	1	0	0	1	2	2	0	15	1	2	0	3	3	10	0	111
14:00:00	50400	136	134	0	368	1	0	0	1	5	6	0	25	115	109	0	216	4	1	0	4	6	7	0	14	2	4	0	1	3	7	0	107
14:05:00	50700	131	155	0	344	0	1	0	0	10	5	0	30	106	134	0	188	1	4	0	1	5	4	0	15	2	1	0	2	7	6	0	108
14:10:00	51000	145	132	0	357	1	1	0	0	1	7	0	24	125	109	0	204	1	1	0	1	6	5	0	16	1	3	0	0	10	6	0	112
14:15:00	51300	124	132	0	349	2	2	0	0	8	3	0	29	104	115	0	193	0	1	0	0	5	5	0	16	2	0	0	2	3	6	0	109
14:20:00	51600	129	121	0	357	2	1	0	1	1	2	0	28	116	113	0	196	0	0	0	0	3	4	0	15	2	1	0	3	5	0	0	114
14:25:00	51900	123	124	0	356	1	1	0	1	3	4	0	27	100	102	0	194	2	1	0	1	7	6	0	16	2	3	0	2	8	7	0	115
14:30:00	52200	145	127	0	374	2	1	0	2	7	4	0	30	125	113	0	206	0	1	0	0	3	1	0	18	1	2	0	1	7	5	0	117
14:35:00	52500	136	150	0	360	2	2	0	2	6	8	0	28	115	129	0	192	1	1	0	0	7	7	0	18	2	2	0	1	3	1	0	119
14:40:00	52800	129	117	0	372	2	4	0	0	4	2	0	30	111	98	0	205	0	0	0	0	5	6	0	17	4	2	0	3	3	5	0	117
14:45:00	53100	146	133	0	385	2	2	0	0	5	8	0	27	124	113	0	216	0	0	0	0	4	3	0	18	2	1	0	4	9	6	0	120
14:50:00	53400	146	126	0	405	1	0	0	1	8	4	0	31	119	115	0	220	0	0	0	0	10	2	0	26	1	3	0	2	7	2	0	125
14:55:00	53700	135	144	0	396	0	0	0	1	3	4	0	30	126	128	0	218	1	1	0	0	1	6	0	21	1	1	0	2	3	4	0	124
15:00:00	54000	149	145	0	400	0	0	0	1	7	3	0	34	135	129	0	224	0	0	0	0	3	7	0	17	0	1	0	1	4	5	0	123
15:05:00	54300	131	132	0	399	3	2	0	2	3	6	0	31	112	112	0	224	1	1	0	0	7	4	0	20	3	1	0	3	2	6	0	119
15:10:00	54600	134	132	0	401	1	3	0	0	2	6	0	27	116	113	0	227	1	1	0	0	3	1	0	22	3	3	0	3	8	5	0	122
15:15:00	54900	145	132	0	414	1	1	0	0	10	7	0	30	116	110	0	233	0	0	0	0	7	4	0	25	4	3	0	4	7	7	0	122
15:20:00	55200	149	136	0	427	0	0	0	0	7	3	0	34	128	116	0	245	2	1	0	1	2	7	0	20	0	3	0	1	10	6	0	126
15:25:00	55500	136	138	0	425	0	0	0	0	5	3	0	36	116	123	0	238	1	1	0	1	7	5	0	22	0	1	0	0	7	5	0	128
15:30:00	55800	144	147	0	422	1	0	0	1	6	11	0	31	128	126	0	240	0	0	0	1	3	4	0	21	0	0	0	0	6	6	0	128
15:35:00	56100	164	147	0	439	0	1	0	0	5	8	0	28	146	127	0	259	0	1	0	0	5	2	0	24	1	0	0	1	7	8	0	127
15:40:00	56400	144	145	0	438	1	0	0	1	5	5	0	28	122	129	0	252	1	0	0	1	6	5	0	25	2	1	0	2	7	5	0	129
15:45:00	56700	155	154	0	439	1	1	0	1	8	8	0	28	130	128	0	254	2	2	0	1	6	7	0	24	3	3	0	2	5	5	0	129
15:50:00	57000	154	153	0	440	1	2	0	0	6	3	0	31	129	135	0	248	2	1	0	2	6	3	0	27	3	3	0	2	7	6	0	130
15:55:00	57300	170	143	0	467	3	0	0	3	6	4	0	33	150	124	0	274	0	2	0	0	6	6	0	27	0	1	0	1	5	6	0	129
16:00:00	57600	184	159	0	492	5	3	0	5	6	3	0	36	155	139	0	290	0	0	0	0	3	6	0	24	4	1	0	4	11	7	0	133
16:05:00	57900	173	180	0	485	2	4	0	3	10	6	0	40	143	153	0	280	3	2	0	1	7	5	0	26	6	7	0	3	2	3	0	132
16:10:00	58200	168	168	0	485	5	2	0	6	8	4	0	44	134	141	0	273	2	2	0	1	14	5	0	35	4	5	0	2	1	9	0	124
16:15:00	58500	184	177	0	492	2	6	0	2	8	11	0	41	153	140	0	286	4	3	0	2	5	9	0	31	7	5	0	4	5	3	0	126
16:20:00	58800	174	173	0	493	2	2	0	2	10	6	0	45	148	149	0	285	0	1	0	1	8	7	0	32	3	3	0	4	3	5	0	124
16:25:00	59100	173	177	0	489	2	1	0	3	8	7	0	46	149	151	0	283	1	1	0	1	5	7	0	30	2	2	0	4	6	8	0	122
16:30:00	59400	177	190	0	476	5	5	0	3	4	6	0	44	150	163	0	270	1	1	0	1	5	6	0	29	7	3	0	8	5	6	0	121
16:35:00	59700	170	160	0	486	3	3	0	3	7	10	0	41	135	125	0	280	4	4	0	1	8	8	0	29	4	9	0	3	9	1	0	129
16:40:00	60000	165	173	0	478	0	1	0	2	5	8	0	38	143	144	0	279	0	1	0	0	7	8	0	28	1	3	0	1	9	8	0	130
16:45:00	60300	179	160	0	497	3	2	0	3	11	9	0	40	145	137	0	287	0	0	0	0	5	5	0	28	3	1	0	3	12	6	0	136
16:50:00	60600	168	178	0	487	2	2	0	3	9	8	0	41	142	152	0	277	0	0	0	0	6	7	0	27	2	2	0	3	7	7	0	136
16:55:00	60900	159	164	0	482	2	3	0	2	11	6	0	46	126	139	0	264	1	0	0	1	7	5	0	29	4	4	0	3	8	7	0	137
17:00:00	61200	171	164	0	489	1	2	0	1	7	11	0	42	145	140	0	269	1	2	0	0	9	5	0	33	3	1	0	5	5	3	0	139
17:05:00	61500	175	164	0	500	1	0	0	2	6	6	0	42	154	141	0	282	2	2	0	0	5	6	0	32	3	3	0	5	4	6	0	137
17:10:00	61800	194	157	0	537	1	2	0	1	5	6	0	41	162	129	0	315	3	2	0	1	13	8	0	37	3	3	0	5	7	7	0	137
17:15:00	62100	160	195	0	502	4	2	0	3	4	8	0	37	131	171	0	275	2	1	0	2	7	5	0	39	2	5	0	2	10	3	0	144
17:20:00	62400	155	174	0	483	5	4	0	4	7	8	0	36	130	147	0	258	0	0	0	2	6	7	0	38	6	1	0	7	1	7	0	138
17:25:00	62700	164	158	0	489	1	1	0	4	7	4	0	39	136	133	0	261	0	2	0	0	2	4	0	36	3	5	0	5	15	9	0	144
17:30:00	63000	154	157	0	486	0	1	0	3	10	6	0	43	123	132	0	252	5	2	0	3	4	3	0	37	4	6	0	3	8	7	0	145
17:35:00	63300	183	152	0	517	2	2	0	3	8	7	0	44	148	125	0	275	3	3	0	3	7	6	0	38	5	3	0	5	10	6	0	149
17:40:00	63600	162	161	0	518	3	1	0	5	10	8	0	46	134	134	0	275	3	5	0	1	6	5	0	39	2	5	0	2	4	3	0	150
17:45:00	63900	155	174	0	499	1	3	0	3	7	6	0	47	129	145	0	259	2	2	0	1	4	7	0	36	4	3	0	3	8	8	0	150
17:50:00	64200	170	165	0	504	2	2	0	3	10	11	0	46	134	128	0	265	2	1	0	2	7	7	0	36	5	5	0	3	10	11	0	149
17:55:00	64500	151	161	0	494	2	2	0	3	7	8	0	45	121	134	0	252	0	2	0	0	8	6	0	38	5	1	0	7	8	8	0	149
18:00:00	64800	163	170	0	487	4	3	0	4	6	9	0	42	130	137	0	245	3	3	0	0	8	4	0	42	5	5	0	7	7	9	0	147
18:05:00	65100	162	157	0	492	2	2	0	4	5	5	0	42	134	129	0	250	2	1	0	1	10	8	0	44	3	5	0	5	6	7	0	146
18:10:00	65400	142	178	0	456	0	1	0	3	7	9	0	40	114	142	0	222	5	2	0	4	3	8	0	39	3	7	0	1	10	9	0	147
18:15:00	65700	141	143	0	454	0	1	0	2	5	7	0	38	118	121	0	219	0	4	0	0	7	6	0	40	3	1	0	3	8	3	0	152
18:20:00	66000	122	129	0	447	2	0	0	4	1	3	0	36	105	116	0	208	1	1	0	0	5	4	0	41	0	2	0	1	8	3	0	157
18:25:00	66300	143	133	0	457	5	3	0	6	4	9	0	31	118	113	0	213	0	0	0	0	5	4	0	42	4	1	0	4	7	3	0	161
18:30:00	66600	130	151	0	436	1	4	0	3	6	7	0	30	110	121	0	202	2	1	0	1	5	8	0	39	4	5	0	3	2	5	0	158
18:35:00	66900	158	138	0	456	6	3	0	6	6	4	0	32	124	118	0	208	0	1	0	0	7	4	0	42	6	3	0	6	9	5	0	162
18:40:00	67200	133	136	0	453	0	3	0	3	2	2	0	32	111	119	0	200	1	0	0	1	6	5	0	43	5	4	0	7	8	3	0	167
18:45:00	67500	121	146	0	428	1	1	0	3	6	7	0	31	94	109	0	185	4	4	0	1	3	8	0	38	3	8	0	2	10	9	0	168
18:50:00	67800	116	133	0	411	4	3	0	4	6	5	0	32	88	106	0	167	3	1	0	3	4	11	0	31	4	4	0	2	7	3	0	172
18:55:00	68100	110	119	0	402	3	3	0	4	4	1	0	35	90	94	0	163	0	3	0	0	3	6	0	28	4	2	0	4	6	10	0	168
19:00:00	68400	103	117	0	388	2	3	0	3	5	8	0	32	81	85	0	159	1	1	0	0	3	6	0	25	4	5	0	3	7	9	0	166
19:05:00	68700	129	126	0	391	1	2	0	2	7	5	0	34	109	102	0	166	2	1	0	1	2	2	0	25	3	4	0	2	5	10	0	161
19:10:00	69000	111	115	0	387	3	1	0	4	2	10	0	26	83	90	0	159	1	0	0	2	9	4	0	30	4	3	0	3	9	7	0	163
19:15:00	69300	111	113	0	385	0	1	0	3	5	3	0	28	94	93	0	160	3	4	0	1	0	3	0	27	3	3	0	3	6	6	0	163
19:20:00	69600	95	127	0	353	3	2	0	4	3	3	0	28	77	103	0	134	1	1	0	1	1	5	0	23	3	3	0	3	7	10	0	160
19:25:00	69900	120	107	0	366	3	6	0	1	8	2	0	34	90	83	0	141	2	0	0	3	4	3	0	24	7	3	0	7	6	10	0	156
19:30:00	70200	107	86	0	387	3	1	0	3	2	4	0	32	86	63	0	164	1	4	0	0	1	5	0	20	8	7	0	8	6	2	0	160
19:35:00	70500	109	131	0	365	1	1	0	3	4	7	0	29	85	100	0	149	7	2	0	5	7	3	0	24	2	8	0	2	3	10	0	153
19:40:00	70800	87	108	0	344	2	2	0	3	5	1	0	33	71	92	0	128	1	4	0	2	1	3	0	22	4	2	0	4	3	4	0	152
19:45:00	71100	107	101	0	350	4	4	0	3	5	3	0	35	81	78	0	131	1	2	0	1	5	3	0	24	5	3	0	6	6	8	0	150
19:50:00	71400	87	100	0	337	3	2	0	4	3	6	0	32	66	73	0	124	3	3	0	1	4	3	0	25	5	7	0	4	3	6	0	147
19:55:00	71700	93	106	0	324	1	3	0	2	4	6	0	30	73	78	0	119	1	1	0	1	5	6	0	24	6	3	0	7	3	9	0	141
20:00:00	72000	99	104	0	319	2	0	0	4	4	8	0	26	79	77	0	121	2	2	0	1	3	5	0	22	2	4	0	5	7	8	0	140
20:05:00	72300	83	97	0	305	1	3	0	2	3	5	0	24	61	72	0	110	3	1	0	3	6	3	0	25	5	4	0	6	4	9	0	135
20:10:00	72600	94	88	0	311	0	0	0	2	6	3	0	27	74	69	0	115	2	2	0	3	5	5	0	25	3	4	0	5	4	5	0	134
20:15:00	72900	96	99	0	308	3	3	0	2	4	8	0	23	69	68	0	116	4	1	0	6	8	6	0	27	3	5	0	3	5	8	0	131
20:20:00	73200	74	91	0	291	3	2	0	3	1	6	0	18	61	62	0	115	0	4	0	2	4	9	0	22	2	1	0	4	3	7	0	127
20:25:00	73500	83	93	0	281	1	3	0	1	5	1	0	22	63	71	0	107	2	2	0	2	3	5	0	20	4	5	0	3	5	6	0	126
20:30:00	73800	77	86	0	272	3	0	0	4	8	3	0	27	60	68	0	99	0	2	0	0	3	6	0	17	1	3	0	1	2	4	0	124
20:35:00	74100	87	74	0	285	4	1	0	7	3	8	0	22	66	50	0	115	1	0	0	1	4	6	0	15	4	1	0	4	5	8	0	121
20:40:00	74400	80	94	0	271	2	1	0	8	1	6	0	17	68	72	0	111	2	2	0	1	2	2	0	15	3	3	0	4	2	8	0	115
20:45:00	74700	84	90	0	265	2	7	0	3	2	1	0	18	58	63	0	106	3	4	0	0	3	4	0	14	12	5	0	11	4	6	0	113
20:50:00	75000	86	101	0	250	6	7	0	2	1	2	0	17	58	68	0	96	8	6	0	2	3	2	0	15	9	11	0	9	1	5	0	109
20:55:00	75300	69	81	0	238	2	1	0	3	4	3	0	18	46	60	0	82	3	4	0	1	3	2	0	16	5	7	0	7	6	4	0	111
21:00:00	75600	63	72	0	229	0	2	0	1	0	6	0	12	54	53	0	83	4	2	0	3	1	1	0	16	2	7	0	2	2	1	0	112
21:05:00	75900	66	56	0	239	2	1	0	2	3	2	0	13	55	43	0	95	0	2	0	1	1	3	0	14	2	1	0	3	3	4	0	111
21:10:00	76200	56	65	0	230	1	2	0	1	2	3	0	12	43	51	0	87	3	2	0	2	2	1	0	15	4	3	0	4	1	3	0	109
21:15:00	76500	71	78	0	223	0	1	0	0	1	0	0	13	56	57	0	86	3	4	0	1	2	2	0	15	4	5	0	3	5	9	0	105
21:20:00	76800	65	63	0	225	0	0	0	0	1	1	0	13	50	52	0	84	2	1	0	2	2	2	0	15	1	3	0	1	9	4	0	110
21:25:00	77100	53	60	0	218	0	0	0	0	2	2	0	13	44	48	0	80	2	2	0	2	1	1	0	15	1	2	0	0	3	5	0	108
21:30:00	77400	53	60	0	211	0	0	0	0	3	1	0	15	48	47	0	81	0	1	0	1	0	3	0	12	1	0	0	1	1	8	0	101
21:35:00	77700	51	51	0	211	2	0	0	2	3	2	0	16	40	41	0	80	1	1	0	1	3	2	0	13	0	1	0	0	2	4	0	99
21:40:00	78000	55	57	0	209	1	1	0	2	2	3	0	15	40	43	0	77	0	1	0	0	4	3	0	14	6	0	0	6	2	6	0	95
21:45:00	78300	71	66	0	214	3	1	0	4	2	4	0	13	58	49	0	86	3	1	0	2	2	3	0	13	2	5	0	3	1	3	0	93
21:50:00	78600	74	69	0	219	1	2	0	3	4	3	0	14	58	50	0	94	4	4	0	2	2	0	0	15	4	4	0	3	1	6	0	88
21:55:00	78900	82	56	0	245	2	1	0	4	0	1	0	13	71	42	0	123	2	1	0	3	2	2	0	15	3	3	0	3	2	6	0	84
22:00:00	79200	116	75	0	286	1	3	0	2	4	4	0	13	98	55	0	166	3	4	0	2	4	2	0	17	4	4	0	3	2	3	0	83
22:05:00	79500	75	124	0	237	2	1	0	3	0	1	0	12	69	111	0	124	2	3	0	1	1	2	0	16	1	3	0	1	0	3	0	80
22:10:00	79800	32	105	0	164	0	1	0	2	1	1	0	12	27	97	0	54	0	1	0	0	1	0	0	17	2	0	0	3	1	5	0	76
22:15:00	80100	49	52	0	161	2	2	0	2	2	2	0	12	35	35	0	54	2	1	0	1	2	5	0	14	4	5	0	2	2	2	0	76
22:20:00	80400	40	40	0	161	0	1	0	1	3	1	0	14	28	24	0	58	2	2	0	1	3	6	0	11	4	2	0	4	0	4	0	72
22:25:00	80700	36	49	0	148	1	0	0	2	0	1	0	13	26	37	0	47	3	2	0	2	1	2	0	10	2	4	0	2	3	3	0	72
22:30:00	81000	23	40	0	131	2	1	0	3	0	2	0	11	18	31	0	34	1	1	0	2	1	2	0	9	1	2	0	1	0	1	0	71
22:35:00	81300	25	29	0	127	0	0	0	3	1	2	0	10	21	22	0	33	1	1	0	2	1	0	0	10	0	1	0	0	1	3	0	69
22:40:00	81600	22	23	0	126	2	0	0	5	2	1	0	11	16	13	0	36	0	1	0	1	0	5	0	5	0	0	0	0	2	3	0	68
22:45:00	81900	23	25	0	124	1	4	0	2	1	2	0	10	16	16	0	36	1	2	0	0	0	0	0	5	4	1	0	3	0	0	0	68
22:50:00	82200	23	34	0	113	3	1	0	4	1	3	0	8	14	21	0	29	0	0	0	0	0	2	0	3	4	2	0	5	1	5	0	64
22:55:00	82500	20	35	0	98	0	2	0	2	0	3	0	5	12	20	0	21	4	1	0	3	2	1	0	4	2	6	0	1	0	2	0	62
23:00:00	82800	13	19	0	92	0	0	0	2	1	0	0	6	9	11	0	19	1	4	0	0	0	0	0	4	0	1	0	0	2	3	0	61
23:05:00	83100	23	18	0	97	0	0	0	2	3	0	0	9	16	14	0	21	0	0	0	0	0	2	0	2	0	0	0	0	4	2	0	63
23:10:00	83400	13	16	0	94	2	0	0	4	1	1	0	9	10	14	0	17	0	0	0	0	0	0	0	2	0	0	0	0	0	1	0	62
23:15:00	83700	19	21	0	92	0	2	0	2	1	3	0	7	11	13	0	15	1	0	0	1	2	0	0	4	3	1	0	2	1	2	0	61
23:20:00	84000	23	23	0	92	2	1	0	3	1	1	0	7	15	13	0	17	0	0	0	1	1	1	0	4	1	2	0	1	3	5	0	59
23:25:00	84300	16	13	0	95	1	1	0	3	3	0	0	10	10	9	0	18	0	0	0	1	0	2	0	2	1	0	0	2	1	1	0	59
23:30:00	84600	8	15	0	88	0	0	0	3	0	1	0	9	5	7	0	16	1	2	0	0	1	1	0	2	0	1	0	1	1	3	0	57
23:35:00	84900	18	16	0	90	1	1	0	3	1	2	0	8	12	8	0	20	1	1	0	0	0	0	0	2	2	2	0	1	1	2	0	56
23:40:00	85200	14	16	0	88	1	1	0	3	1	0	0	9	7	12	0	15	0	0	0	0	2	1	0	3	2	0	0	3	1	2	0	55
23:45:00	85500	13	19	0	82	2	1	0	4	0	2	0	7	6	5	0	16	3	3	0	0	1	1	0	3	1	4	0	0	0	3	0	52
23:50:00	85800	9	11	0	80	0	0	0	4	0	0	0	7	9	9	0	16	0	0	0	0	0	1	0	2	0	0	0	0	0	1	0	51
23:55:00	86100	17	12	0	85	0	2	0	2	1	1	0	7	12	8	0	20	0	0	0	0	0	1	0	1	3	0	0	3	1	0	0	52
24:00:00	86400	7	11	0	81	1	0	0	3	0	0	0	7	5	7	0	18	1	1	0	0	0	0	0	1	0	2	0	1	0	1	0	51
24:05:00	86700	9	12	0	78	0	1	0	2	0	1	0	6	7	8	0	17	1	1	0	0	0	0	0	1	1	1	0	1	0	0	0	51
24:10:00	87000	8	16	0	70	0	0	0	2	2	1	0	7	2	9	0	10	1	1	0	0	0	1	0	0	0	1	0	0	3	3	0	51
24:15:00	87300	8	5	0	73	0	0	0	2	0	0	0	7	7	4	0	13	0	0	0	0	0	0	0	0	0	0	0	0	1	1	0	51
24:20:00	87600	5	5	0	73	0	0	0	2	0	0	0	7	3	5	0	11	0	0	0	0	0	0	0	0	0	0	0	0	2	0	0	53
24:25:00	87900	2	7	0	68	0	0	0	2	0	0	0	7	0	5	0	6	0	0	0	0	1	0	0	1	0	0	0	0	1	2	0	52
24:30:00	88200	8	7	0	69	1	2	0	1	1	0	0	8	3	2	0	7	0	0	0	0	0	0	0	1	2	0	0	2	1	3	0	50
24:35:00	88500	5	8	0	66	0	0	0	1	0	0	0	8	4	4	0	7	1	1	0	0	0	0	0	1	0	1	0	1	0	2	0	48
24:40:00	88800	6	9	0	63	0	0	0	1	0	0	0	8	4	5	0	6	1	1	0	0	0	1	0	0	0	1	0	0	1	1	0	48
24:45:00	89100	1	6	0	58	0	0	0	1	0	0	0	8	1	4	0	3	0	0	0	0	0	0	0	0	0	0	0	0	0	2	0	46
24:50:00	89400	4	4	0	58	1	0	0	2	0	1	0	7	2	1	0	4	0	0	0	0	0	0	0	0	0	0	0	0	1	2	0	45
24:55:00	89700	4	5	0	57	1	1	0	2	0	1	0	6	2	2	0	4	0	0	0	0	0	0	0	0	1	1	0	0	0	0	0	45
25:00:00	90000	1	3	0	55	0	1	0	1	0	0	0	6	0	2	0	2	0	0	0	0	0	0	0	0	1	0	0	1	0	0	0	45
25:05:00	90300	4	4	0	55	0	1	0	0	0	0	0	6	2	1	0	3	1	1	0	0	0	0	0	0	1	1	0	1	0	0	0	45
25:10:00	90600	3	6	0	52	1	0	0	1	0	1	0	5	1	1	0	3	0	0	0	0	0	0	0	0	0	1	0	0	1	3	0	43
25:15:00	90900	2	3	0	51	0	0	0	1	0	0	0	5	2	2	0	3	0	0	0	0	0	0	0	0	0	0	0	0	0	1	0	42
25:20:00	91200	0	2	0	49	0	0	0	1	0	0	0	5	0	2	0	1	0	0	0	0	0	0	0	0	0	0	0	0	0	0	0	42
25:25:00	91500	2	2	0	49	0	0	0	1	0	1	0	4	2	1	0	2	0	0	0	0	0	0	0	0	0	0	0	0	0	0	0	42
25:30:00	91800	0	1	0	48	0	0	0	1	0	0	0	4	0	1	0	1	0	0	0	0	0	0	0	0	0	0	0	0	0	0	0	42
25:35:00	92100	2	1	0	49	0	0	0	1	0	0	0	4	2	1	0	2	0	0	0	0	0	0	0	0	0	0	0	0	0	0	0	42
25:40:00	92400	0	1	0	48	0	0	0	1	0	0	0	4	0	0	0	2	0	0	0	0	0	0	0	0	0	0	0	0	0	1	0	41
25:45:00	92700	2	5	0	45	0	0	0	1	0	0	0	4	0	2	0	0	0	0	0	0	0	0	0	0	0	0	0	0	2	3	0	40
25:50:00	93000	1	2	0	44	0	0	0	1	0	0	0	4	1	0	0	1	0	0	0	0	0	0	0	0	0	0	0	0	0	2	0	38
25:55:00	93300	2	1	0	45	0	0	0	1	0	1	0	3	2	0	0	3	0	0	0	0	0	0	0	0	0	0	0	0	0	0	0	38
26:00:00	93600	1	2	0	44	0	1	0	0	0	0	0	3	0	1	0	2	0	0	0	0	0	0	0	0	1	0	0	1	0	0	0	38
26:05:00	93900	1	4	0	41	0	0	0	0	0	0	0	3	0	1	0	1	1	1	0	0	0	0	0	0	0	1	0	0	0	1	0	37
26:10:00	94200	0	1	0	40	0	0	0	0	0	0	0	3	0	1	0	0	0	0	0	0	0	0	0	0	0	0	0	0	0	0	0	37
26:15:00	94500	1	0	0	41	0	0	0	0	0	0	0	3	0	0	0	0	0	0	0	0	0	0	0	0	0	0	0	0	1	0	0	38
26:20:00	94800	1	1	0	41	0	0	0	0	0	0	0	3	1	0	0	1	0	0	0	0	0	0	0	0	0	0	0	0	0	1	0	37
26:25:00	95100	0	0	0	41	0	0	0	0	0	0	0	3	0	0	0	1	0	0	0	0	0	0	0	0	0	0	0	0	0	0	0	37
26:30:00	95400	0	1	0	40	0	0	0	0	0	0	0	3	0	1	0	0	0	0	0	0	0	0	0	0	0	0	0	0	0	0	0	37
26:35:00	95700	0	0	0	40	0	0	0	0	0	0	0	3	0	0	0	0	0	0	0	0	0	0	0	0	0	0	0	0	0	0	0	37
26:40:00	96000	0	0	0	40	0	0	0	0	0	0	0	3	0	0	0	0	0	0	0	0	0	0	0	0	0	0	0	0	0	0	0	37
26:45:00	96300	1	0	0	41	0	0	0	0	0	0	0	3	1	0	0	1	0	0	0	0	0	0	0	0	0	0	0	0	0	0	0	37
26:50:00	96600	1	2	0	40	0	0	0	0	0	1	0	2	1	1	0	1	0	0	0	0	0	0	0	0	0	0	0	0	0	0	0	37
26:55:00	96900	0	0	0	40	0	0	0	0	0	0	0	2	0	0	0	1	0	0	0	0	0	0	0	0	0	0	0	0	0	0	0	37
27:00:00	97200	0	2	0	38	0	0	0	0	0	0	0	2	0	1	0	0	0	0	0	0	0	0	0	0	0	0	0	0	0	1	0	36
27:05:00	97500	0	0	0	38	0	0	0	0	0	0	0	2	0	0	0	0	0	0	0	0	0	0	0	0	0	0	0	0	0	0	0	36
27:10:00	97800	0	1	0	37	0	0	0	0	0	0	0	2	0	0	0	0	0	0	0	0	0	0	0	0	0	0	0	0	0	1	0	35
27:15:00	98100	0	1	0	36	0	0	0	0	0	0	0	2	0	0	0	0	0	0	0	0	0	0	0	0	0	0	0	0	0	1	0	34
27:20:00	98400	0	1	0	35	0	0	0	0	0	1	0	1	0	0	0	0	0	0	0	0	0	0	0	0	0	0	0	0	0	0	0	34
27:25:00	98700	0	0	0	35	0	0	0	0	0	0	0	1	0	0	0	0	0	0	0	0	0	0	0	0	0	0	0	0	0	0	0	34
27:30:00	99000	0	0	0	35	0	0	0	0	0	0	0	1	0	0	0	0	0	0	0	0	0	0	0	0	0	0	0	0	0	0	0	34
27:35:00	99300	0	0	0	35	0	0	0	0	0	0	0	1	0	0	0	0	0	0	0	0	0	0	0	0	0	0	0	0	0	0	0	34
27:40:00	99600	1	1	0	35	0	0	0	0	0	0	0	1	0	0	0	0	0	0	0	0	0	0	0	0	0	0	0	0	1	1	0	34
27:45:00	99900	0	0	0	35	0	0	0	0	0	0	0	1	0	0	0	0	0	0	0	0	0	0	0	0	0	0	0	0	0	0	0	34
27:50:00	100200	0	0	0	35	0	0	0	0	0	0	0	1	0	0	0	0	0	0	0	0	0	0	0	0	0	0	0	0	0	0	0	34
27:55:00	100500	0	0	0	35	0	0	0	0	0	0	0	1	0	0	0	0	0	0	0	0	0	0	0	0	0	0	0	0	0	0	0	34
28:00:00	100800	0	0	0	35	0	0	0	0	0	0	0	1	0	0	0	0	0	0	0	0	0	0	0	0	0	0	0	0	0	0	0	34
28:05:00	101100	0	0	0	35	0	0	0	0	0	0	0	1	0	0	0	0	0	0	0	0	0	0	0	0	0	0	0	0	0	0	0	34
28:10:00	101400	0	2	0	33	0	0	0	0	0	0	0	1	0	0	0	0	0	0	0	0	0	0	0	0	0	0	0	0	0	2	0	32
28:15:00	101700	0	0	0	33	0	0	0	0	0	0	0	1	0	0	0	0	0	0	0	0	0	0	0	0	0	0	0	0	0	0	0	32
28:20:00	102000	0	0	0	33	0	0	0	0	0	0	0	1	0	0	0	0	0	0	0	0	0	0	0	0	0	0	0	0	0	0	0	32
28:25:00	102300	0	1	0	32	0	0	0	0	0	0	0	1	0	0	0	0	0	0	0	0	0	0	0	0	0	0	0	0	0	1	0	31
28:30:00	102600	0	0	0	32	0	0	0	0	0	0	0	1	0	0	0	0	0	0	0	0	0	0	0	0	0	0	0	0	0	0	0	31
28:35:00	102900	0	0	0	32	0	0	0	0	0	0	0	1	0	0	0	0	0	0	0	0	0	0	0	0	0	0	0	0	0	0	0	31
28:40:00	103200	0	0	0	32	0	0	0	0	0	0	0	1	0	0	0	0	0	0	0	0	0	0	0	0	0	0	0	0	0	0	0	31
28:45:00	103500	0	0	0	32	0	0	0	0	0	0	0	1	0	0	0	0	0	0	0	0	0	0	0	0	0	0	0	0	0	0	0	31
28:50:00	103800	0	0	0	32	0	0	0	0	0	0	0	1	0	0	0	0	0	0	0	0	0	0	0	0	0	0	0	0	0	0	0	31
28:55:00	104100	0	0	0	32	0	0	0	0	0	0	0	1	0	0	0	0	0	0	0	0	0	0	0	0	0	0	0	0	0	0	0	31
29:00:00	104400	0	0	0	32	0	0	0	0	0	0	0	1	0	0	0	0	0	0	0	0	0	0	0	0	0	0	0	0	0	0	0	31
29:05:00	104700	0	2	0	30	0	0	0	0	0	0	0	1	0	0	0	0	0	0	0	0	0	0	0	0	0	0	0	0	0	2	0	29
29:10:00	105000	0	0	0	30	0	0	0	0	0	0	0	1	0	0	0	0	0	0	0	0	0	0	0	0	0	0	0	0	0	0	0	29
29:15:00	105300	0	0	0	30	0	0	0	0	0	0	0	1	0	0	0	0	0	0	0	0	0	0	0	0	0	0	0	0	0	0	0	29
29:20:00	105600	0	1	0	29	0	0	0	0	0	0	0	1	0	0	0	0	0	0	0	0	0	0	0	0	0	0	0	0	0	1	0	28
29:25:00	105900	0	0	0	29	0	0	0	0	0	0	0	1	0	0	0	0	0	0	0	0	0	0	0	0	0	0	0	0	0	0	0	28
29:30:00	106200	0	1	0	28	0	0	0	0	0	1	0	0	0	0	0	0	0	0	0	0	0	0	0	0	0	0	0	0	0	0	0	28
29:35:00	106500	0	0	0	28	0	0	0	0	0	0	0	0	0	0	0	0	0	0	0	0	0	0	0	0	0	0	0	0	0	0	0	28
29:40:00	106800	0	0	0	28	0	0	0	0	0	0	0	0	0	0	0	0	0	0	0	0	0	0	0	0	0	0	0	0	0	0	0	28
29:45:00	107100	0	0	0	28	0	0	0	0	0	0	0	0	0	0	0	0	0	0	0	0	0	0	0	0	0	0	0	0	0	0	0	28
29:50:00	107400	0	0	0	28	0	0	0	0	0	0	0	0	0	0	0	0	0	0	0	0	0	0	0	0	0	0	0	0	0	0	0	28
29:55:00	107700	0	0	0	28	0	0	0	0	0	0	0	0	0	0	0	0	0	0	0	0	0	0	0	0	0	0	0	0	0	0	0	28
30:00:00	108000	0	0	28	0	0	0	0	0	0	0	0	0	0	0	0	0	0	0	0	0	0	0	0	0	0	0	0	0	0	0	28	0
30:05:00	108300	0	0	0	0	0	0	0	0	0	0	0	0	0	0	0	0	0	0	0	0	0	0	0	0	0	0	0	0	0	0	0	0
