time	time	departures_all	arrivals_all	stuck_all	en-route_all	departures_access_walk_tw	arrivals_access_walk_tw	stuck_access_walk_tw	en-route_access_walk_tw	departures_bike	arrivals_bike	stuck_bike	en-route_bike	departures_car	arrivals_car	stuck_car	en-route_car	departures_egress_walk_tw	arrivals_egress_walk_tw	stuck_egress_walk_tw	en-route_egress_walk_tw	departures_pt	arrivals_pt	stuck_pt	en-route_pt	departures_twoway_vehicle	arrivals_twoway_vehicle	stuck_twoway_vehicle	en-route_twoway_vehicle	departures_walk	arrivals_walk	stuck_walk	en-route_walk
00:00:00	0	2	0	0	2	0	0	0	0	0	0	0	0	2	0	0	2	0	0	0	0	0	0	0	0	0	0	0	0	0	0	0	0
00:05:00	300	1	0	0	3	0	0	0	0	0	0	0	0	1	0	0	3	0	0	0	0	0	0	0	0	0	0	0	0	0	0	0	0
00:10:00	600	1	2	0	2	0	0	0	0	0	0	0	0	1	2	0	2	0	0	0	0	0	0	0	0	0	0	0	0	0	0	0	0
00:15:00	900	1	1	0	2	0	0	0	0	0	0	0	0	1	1	0	2	0	0	0	0	0	0	0	0	0	0	0	0	0	0	0	0
00:20:00	1200	2	1	0	3	0	0	0	0	0	0	0	0	2	1	0	3	0	0	0	0	0	0	0	0	0	0	0	0	0	0	0	0
00:25:00	1500	0	1	0	2	0	0	0	0	0	0	0	0	0	1	0	2	0	0	0	0	0	0	0	0	0	0	0	0	0	0	0	0
00:30:00	1800	1	1	0	2	0	0	0	0	0	0	0	0	1	1	0	2	0	0	0	0	0	0	0	0	0	0	0	0	0	0	0	0
00:35:00	2100	2	1	0	3	1	0	0	1	0	0	0	0	1	1	0	2	0	0	0	0	0	0	0	0	0	0	0	0	0	0	0	0
00:40:00	2400	1	1	0	3	0	0	0	1	0	0	0	0	0	1	0	1	0	0	0	0	0	0	0	0	0	0	0	0	1	0	0	1
00:45:00	2700	2	1	0	4	0	1	0	0	0	0	0	0	1	0	0	2	0	0	0	0	0	0	0	0	1	0	0	1	0	0	0	1
00:50:00	3000	2	1	0	5	0	0	0	0	1	0	0	1	1	1	0	2	0	0	0	0	0	0	0	0	0	0	0	1	0	0	0	1
00:55:00	3300	1	2	0	4	0	0	0	0	0	0	0	1	1	1	0	2	0	0	0	0	0	0	0	0	0	1	0	0	0	0	0	1
01:00:00	3600	1	2	0	3	0	0	0	0	0	1	0	0	1	1	0	2	0	0	0	0	0	0	0	0	0	0	0	0	0	0	0	1
01:05:00	3900	1	0	0	4	0	0	0	0	0	0	0	0	1	0	0	3	0	0	0	0	0	0	0	0	0	0	0	0	0	0	0	1
01:10:00	4200	0	0	0	4	0	0	0	0	0	0	0	0	0	0	0	3	0	0	0	0	0	0	0	0	0	0	0	0	0	0	0	1
01:15:00	4500	3	4	0	3	1	0	0	1	0	0	0	0	1	3	0	1	0	0	0	0	1	0	0	1	0	0	0	0	0	1	0	0
01:20:00	4800	2	1	0	4	0	1	0	0	0	0	0	0	1	0	0	2	0	0	0	0	0	0	0	1	1	0	0	1	0	0	0	0
01:25:00	5100	0	1	0	3	0	0	0	0	0	0	0	0	0	0	0	2	0	0	0	0	0	0	0	1	0	1	0	0	0	0	0	0
01:30:00	5400	2	0	0	5	0	0	0	0	0	0	0	0	2	0	0	4	0	0	0	0	0	0	0	1	0	0	0	0	0	0	0	0
01:35:00	5700	5	1	0	9	0	0	0	0	0	0	0	0	5	1	0	8	0	0	0	0	0	0	0	1	0	0	0	0	0	0	0	0
01:40:00	6000	0	3	0	6	0	0	0	0	0	0	0	0	0	3	0	5	0	0	0	0	0	0	0	1	0	0	0	0	0	0	0	0
01:45:00	6300	2	1	0	7	1	0	0	1	0	0	0	0	1	0	0	6	0	0	0	0	0	1	0	0	0	0	0	0	0	0	0	0
01:50:00	6600	3	1	0	9	0	0	0	1	0	0	0	0	3	1	0	8	0	0	0	0	0	0	0	0	0	0	0	0	0	0	0	0
01:55:00	6900	1	2	0	8	0	0	0	1	0	0	0	0	1	2	0	7	0	0	0	0	0	0	0	0	0	0	0	0	0	0	0	0
02:00:00	7200	6	4	0	10	0	1	0	0	0	0	0	0	4	3	0	8	0	0	0	0	0	0	0	0	1	0	0	1	1	0	0	1
02:05:00	7500	2	5	0	7	0	0	0	0	1	0	0	1	1	4	0	5	0	0	0	0	0	0	0	0	0	1	0	0	0	0	0	1
02:10:00	7800	2	1	0	8	0	0	0	0	0	0	0	1	1	1	0	5	0	0	0	0	0	0	0	0	0	0	0	0	1	0	0	2
02:15:00	8100	3	2	0	9	0	0	0	0	0	0	0	1	2	2	0	5	0	0	0	0	0	0	0	0	1	0	0	1	0	0	0	2
02:20:00	8400	4	3	0	10	0	0	0	0	1	0	0	2	2	2	0	5	1	0	0	1	0	0	0	0	0	1	0	0	0	0	0	2
02:25:00	8700	5	2	0	13	0	0	0	0	0	0	0	2	5	1	0	9	0	1	0	0	0	0	0	0	0	0	0	0	0	0	0	2
02:30:00	9000	5	3	0	15	1	0	0	1	1	1	0	2	2	2	0	9	0	0	0	0	0	0	0	0	0	0	0	0	1	0	0	3
02:35:00	9300	5	2	0	18	1	0	0	2	0	0	0	2	3	2	0	10	0	0	0	0	1	0	0	1	0	0	0	0	0	0	0	3
02:40:00	9600	10	3	0	25	2	2	0	2	0	0	0	2	6	1	0	15	0	0	0	0	0	0	0	1	2	0	0	2	0	0	0	3
02:45:00	9900	5	9	0	21	0	2	0	0	0	0	0	2	2	3	0	14	0	0	0	0	1	1	0	1	2	2	0	2	0	1	0	2
02:50:00	10200	5	2	0	24	1	0	0	1	0	0	0	2	3	2	0	15	0	0	0	0	1	0	0	2	0	0	0	2	0	0	0	2
02:55:00	10500	3	8	0	19	0	0	0	1	0	0	0	2	3	8	0	10	0	0	0	0	0	0	0	2	0	0	0	2	0	0	0	2
03:00:00	10800	10	5	0	24	1	1	0	1	2	0	0	4	5	3	0	12	0	0	0	0	1	0	0	3	1	1	0	2	0	0	0	2
03:05:00	11100	7	3	0	28	1	0	0	2	0	0	0	4	5	1	0	16	0	0	0	0	1	0	0	4	0	2	0	0	0	0	0	2
03:10:00	11400	5	3	0	30	0	1	0	1	0	0	0	4	3	2	0	17	0	0	0	0	0	0	0	4	1	0	0	1	1	0	0	3
03:15:00	11700	15	11	0	34	1	2	0	0	1	0	0	5	10	8	0	19	0	0	0	0	1	0	0	5	2	0	0	3	0	1	0	2
03:20:00	12000	11	9	0	36	0	0	0	0	2	0	0	7	8	7	0	20	0	0	0	0	1	2	0	4	0	0	0	3	0	0	0	2
03:25:00	12300	10	8	0	38	0	0	0	0	0	0	0	7	5	6	0	19	0	0	0	0	2	0	0	6	0	2	0	1	3	0	0	5
03:30:00	12600	9	4	0	43	1	0	0	1	0	2	0	5	8	2	0	25	0	0	0	0	0	0	0	6	0	0	0	1	0	0	0	5
03:35:00	12900	10	8	0	45	1	0	0	2	0	0	0	5	8	7	0	26	0	0	0	0	0	1	0	5	0	0	0	1	1	0	0	6
03:40:00	13200	17	12	0	50	0	2	0	0	1	0	0	6	14	10	0	30	0	0	0	0	0	0	0	5	2	0	0	3	0	0	0	6
03:45:00	13500	13	7	0	56	0	0	0	0	0	0	0	6	11	7	0	34	0	0	0	0	2	0	0	7	0	0	0	3	0	0	0	6
03:50:00	13800	7	13	0	50	0	0	0	0	0	2	0	4	5	10	0	29	0	0	0	0	1	0	0	8	0	1	0	2	1	0	0	7
03:55:00	14100	15	8	0	57	0	0	0	0	1	0	0	5	11	6	0	34	0	0	0	0	1	0	0	9	0	1	0	1	2	1	0	8
04:00:00	14400	18	10	0	65	0	0	0	0	1	0	0	6	15	10	0	39	0	0	0	0	2	0	0	11	0	0	0	1	0	0	0	8
04:05:00	14700	18	11	0	72	2	1	0	1	0	0	0	6	11	8	0	42	0	0	0	0	1	2	0	10	1	0	0	2	3	0	0	11
04:10:00	15000	15	16	0	71	0	1	0	0	0	0	0	6	10	11	0	41	0	0	0	0	1	3	0	8	1	1	0	2	3	0	0	14
04:15:00	15300	25	14	0	82	0	0	0	0	0	0	0	6	20	12	0	49	0	0	0	0	0	0	0	8	0	1	0	1	5	1	0	18
04:20:00	15600	22	15	0	89	2	0	0	2	1	0	0	7	16	12	0	53	1	0	0	1	0	2	0	6	1	1	0	1	1	0	0	19
04:25:00	15900	19	14	0	94	0	0	0	2	1	0	0	8	16	13	0	56	0	1	0	0	0	0	0	6	0	0	0	1	2	0	0	21
04:30:00	16200	25	21	0	98	1	1	0	2	1	2	0	7	21	16	0	61	0	0	0	0	0	1	0	5	1	0	0	2	1	1	0	21
04:35:00	16500	25	22	0	101	1	2	0	1	0	0	0	7	18	20	0	59	0	0	0	0	2	0	0	7	2	0	0	4	2	0	0	23
04:40:00	16800	21	25	0	97	0	1	0	0	0	1	0	6	19	20	0	58	0	0	0	0	1	0	0	8	1	2	0	3	0	1	0	22
04:45:00	17100	28	20	0	105	0	0	0	0	2	0	0	8	24	19	0	63	0	0	0	0	0	1	0	7	0	0	0	3	2	0	0	24
04:50:00	17400	38	26	0	117	1	0	0	1	3	0	0	11	30	24	0	69	0	0	0	0	2	1	0	8	0	1	0	2	2	0	0	26
04:55:00	17700	25	19	0	123	0	1	0	0	1	1	0	11	21	16	0	74	0	0	0	0	1	1	0	8	1	0	0	3	1	0	0	27
05:00:00	18000	29	30	0	122	0	0	0	0	1	1	0	11	26	26	0	74	0	0	0	0	1	1	0	8	0	1	0	2	1	1	0	27
05:05:00	18300	31	23	0	130	0	0	0	0	1	0	0	12	26	23	0	77	0	0	0	0	2	0	0	10	0	0	0	2	2	0	0	29
05:10:00	18600	33	27	0	136	0	0	0	0	3	1	0	14	27	25	0	79	0	0	0	0	1	0	0	11	0	1	0	1	2	0	0	31
05:15:00	18900	25	23	0	138	0	0	0	0	4	0	0	18	19	23	0	75	0	0	0	0	1	0	0	12	0	0	0	1	1	0	0	32
05:20:00	19200	37	28	0	147	0	0	0	0	1	0	0	19	33	27	0	81	0	0	0	0	3	1	0	14	0	0	0	1	0	0	0	32
05:25:00	19500	38	20	0	165	0	0	0	0	5	1	0	23	29	18	0	92	0	0	0	0	0	0	0	14	0	0	0	1	4	1	0	35
05:30:00	19800	37	40	0	162	0	0	0	0	2	1	0	24	32	34	0	90	0	0	0	0	1	3	0	12	0	1	0	0	2	1	0	36
05:35:00	20100	39	40	0	161	0	0	0	0	2	3	0	23	33	36	0	87	0	0	0	0	3	0	0	15	0	0	0	0	1	1	0	36
05:40:00	20400	33	32	0	162	0	0	0	0	0	3	0	20	29	28	0	88	0	0	0	0	4	1	0	18	0	0	0	0	0	0	0	36
05:45:00	20700	42	29	0	175	0	0	0	0	2	2	0	20	37	23	0	102	0	0	0	0	2	3	0	17	0	0	0	0	1	1	0	36
05:50:00	21000	36	37	0	174	1	1	0	0	6	2	0	24	25	32	0	95	0	0	0	0	3	2	0	18	1	0	0	1	0	0	0	36
05:55:00	21300	39	37	0	176	0	0	0	0	2	2	0	24	32	29	0	98	0	0	0	0	2	4	0	16	0	0	0	1	3	2	0	37
06:00:00	21600	31	42	0	165	0	0	0	0	0	2	0	22	26	39	0	85	0	0	0	0	3	0	0	19	0	1	0	0	2	0	0	39
06:05:00	21900	44	24	0	185	0	0	0	0	2	0	0	24	36	22	0	99	0	0	0	0	3	1	0	21	0	0	0	0	3	1	0	41
06:10:00	22200	38	39	0	184	0	0	0	0	2	1	0	25	32	30	0	101	0	0	0	0	3	4	0	20	0	0	0	0	1	4	0	38
06:15:00	22500	53	47	0	190	0	0	0	0	3	2	0	26	42	42	0	101	0	0	0	0	4	3	0	21	0	0	0	0	4	0	0	42
06:20:00	22800	44	35	0	199	0	0	0	0	5	4	0	27	36	28	0	109	0	0	0	0	1	1	0	21	0	0	0	0	2	2	0	42
06:25:00	23100	54	38	0	215	0	0	0	0	4	0	0	31	44	36	0	117	0	0	0	0	3	1	0	23	0	0	0	0	3	1	0	44
06:30:00	23400	45	50	0	210	0	0	0	0	5	3	0	33	35	43	0	109	0	0	0	0	2	2	0	23	0	0	0	0	3	2	0	45
06:35:00	23700	43	50	0	203	0	0	0	0	2	1	0	34	35	46	0	98	0	0	0	0	4	1	0	26	0	0	0	0	2	2	0	45
06:40:00	24000	56	56	0	203	0	0	0	0	1	5	0	30	46	49	0	95	0	0	0	0	5	2	0	29	0	0	0	0	4	0	0	49
06:45:00	24300	42	46	0	199	0	0	0	0	5	4	0	31	33	36	0	92	0	0	0	0	3	4	0	28	0	0	0	0	1	2	0	48
06:50:00	24600	41	41	0	199	0	0	0	0	3	3	0	31	35	34	0	93	0	0	0	0	1	2	0	27	0	0	0	0	2	2	0	48
06:55:00	24900	60	46	0	213	0	0	0	0	5	4	0	32	49	37	0	105	0	0	0	0	1	4	0	24	0	0	0	0	5	1	0	52
07:00:00	25200	62	54	0	221	0	0	0	0	3	3	0	32	53	50	0	108	0	0	0	0	4	1	0	27	0	0	0	0	2	0	0	54
07:05:00	25500	58	55	0	224	0	0	0	0	5	4	0	33	49	46	0	111	0	0	0	0	2	4	0	25	0	0	0	0	2	1	0	55
07:10:00	25800	74	61	0	237	0	0	0	0	3	3	0	33	65	55	0	121	0	0	0	0	4	3	0	26	0	0	0	0	2	0	0	57
07:15:00	26100	71	63	0	245	0	0	0	0	4	1	0	36	62	56	0	127	0	0	0	0	2	4	0	24	0	0	0	0	3	2	0	58
07:20:00	26400	64	57	0	252	0	0	0	0	3	2	0	37	52	46	0	133	0	0	0	0	1	5	0	20	0	0	0	0	8	4	0	62
07:25:00	26700	65	71	0	246	0	0	0	0	4	6	0	35	57	64	0	126	0	0	0	0	4	0	0	24	0	0	0	0	0	1	0	61
07:30:00	27000	66	60	0	252	0	0	0	0	4	3	0	36	52	53	0	125	0	0	0	0	6	3	0	27	0	0	0	0	4	1	0	64
07:35:00	27300	68	61	0	259	0	0	0	0	1	3	0	34	57	53	0	129	0	0	0	0	5	2	0	30	0	0	0	0	5	3	0	66
07:40:00	27600	68	73	0	254	0	0	0	0	3	4	0	33	61	61	0	129	0	0	0	0	1	6	0	25	1	0	0	1	2	2	0	66
07:45:00	27900	87	70	0	271	0	0	0	0	6	4	0	35	71	63	0	137	0	0	0	0	5	1	0	29	1	0	0	2	4	2	0	68
07:50:00	28200	76	73	0	274	0	0	0	0	6	3	0	38	60	60	0	137	1	0	0	1	4	5	0	28	0	1	0	1	5	4	0	69
07:55:00	28500	69	78	0	265	0	0	0	0	7	8	0	37	56	66	0	127	0	1	0	0	4	2	0	30	1	0	0	2	1	1	0	69
08:00:00	28800	75	74	0	266	0	0	0	0	9	2	0	44	64	67	0	124	2	0	0	2	0	3	0	27	0	2	0	0	0	0	0	69
08:05:00	29100	66	73	0	259	0	0	0	0	8	9	0	43	44	57	0	111	0	2	0	0	7	4	0	30	0	0	0	0	7	1	0	75
08:10:00	29400	75	69	0	265	0	0	0	0	2	7	0	38	62	55	0	118	0	0	0	0	4	5	0	29	0	0	0	0	7	2	0	80
08:15:00	29700	73	75	0	263	0	0	0	0	2	5	0	35	65	66	0	117	0	0	0	0	3	3	0	29	0	0	0	0	3	1	0	82
08:20:00	30000	78	73	0	268	0	0	0	0	2	6	0	31	70	60	0	127	0	0	0	0	0	4	0	25	0	0	0	0	6	3	0	85
08:25:00	30300	88	99	0	257	0	0	0	0	6	0	0	37	77	91	0	113	0	0	0	0	5	3	0	27	0	0	0	0	0	5	0	80
08:30:00	30600	71	69	0	259	0	0	0	0	2	7	0	32	60	55	0	118	0	0	0	0	4	3	0	28	0	0	0	0	5	4	0	81
08:35:00	30900	64	80	0	243	0	0	0	0	3	3	0	32	53	71	0	100	0	0	0	0	2	3	0	27	0	0	0	0	6	3	0	84
08:40:00	31200	100	85	0	258	0	0	0	0	1	6	0	27	84	68	0	116	0	0	0	0	7	7	0	27	0	0	0	0	8	4	0	88
08:45:00	31500	95	80	0	273	0	0	0	0	5	6	0	26	79	68	0	127	0	0	0	0	7	4	0	30	0	0	0	0	4	2	0	90
08:50:00	31800	98	89	0	282	0	0	0	0	4	2	0	28	84	77	0	134	0	0	0	0	6	5	0	31	0	0	0	0	4	5	0	89
08:55:00	32100	108	102	0	288	0	0	0	0	5	7	0	26	92	83	0	143	0	0	0	0	4	9	0	26	0	0	0	0	7	3	0	93
09:00:00	32400	81	95	0	274	0	0	0	0	1	3	0	24	70	82	0	131	0	0	0	0	4	5	0	25	0	0	0	0	6	5	0	94
09:05:00	32700	112	89	0	297	0	0	0	0	3	3	0	24	98	77	0	152	0	0	0	0	6	6	0	25	0	0	0	0	5	3	0	96
09:10:00	33000	108	100	0	305	0	0	0	0	5	3	0	26	89	86	0	155	0	0	0	0	6	5	0	26	0	0	0	0	8	6	0	98
09:15:00	33300	97	103	0	299	0	0	0	0	6	4	0	28	81	91	0	145	0	0	0	0	6	2	0	30	0	0	0	0	4	6	0	96
09:20:00	33600	92	85	0	306	0	0	0	0	4	6	0	26	76	75	0	146	0	0	0	0	5	2	0	33	1	0	0	1	6	2	0	100
09:25:00	33900	108	97	0	317	0	0	0	0	7	2	0	31	93	85	0	154	1	0	0	1	4	7	0	30	0	1	0	0	3	2	0	101
09:30:00	34200	104	104	0	317	0	0	0	0	9	5	0	35	88	89	0	153	0	0	0	1	0	8	0	22	0	0	0	0	7	2	0	106
09:35:00	34500	120	112	0	325	0	0	0	0	9	7	0	37	98	90	0	161	0	0	0	1	7	10	0	19	0	0	0	0	6	5	0	107
09:40:00	34800	121	117	0	329	0	0	0	0	6	8	0	35	105	99	0	167	0	1	0	0	4	3	0	20	0	0	0	0	6	6	0	107
09:45:00	35100	113	110	0	332	0	0	0	0	4	8	0	31	96	96	0	167	0	0	0	0	6	1	0	25	0	0	0	0	7	5	0	109
09:50:00	35400	106	130	0	308	0	0	0	0	2	10	0	23	95	109	0	153	0	0	0	0	1	6	0	20	1	0	0	1	7	5	0	111
09:55:00	35700	127	99	0	336	0	0	0	0	8	4	0	27	99	85	0	167	0	0	0	0	9	4	0	25	0	0	0	1	11	6	0	116
10:00:00	36000	103	100	0	339	1	0	0	1	6	1	0	32	85	89	0	163	0	0	0	0	5	6	0	24	0	0	0	1	6	4	0	118
10:05:00	36300	87	133	0	293	0	1	0	0	2	8	0	26	76	114	0	125	0	0	0	0	2	6	0	20	1	0	0	2	6	4	0	120
10:10:00	36600	123	107	0	309	0	0	0	0	8	13	0	21	104	84	0	145	1	0	0	1	7	3	0	24	0	2	0	0	3	5	0	118
10:15:00	36900	128	99	0	338	0	0	0	0	7	3	0	25	99	83	0	161	2	1	0	2	10	5	0	29	3	2	0	1	7	5	0	120
10:20:00	37200	123	123	0	338	0	0	0	0	5	4	0	26	107	102	0	166	0	2	0	0	2	9	0	22	0	0	0	1	9	6	0	123
10:25:00	37500	132	121	0	349	0	0	0	0	8	8	0	26	113	98	0	181	1	0	0	1	5	6	0	21	1	1	0	1	4	8	0	119
10:30:00	37800	118	134	0	333	0	0	0	0	5	5	0	26	101	113	0	169	0	1	0	0	5	7	0	19	0	0	0	1	7	8	0	118
10:35:00	38100	142	122	0	353	0	0	0	0	6	6	0	26	123	106	0	186	1	0	0	1	8	5	0	22	0	1	0	0	4	4	0	118
10:40:00	38400	128	131	0	350	0	0	0	0	8	9	0	25	110	109	0	187	0	0	0	1	6	6	0	22	0	0	0	0	4	7	0	115
10:45:00	38700	120	116	0	354	0	0	0	0	4	6	0	23	105	98	0	194	0	0	0	1	7	7	0	22	0	0	0	0	4	5	0	114
10:50:00	39000	141	151	0	344	0	0	0	0	5	7	0	21	111	129	0	176	0	1	0	0	15	7	0	30	1	0	0	1	9	7	0	116
10:55:00	39300	124	125	0	343	0	0	0	0	2	5	0	18	109	105	0	180	1	0	0	1	8	4	0	34	0	1	0	0	4	10	0	110
11:00:00	39600	135	129	0	349	0	0	0	0	4	4	0	18	123	109	0	194	0	0	0	1	0	7	0	27	0	0	0	0	8	9	0	109
11:05:00	39900	141	139	0	351	1	0	0	1	5	4	0	19	118	117	0	195	0	0	0	1	7	11	0	23	0	0	0	0	10	7	0	112
11:10:00	40200	150	135	0	366	0	0	0	1	8	6	0	21	132	120	0	207	0	1	0	0	4	5	0	22	0	0	0	0	6	3	0	115
11:15:00	40500	136	141	0	361	0	1	0	0	5	3	0	23	124	124	0	207	0	0	0	0	4	5	0	21	1	0	0	1	2	8	0	109
11:20:00	40800	149	136	0	374	0	0	0	0	5	3	0	25	138	122	0	223	0	0	0	0	4	6	0	19	0	1	0	0	2	4	0	107
11:25:00	41100	128	145	0	357	0	0	0	0	3	7	0	21	110	131	0	202	0	0	0	0	8	3	0	24	0	0	0	0	7	4	0	110
11:30:00	41400	147	143	0	361	0	0	0	0	10	5	0	26	126	127	0	201	0	0	0	0	4	6	0	22	1	0	0	1	6	5	0	111
11:35:00	41700	129	136	0	354	0	0	0	0	7	5	0	28	107	117	0	191	0	0	0	0	10	8	0	24	1	0	0	2	4	6	0	109
11:40:00	42000	130	139	0	345	1	1	0	0	7	14	0	21	110	114	0	187	1	0	0	1	2	3	0	23	2	1	0	3	7	6	0	110
11:45:00	42300	134	128	0	351	0	0	0	0	1	6	0	16	121	109	0	199	0	1	0	0	4	4	0	23	0	0	0	3	8	8	0	110
11:50:00	42600	128	128	0	351	1	0	0	1	4	5	0	15	109	106	0	202	0	0	0	0	4	7	0	20	1	1	0	3	9	9	0	110
11:55:00	42900	139	130	0	360	0	0	0	1	2	2	0	15	121	115	0	208	1	0	0	1	8	5	0	23	1	1	0	3	6	7	0	109
12:00:00	43200	126	147	0	339	0	1	0	0	6	3	0	18	109	126	0	191	0	1	0	0	6	9	0	20	1	0	0	4	4	7	0	106
12:05:00	43500	146	118	0	367	0	0	0	0	8	4	0	22	122	103	0	210	0	0	0	0	6	4	0	22	0	0	0	4	10	7	0	109
12:10:00	43800	137	144	0	360	0	0	0	0	8	5	0	25	112	125	0	197	2	1	0	1	5	8	0	19	0	2	0	2	10	3	0	116
12:15:00	44100	142	129	0	373	0	0	0	0	6	2	0	29	120	119	0	198	0	1	0	0	6	5	0	20	1	0	0	3	9	2	0	123
12:20:00	44400	132	152	0	353	0	0	0	0	4	8	0	25	116	127	0	187	0	0	0	0	8	8	0	20	0	0	0	3	4	9	0	118
12:25:00	44700	159	127	0	385	0	0	0	0	1	4	0	22	146	111	0	222	1	0	0	1	3	4	0	19	0	1	0	2	8	7	0	119
12:30:00	45000	146	153	0	378	0	0	0	0	3	9	0	16	132	132	0	222	0	1	0	0	3	8	0	14	2	0	0	4	6	3	0	122
12:35:00	45300	110	146	0	342	0	0	0	0	3	5	0	14	86	126	0	182	3	0	0	3	5	4	0	15	0	3	0	1	13	8	0	127
12:40:00	45600	139	123	0	358	0	0	0	0	5	3	0	16	121	108	0	195	0	1	0	2	4	3	0	16	0	0	0	1	9	8	0	128
12:45:00	45900	129	134	0	353	1	0	0	1	4	2	0	18	114	122	0	187	0	2	0	0	5	1	0	20	0	0	0	1	5	7	0	126
12:50:00	46200	137	126	0	364	1	1	0	1	5	3	0	20	122	110	0	199	0	0	0	0	3	5	0	18	1	0	0	2	5	7	0	124
12:55:00	46500	123	129	0	358	0	1	0	0	8	3	0	25	100	112	0	187	1	0	0	1	7	6	0	19	1	2	0	1	6	5	0	125
13:00:00	46800	129	120	0	367	0	0	0	0	7	7	0	25	105	103	0	189	0	0	0	1	8	5	0	22	0	1	0	0	9	4	0	130
13:05:00	47100	143	125	0	385	0	0	0	0	8	7	0	26	115	113	0	191	0	0	0	1	4	1	0	25	0	0	0	0	16	4	0	142
13:10:00	47400	127	134	0	378	0	0	0	0	8	8	0	26	105	113	0	183	0	0	0	1	9	7	0	27	0	0	0	0	5	6	0	141
13:15:00	47700	121	136	0	363	0	0	0	0	4	5	0	25	105	120	0	168	0	0	0	1	7	7	0	27	1	0	0	1	4	4	0	141
13:20:00	48000	128	110	0	381	0	0	0	0	4	5	0	24	106	91	0	183	0	1	0	0	8	6	0	29	2	0	0	3	8	7	0	142
13:25:00	48300	139	132	0	388	0	0	0	0	8	4	0	28	116	106	0	193	1	1	0	0	8	8	0	29	0	1	0	2	6	12	0	136
13:30:00	48600	118	132	0	374	0	0	0	0	8	7	0	29	97	105	0	185	1	1	0	0	6	8	0	27	0	1	0	1	6	10	0	132
13:35:00	48900	152	123	0	403	0	0	0	0	4	7	0	26	138	104	0	219	0	0	0	0	7	6	0	28	0	0	0	1	3	6	0	129
13:40:00	49200	132	132	0	403	0	0	0	0	3	3	0	26	118	115	0	222	0	0	0	0	4	4	0	28	0	0	0	1	7	10	0	126
13:45:00	49500	109	147	0	365	0	0	0	0	3	8	0	21	100	123	0	199	0	0	0	0	3	7	0	24	0	0	0	1	3	9	0	120
13:50:00	49800	116	113	0	368	0	0	0	0	5	4	0	22	102	97	0	204	0	0	0	0	3	5	0	22	0	0	0	1	6	7	0	119
13:55:00	50100	125	128	0	365	0	0	0	0	4	4	0	22	111	117	0	198	0	0	0	0	4	3	0	23	0	0	0	1	6	4	0	121
14:00:00	50400	151	138	0	378	0	0	0	0	10	7	0	25	133	118	0	213	0	0	0	0	3	6	0	20	0	0	0	1	5	7	0	119
14:05:00	50700	113	132	0	359	0	0	0	0	2	4	0	23	105	117	0	201	1	0	0	1	4	4	0	20	0	1	0	0	1	6	0	114
14:10:00	51000	129	118	0	370	0	0	0	0	5	7	0	21	107	102	0	206	0	0	0	1	8	4	0	24	0	0	0	0	9	5	0	118
14:15:00	51300	139	139	0	370	1	1	0	0	6	2	0	25	121	125	0	202	0	0	0	1	3	3	0	24	1	0	0	1	7	8	0	117
14:20:00	51600	124	123	0	371	0	0	0	0	8	4	0	29	102	106	0	198	0	0	0	1	7	2	0	29	0	0	0	1	7	11	0	113
14:25:00	51900	122	129	0	364	0	0	0	0	7	9	0	27	104	104	0	198	0	1	0	0	5	7	0	27	0	1	0	0	6	7	0	112
14:30:00	52200	142	130	0	376	0	0	0	0	4	7	0	24	127	107	0	218	0	0	0	0	3	11	0	19	0	0	0	0	8	5	0	115
14:35:00	52500	128	136	0	368	1	0	0	1	4	8	0	20	111	120	0	209	0	0	0	0	4	3	0	20	0	0	0	0	8	5	0	118
14:40:00	52800	113	122	0	359	1	1	0	1	1	2	0	19	101	103	0	207	0	0	0	0	5	7	0	18	1	0	0	1	4	9	0	113
14:45:00	53100	130	122	0	367	0	1	0	0	3	5	0	17	112	107	0	212	0	0	0	0	2	2	0	18	1	1	0	1	12	6	0	119
14:50:00	53400	138	134	0	371	2	0	0	2	3	6	0	14	124	113	0	223	0	0	0	0	8	5	0	21	0	1	0	0	1	9	0	111
14:55:00	53700	135	128	0	378	0	2	0	0	8	0	0	22	113	117	0	219	0	0	0	0	3	2	0	22	3	0	0	3	8	7	0	112
15:00:00	54000	130	135	0	373	0	0	0	0	1	3	0	20	119	113	0	225	0	0	0	0	4	7	0	19	1	2	0	2	5	10	0	107
15:05:00	54300	145	138	0	380	1	0	0	1	5	5	0	20	129	125	0	229	2	0	0	2	4	3	0	20	0	2	0	0	4	3	0	108
15:10:00	54600	147	145	0	382	1	1	0	1	5	4	0	21	125	128	0	226	0	1	0	1	6	3	0	23	1	1	0	0	9	7	0	110
15:15:00	54900	136	153	0	365	0	1	0	0	3	6	0	18	122	132	0	216	0	1	0	0	6	7	0	22	2	1	0	1	3	5	0	108
15:20:00	55200	139	132	0	372	0	0	0	0	6	6	0	18	118	118	0	216	0	0	0	0	7	6	0	23	0	0	0	1	8	2	0	114
15:25:00	55500	157	125	0	404	0	0	0	0	8	1	0	25	134	112	0	238	1	1	0	0	5	4	0	24	0	1	0	0	9	6	0	117
15:30:00	55800	167	134	0	437	1	1	0	0	7	4	0	28	151	124	0	265	0	0	0	0	2	0	0	26	1	1	0	0	5	4	0	118
15:35:00	56100	160	163	0	434	1	0	0	1	5	5	0	28	142	146	0	261	0	0	0	0	5	7	0	24	0	0	0	0	7	5	0	120
15:40:00	56400	159	152	0	441	0	1	0	0	12	4	0	36	137	139	0	259	0	0	0	0	6	2	0	28	1	1	0	0	3	5	0	118
15:45:00	56700	160	155	0	446	1	0	0	1	8	7	0	37	135	134	0	260	0	0	0	0	9	7	0	30	0	0	0	0	7	7	0	118
15:50:00	57000	155	151	0	450	0	1	0	0	8	5	0	40	136	136	0	260	0	0	0	0	7	4	0	33	1	0	0	1	3	5	0	116
15:55:00	57300	155	150	0	455	0	0	0	0	5	10	0	35	140	131	0	269	0	0	0	0	6	5	0	34	0	1	0	0	4	3	0	117
16:00:00	57600	163	159	0	459	0	0	0	0	12	6	0	41	139	139	0	269	1	0	0	1	4	8	0	30	2	1	0	1	5	5	0	117
16:05:00	57900	160	177	0	442	1	1	0	0	8	6	0	43	142	147	0	264	1	1	0	1	4	12	0	22	1	1	0	1	3	9	0	111
16:10:00	58200	147	137	0	452	0	0	0	0	7	10	0	40	123	119	0	268	0	1	0	0	10	3	0	29	0	0	0	1	7	4	0	114
16:15:00	58500	171	172	0	451	0	0	0	0	9	8	0	41	146	147	0	267	1	0	0	1	6	4	0	31	1	2	0	0	8	11	0	111
16:20:00	58800	159	165	0	445	1	0	0	1	5	9	0	37	138	143	0	262	0	1	0	0	8	8	0	31	0	0	0	0	7	4	0	114
16:25:00	59100	172	170	0	447	1	0	0	2	6	8	0	35	155	148	0	269	0	0	0	0	2	6	0	27	0	0	0	0	8	8	0	114
16:30:00	59400	179	154	0	472	0	1	0	1	7	8	0	34	157	132	0	294	1	0	0	1	5	5	0	27	2	1	0	1	7	7	0	114
16:35:00	59700	174	188	0	458	3	1	0	3	8	8	0	34	145	172	0	267	0	1	0	0	6	2	0	31	1	2	0	0	11	2	0	123
16:40:00	60000	180	153	0	485	0	2	0	1	6	9	0	31	155	131	0	291	1	1	0	0	7	2	0	36	4	1	0	3	7	7	0	123
16:45:00	60300	170	166	0	489	1	2	0	0	9	4	0	36	142	148	0	285	1	0	0	1	8	4	0	40	2	3	0	2	7	5	0	125
16:50:00	60600	152	158	0	483	3	0	0	3	8	7	0	37	129	138	0	276	1	2	0	0	3	5	0	38	1	2	0	1	7	4	0	128
16:55:00	60900	189	175	0	497	1	2	0	2	9	8	0	38	152	150	0	278	1	1	0	0	13	7	0	44	2	2	0	1	11	5	0	134
17:00:00	61200	167	173	0	491	0	2	0	0	4	4	0	38	149	150	0	277	0	0	0	0	7	8	0	43	2	0	0	3	5	9	0	130
17:05:00	61500	162	175	0	478	1	0	0	1	7	5	0	40	142	155	0	264	0	0	0	0	7	5	0	45	0	2	0	1	5	8	0	127
17:10:00	61800	164	165	0	477	0	1	0	0	5	11	0	34	141	135	0	270	1	0	0	1	10	11	0	44	2	2	0	1	5	5	0	127
17:15:00	62100	144	166	0	455	0	0	0	0	6	6	0	34	132	146	0	256	0	0	0	1	3	11	0	36	0	0	0	1	3	3	0	127
17:20:00	62400	173	154	0	474	1	0	0	1	2	3	0	33	159	138	0	277	0	0	0	1	4	7	0	33	0	1	0	0	7	5	0	129
17:25:00	62700	174	177	0	471	0	1	0	0	3	5	0	31	155	154	0	278	0	1	0	0	6	11	0	28	1	0	0	1	9	5	0	133
17:30:00	63000	168	158	0	481	1	0	0	1	10	5	0	36	140	138	0	280	0	0	0	0	7	5	0	30	0	1	0	0	10	9	0	134
17:35:00	63300	182	164	0	499	0	1	0	0	11	4	0	43	158	147	0	291	0	0	0	0	7	4	0	33	2	1	0	1	4	7	0	131
17:40:00	63600	159	172	0	486	0	0	0	0	6	8	0	41	135	148	0	278	1	0	0	1	8	6	0	35	0	1	0	0	9	9	0	131
17:45:00	63900	172	168	0	490	1	0	0	1	10	6	0	45	149	152	0	275	0	1	0	0	4	4	0	35	0	0	0	0	8	5	0	134
17:50:00	64200	144	150	0	484	0	1	0	0	4	7	0	42	126	129	0	272	0	0	0	0	5	7	0	33	2	0	0	2	7	6	0	135
17:55:00	64500	154	144	0	494	2	1	0	1	4	8	0	38	139	131	0	280	0	0	0	0	4	2	0	35	1	1	0	2	4	1	0	138
18:00:00	64800	179	192	0	481	2	1	0	2	10	5	0	43	149	172	0	257	1	1	0	0	4	8	0	31	1	2	0	1	12	3	0	147
18:05:00	65100	136	146	0	471	0	2	0	0	13	10	0	46	108	122	0	243	0	0	0	0	7	8	0	30	2	1	0	2	6	3	0	150
18:10:00	65400	154	154	0	471	3	1	0	2	13	5	0	54	123	134	0	232	0	0	0	0	7	5	0	32	1	2	0	1	7	7	0	150
18:15:00	65700	143	153	0	461	0	2	0	0	5	6	0	53	122	129	0	225	1	1	0	0	7	8	0	31	3	1	0	3	5	6	0	149
18:20:00	66000	153	154	0	460	0	0	0	0	8	13	0	48	131	128	0	228	3	2	0	1	3	4	0	30	1	4	0	0	7	3	0	153
18:25:00	66300	124	138	0	446	0	0	0	0	7	9	0	46	104	115	0	217	0	1	0	0	6	4	0	32	1	0	0	1	6	9	0	150
18:30:00	66600	130	147	0	429	0	0	0	0	5	5	0	46	115	127	0	205	0	0	0	0	6	6	0	32	0	0	0	1	4	9	0	145
18:35:00	66900	132	150	0	411	0	0	0	0	5	7	0	44	114	126	0	193	1	1	0	0	6	5	0	33	1	1	0	1	5	10	0	140
18:40:00	67200	120	117	0	414	1	0	0	1	5	8	0	41	110	99	0	204	0	0	0	0	3	5	0	31	0	0	0	1	1	5	0	136
18:45:00	67500	117	154	0	377	0	1	0	0	5	9	0	37	100	132	0	172	1	1	0	0	3	3	0	31	2	1	0	2	6	7	0	135
18:50:00	67800	117	127	0	367	1	1	0	0	2	7	0	32	101	104	0	169	0	0	0	0	7	6	0	32	1	2	0	1	5	7	0	133
18:55:00	68100	104	124	0	347	0	0	0	0	4	5	0	31	86	101	0	154	1	0	0	1	6	10	0	28	1	1	0	1	6	7	0	132
19:00:00	68400	123	122	0	348	1	1	0	0	5	4	0	32	100	95	0	159	1	2	0	0	7	5	0	30	3	1	0	3	6	14	0	124
19:05:00	68700	130	123	0	355	0	0	0	0	6	5	0	33	105	103	0	161	2	0	0	2	9	6	0	33	1	3	0	1	7	6	0	125
19:10:00	69000	110	112	0	353	1	0	0	1	7	6	0	34	92	90	0	163	1	2	0	1	4	5	0	32	0	1	0	0	5	8	0	122
19:15:00	69300	121	129	0	345	0	1	0	0	4	8	0	30	98	99	0	162	1	2	0	0	9	8	0	33	2	1	0	1	7	10	0	119
19:20:00	69600	108	119	0	334	0	0	0	0	5	9	0	26	97	96	0	163	0	0	0	0	3	7	0	29	0	0	0	1	3	7	0	115
19:25:00	69900	103	119	0	318	2	2	0	0	2	2	0	26	88	102	0	149	0	0	0	0	3	9	0	23	2	1	0	2	6	3	0	118
19:30:00	70200	92	107	0	303	0	0	0	0	2	1	0	27	76	98	0	127	0	0	0	0	9	2	0	30	0	0	0	2	5	6	0	117
19:35:00	70500	104	91	0	316	2	0	0	2	11	9	0	29	78	73	0	132	1	1	0	0	4	3	0	31	1	2	0	1	7	3	0	121
19:40:00	70800	117	102	0	331	1	2	0	1	5	4	0	30	93	74	0	151	1	0	0	1	8	8	0	31	2	1	0	2	7	13	0	115
19:45:00	71100	90	101	0	320	1	0	0	2	6	2	0	34	80	88	0	143	1	2	0	0	0	4	0	27	0	2	0	0	2	3	0	114
19:50:00	71400	94	101	0	313	2	4	0	0	4	7	0	31	74	83	0	134	0	0	0	0	2	3	0	26	4	0	0	4	8	4	0	118
19:55:00	71700	111	109	0	315	0	0	0	0	5	8	0	28	91	85	0	140	1	1	0	0	6	8	0	24	0	3	0	1	8	4	0	122
20:00:00	72000	95	87	0	323	0	0	0	0	3	3	0	28	90	72	0	158	0	0	0	0	2	6	0	20	0	0	0	1	0	6	0	116
20:05:00	72300	99	109	0	313	0	0	0	0	1	3	0	26	89	96	0	151	0	0	0	0	3	4	0	19	1	1	0	1	5	5	0	116
20:10:00	72600	90	104	0	299	1	0	0	1	3	7	0	22	79	91	0	139	1	0	0	1	1	1	0	19	0	1	0	0	5	4	0	117
20:15:00	72900	86	103	0	282	1	1	0	1	3	3	0	22	73	90	0	122	0	1	0	0	3	4	0	18	2	0	0	2	4	4	0	117
20:20:00	73200	77	83	0	276	1	1	0	1	5	3	0	24	68	70	0	120	1	1	0	0	1	3	0	16	1	2	0	1	0	3	0	114
20:25:00	73500	87	83	0	280	1	0	0	2	3	6	0	21	73	71	0	122	0	0	0	0	4	2	0	18	1	1	0	1	5	3	0	116
20:30:00	73800	69	93	0	256	2	2	0	2	6	6	0	21	54	75	0	101	0	0	0	0	2	5	0	15	2	0	0	3	3	5	0	114
20:35:00	74100	64	78	0	242	1	1	0	2	2	5	0	18	50	65	0	86	1	0	0	1	4	2	0	17	2	1	0	4	4	4	0	114
20:40:00	74400	67	75	0	234	0	0	0	2	3	5	0	16	58	54	0	90	2	3	0	0	2	4	0	15	0	4	0	0	2	5	0	111
20:45:00	74700	67	65	0	236	1	1	0	2	6	4	0	18	53	56	0	87	0	0	0	0	4	2	0	17	1	0	0	1	2	2	0	111
20:50:00	75000	83	77	0	242	0	0	0	2	0	3	0	15	74	62	0	99	0	0	0	0	4	4	0	17	0	1	0	0	5	7	0	109
20:55:00	75300	65	73	0	234	0	0	0	2	4	1	0	18	60	65	0	94	0	0	0	0	0	5	0	12	0	0	0	0	1	2	0	108
21:00:00	75600	61	66	0	229	0	0	0	2	1	6	0	13	53	53	0	94	0	0	0	0	2	3	0	11	0	0	0	0	5	4	0	109
21:05:00	75900	50	56	0	223	1	0	0	3	4	2	0	15	42	48	0	88	0	0	0	0	2	2	0	11	0	0	0	0	1	4	0	106
21:10:00	76200	50	60	0	213	0	0	0	3	2	3	0	14	43	50	0	81	0	0	0	0	3	3	0	11	0	0	0	0	2	4	0	104
21:15:00	76500	61	62	0	212	1	0	0	4	8	0	0	22	47	52	0	76	0	0	0	0	3	4	0	10	0	0	0	0	2	6	0	100
21:20:00	76800	63	77	0	198	2	5	0	1	4	7	0	19	40	45	0	71	1	0	0	1	1	2	0	9	8	3	0	5	7	15	0	92
21:25:00	77100	56	49	0	205	1	0	0	2	1	3	0	17	47	38	0	80	1	2	0	0	2	1	0	10	0	3	0	2	4	2	0	94
21:30:00	77400	68	59	0	214	0	0	0	2	1	6	0	12	57	44	0	93	2	2	0	0	4	2	0	12	1	2	0	1	3	3	0	94
21:35:00	77700	63	69	0	208	0	1	0	1	1	2	0	11	56	54	0	95	2	1	0	1	0	2	0	10	1	2	0	0	3	7	0	90
21:40:00	78000	47	65	0	190	2	2	0	1	2	3	0	10	39	53	0	81	0	1	0	0	2	3	0	9	2	0	0	2	0	3	0	87
21:45:00	78300	53	50	0	193	1	0	0	2	2	0	0	12	47	45	0	83	0	0	0	0	1	0	0	10	0	1	0	1	2	4	0	85
21:50:00	78600	65	55	0	203	0	2	0	0	0	1	0	11	58	48	0	93	0	0	0	0	2	1	0	11	2	0	0	3	3	3	0	85
21:55:00	78900	102	63	0	242	6	2	0	4	3	3	0	11	85	45	0	133	0	0	0	0	0	2	0	9	2	3	0	2	6	8	0	83
22:00:00	79200	110	54	0	298	3	4	0	3	2	1	0	12	97	42	0	188	1	1	0	0	2	0	0	11	4	3	0	3	1	3	0	81
22:05:00	79500	72	142	0	228	1	1	0	3	2	0	0	14	65	134	0	119	0	0	0	0	1	2	0	10	2	2	0	3	1	3	0	79
22:10:00	79800	34	108	0	154	0	1	0	2	1	1	0	14	26	94	0	51	3	3	0	0	0	1	0	9	2	3	0	2	2	5	0	76
22:15:00	80100	51	44	0	161	0	1	0	1	1	3	0	12	43	33	0	61	2	2	0	0	3	1	0	11	1	2	0	1	1	2	0	75
22:20:00	80400	33	51	0	143	0	0	0	1	2	4	0	10	29	41	0	49	1	1	0	0	1	1	0	11	0	1	0	0	0	3	0	72
22:25:00	80700	34	31	0	146	0	0	0	1	0	0	0	10	33	28	0	54	0	0	0	0	1	1	0	11	0	0	0	0	0	2	0	70
22:30:00	81000	23	35	0	134	1	1	0	1	3	5	0	8	17	24	0	47	0	0	0	0	1	2	0	10	1	0	0	1	0	3	0	67
22:35:00	81300	25	36	0	123	1	0	0	2	0	0	0	8	19	29	0	37	0	0	0	0	1	3	0	8	3	1	0	3	1	3	0	65
22:40:00	81600	28	29	0	122	0	2	0	0	1	3	0	6	22	20	0	39	2	1	0	1	1	1	0	8	2	2	0	3	0	0	0	65
22:45:00	81900	21	32	0	111	0	0	0	0	3	1	0	8	16	24	0	31	2	3	0	0	0	0	0	8	0	2	0	1	0	2	0	63
22:50:00	82200	22	27	0	106	0	0	0	0	2	5	0	5	16	14	0	33	1	1	0	0	1	2	0	7	0	1	0	0	2	4	0	61
22:55:00	82500	16	21	0	101	0	0	0	0	1	1	0	5	14	17	0	30	0	0	0	0	1	1	0	7	0	0	0	0	0	2	0	59
23:00:00	82800	21	24	0	98	0	0	0	0	1	0	0	6	18	20	0	28	0	0	0	0	1	1	0	7	0	0	0	0	1	3	0	57
23:05:00	83100	19	18	0	99	1	0	0	1	1	1	0	6	16	15	0	29	0	0	0	0	0	0	0	7	0	0	0	0	1	2	0	56
23:10:00	83400	22	18	0	103	0	1	0	0	0	0	0	6	19	13	0	35	0	0	0	0	2	0	0	9	1	0	0	1	0	4	0	52
23:15:00	83700	17	27	0	93	1	0	0	1	1	2	0	5	13	22	0	26	0	0	0	0	1	0	0	10	0	1	0	0	1	2	0	51
23:20:00	84000	13	16	0	90	0	0	0	1	2	0	0	7	10	16	0	20	0	0	0	0	0	0	0	10	0	0	0	0	1	0	0	52
23:25:00	84300	9	15	0	84	0	0	0	1	1	1	0	7	7	11	0	16	0	0	0	0	0	1	0	9	0	0	0	0	1	2	0	51
23:30:00	84600	14	12	0	86	0	0	0	1	0	3	0	4	12	8	0	20	0	0	0	0	1	1	0	9	0	0	0	0	1	0	0	52
23:35:00	84900	7	14	0	79	0	0	0	1	0	0	0	4	5	12	0	13	0	0	0	0	0	1	0	8	0	0	0	0	2	1	0	53
23:40:00	85200	20	17	0	82	1	1	0	1	1	0	0	5	14	7	0	20	0	0	0	0	0	2	0	6	1	0	0	1	3	7	0	49
23:45:00	85500	8	12	0	78	0	1	0	0	1	0	0	6	4	8	0	16	1	1	0	0	0	0	0	6	1	1	0	1	1	1	0	49
23:50:00	85800	9	11	0	76	0	0	0	0	1	0	0	7	7	8	0	15	0	0	0	0	1	2	0	5	0	0	0	1	0	1	0	48
23:55:00	86100	7	11	0	72	1	0	0	1	0	0	0	7	4	8	0	11	0	0	0	0	0	0	0	5	1	1	0	1	1	2	0	47
24:00:00	86400	8	8	0	72	0	1	0	0	0	0	0	7	6	4	0	13	1	1	0	0	0	0	0	5	1	1	0	1	0	1	0	46
24:05:00	86700	6	10	0	68	0	0	0	0	0	2	0	5	6	8	0	11	0	0	0	0	0	0	0	5	0	0	0	1	0	0	0	46
24:10:00	87000	9	11	0	66	0	0	0	0	0	1	0	4	7	8	0	10	1	1	0	0	1	0	0	6	0	1	0	0	0	0	0	46
24:15:00	87300	7	9	0	64	0	0	0	0	0	1	0	3	4	6	0	8	0	0	0	0	1	2	0	5	0	0	0	0	2	0	0	48
24:20:00	87600	11	7	0	68	0	0	0	0	0	1	0	2	6	3	0	11	0	0	0	0	1	0	0	6	0	0	0	0	4	3	0	49
24:25:00	87900	6	9	0	65	0	0	0	0	0	1	0	1	4	7	0	8	0	0	0	0	1	0	0	7	0	0	0	0	1	1	0	49
24:30:00	88200	8	9	0	64	0	0	0	0	0	0	0	1	6	4	0	10	0	0	0	0	1	2	0	6	0	0	0	0	1	3	0	47
24:35:00	88500	5	3	0	66	0	0	0	0	0	0	0	1	5	3	0	12	0	0	0	0	0	0	0	6	0	0	0	0	0	0	0	47
24:40:00	88800	5	8	0	63	0	0	0	0	1	0	0	2	2	5	0	9	0	0	0	0	0	0	0	6	0	0	0	0	2	3	0	46
24:45:00	89100	2	6	0	59	0	0	0	0	0	0	0	2	2	5	0	6	0	0	0	0	0	0	0	6	0	0	0	0	0	1	0	45
24:50:00	89400	4	5	0	58	0	0	0	0	0	0	0	2	3	2	0	7	0	0	0	0	0	0	0	6	0	0	0	0	1	3	0	43
24:55:00	89700	3	4	0	57	0	0	0	0	1	1	0	2	2	3	0	6	0	0	0	0	0	0	0	6	0	0	0	0	0	0	0	43
25:00:00	90000	2	7	0	52	0	0	0	0	1	1	0	2	0	2	0	4	0	0	0	0	0	1	0	5	0	0	0	0	1	3	0	41
25:05:00	90300	2	7	0	47	0	0	0	0	0	0	0	2	2	4	0	2	0	0	0	0	0	1	0	4	0	0	0	0	0	2	0	39
25:10:00	90600	1	4	0	44	0	0	0	0	0	2	0	0	1	1	0	2	0	0	0	0	0	0	0	4	0	0	0	0	0	1	0	38
25:15:00	90900	2	3	0	43	0	0	0	0	0	0	0	0	1	0	0	3	0	0	0	0	0	0	0	4	0	0	0	0	1	3	0	36
25:20:00	91200	1	2	0	42	0	0	0	0	0	0	0	0	1	1	0	3	0	0	0	0	0	1	0	3	0	0	0	0	0	0	0	36
25:25:00	91500	2	2	0	42	0	0	0	0	0	0	0	0	1	1	0	3	0	0	0	0	0	0	0	3	0	0	0	0	1	1	0	36
25:30:00	91800	0	3	0	39	0	0	0	0	0	0	0	0	0	2	0	1	0	0	0	0	0	0	0	3	0	0	0	0	0	1	0	35
25:35:00	92100	2	0	0	41	0	0	0	0	0	0	0	0	0	0	0	1	0	0	0	0	1	0	0	4	0	0	0	0	1	0	0	36
25:40:00	92400	2	4	0	39	0	0	0	0	0	0	0	0	1	1	0	1	0	0	0	0	0	1	0	3	0	0	0	0	1	2	0	35
25:45:00	92700	0	3	0	36	0	0	0	0	0	0	0	0	0	1	0	0	0	0	0	0	0	0	0	3	0	0	0	0	0	2	0	33
25:50:00	93000	1	0	0	37	0	0	0	0	0	0	0	0	1	0	0	1	0	0	0	0	0	0	0	3	0	0	0	0	0	0	0	33
25:55:00	93300	0	1	0	36	0	0	0	0	0	0	0	0	0	1	0	0	0	0	0	0	0	0	0	3	0	0	0	0	0	0	0	33
26:00:00	93600	0	1	0	35	0	0	0	0	0	0	0	0	0	0	0	0	0	0	0	0	0	0	0	3	0	0	0	0	0	1	0	32
26:05:00	93900	2	2	0	35	0	0	0	0	0	0	0	0	2	1	0	1	0	0	0	0	0	0	0	3	0	0	0	0	0	1	0	31
26:10:00	94200	1	1	0	35	0	0	0	0	0	0	0	0	1	1	0	1	0	0	0	0	0	0	0	3	0	0	0	0	0	0	0	31
26:15:00	94500	0	0	0	35	0	0	0	0	0	0	0	0	0	0	0	1	0	0	0	0	0	0	0	3	0	0	0	0	0	0	0	31
26:20:00	94800	1	3	0	33	0	0	0	0	0	0	0	0	0	1	0	0	0	0	0	0	0	1	0	2	0	0	0	0	1	1	0	31
26:25:00	95100	2	1	0	34	0	0	0	0	0	0	0	0	1	0	0	1	0	0	0	0	0	0	0	2	0	0	0	0	1	1	0	31
26:30:00	95400	0	1	0	33	0	0	0	0	0	0	0	0	0	0	0	1	0	0	0	0	0	0	0	2	0	0	0	0	0	1	0	30
26:35:00	95700	0	0	0	33	0	0	0	0	0	0	0	0	0	0	0	1	0	0	0	0	0	0	0	2	0	0	0	0	0	0	0	30
26:40:00	96000	2	1	0	34	0	0	0	0	0	0	0	0	2	1	0	2	0	0	0	0	0	0	0	2	0	0	0	0	0	0	0	30
26:45:00	96300	0	0	0	34	0	0	0	0	0	0	0	0	0	0	0	2	0	0	0	0	0	0	0	2	0	0	0	0	0	0	0	30
26:50:00	96600	0	4	0	30	0	0	0	0	0	0	0	0	0	2	0	0	0	0	0	0	0	1	0	1	0	0	0	0	0	1	0	29
26:55:00	96900	0	1	0	29	0	0	0	0	0	0	0	0	0	0	0	0	0	0	0	0	0	0	0	1	0	0	0	0	0	1	0	28
27:00:00	97200	0	0	0	29	0	0	0	0	0	0	0	0	0	0	0	0	0	0	0	0	0	0	0	1	0	0	0	0	0	0	0	28
27:05:00	97500	0	1	0	28	0	0	0	0	0	0	0	0	0	0	0	0	0	0	0	0	0	0	0	1	0	0	0	0	0	1	0	27
27:10:00	97800	0	0	0	28	0	0	0	0	0	0	0	0	0	0	0	0	0	0	0	0	0	0	0	1	0	0	0	0	0	0	0	27
27:15:00	98100	0	0	0	28	0	0	0	0	0	0	0	0	0	0	0	0	0	0	0	0	0	0	0	1	0	0	0	0	0	0	0	27
27:20:00	98400	0	0	0	28	0	0	0	0	0	0	0	0	0	0	0	0	0	0	0	0	0	0	0	1	0	0	0	0	0	0	0	27
27:25:00	98700	0	0	0	28	0	0	0	0	0	0	0	0	0	0	0	0	0	0	0	0	0	0	0	1	0	0	0	0	0	0	0	27
27:30:00	99000	0	0	0	28	0	0	0	0	0	0	0	0	0	0	0	0	0	0	0	0	0	0	0	1	0	0	0	0	0	0	0	27
27:35:00	99300	0	0	0	28	0	0	0	0	0	0	0	0	0	0	0	0	0	0	0	0	0	0	0	1	0	0	0	0	0	0	0	27
27:40:00	99600	0	0	0	28	0	0	0	0	0	0	0	0	0	0	0	0	0	0	0	0	0	0	0	1	0	0	0	0	0	0	0	27
27:45:00	99900	0	0	0	28	0	0	0	0	0	0	0	0	0	0	0	0	0	0	0	0	0	0	0	1	0	0	0	0	0	0	0	27
27:50:00	100200	0	1	0	27	0	0	0	0	0	0	0	0	0	0	0	0	0	0	0	0	0	0	0	1	0	0	0	0	0	1	0	26
27:55:00	100500	0	0	0	27	0	0	0	0	0	0	0	0	0	0	0	0	0	0	0	0	0	0	0	1	0	0	0	0	0	0	0	26
28:00:00	100800	0	1	0	26	0	0	0	0	0	0	0	0	0	0	0	0	0	0	0	0	0	0	0	1	0	0	0	0	0	1	0	25
28:05:00	101100	0	0	0	26	0	0	0	0	0	0	0	0	0	0	0	0	0	0	0	0	0	0	0	1	0	0	0	0	0	0	0	25
28:10:00	101400	0	1	0	25	0	0	0	0	0	0	0	0	0	0	0	0	0	0	0	0	0	1	0	0	0	0	0	0	0	0	0	25
28:15:00	101700	0	0	0	25	0	0	0	0	0	0	0	0	0	0	0	0	0	0	0	0	0	0	0	0	0	0	0	0	0	0	0	25
28:20:00	102000	0	0	0	25	0	0	0	0	0	0	0	0	0	0	0	0	0	0	0	0	0	0	0	0	0	0	0	0	0	0	0	25
28:25:00	102300	0	0	0	25	0	0	0	0	0	0	0	0	0	0	0	0	0	0	0	0	0	0	0	0	0	0	0	0	0	0	0	25
28:30:00	102600	0	0	0	25	0	0	0	0	0	0	0	0	0	0	0	0	0	0	0	0	0	0	0	0	0	0	0	0	0	0	0	25
28:35:00	102900	0	0	0	25	0	0	0	0	0	0	0	0	0	0	0	0	0	0	0	0	0	0	0	0	0	0	0	0	0	0	0	25
28:40:00	103200	0	1	0	24	0	0	0	0	0	0	0	0	0	0	0	0	0	0	0	0	0	0	0	0	0	0	0	0	0	1	0	24
28:45:00	103500	0	0	0	24	0	0	0	0	0	0	0	0	0	0	0	0	0	0	0	0	0	0	0	0	0	0	0	0	0	0	0	24
28:50:00	103800	0	0	0	24	0	0	0	0	0	0	0	0	0	0	0	0	0	0	0	0	0	0	0	0	0	0	0	0	0	0	0	24
28:55:00	104100	0	1	0	23	0	0	0	0	0	0	0	0	0	0	0	0	0	0	0	0	0	0	0	0	0	0	0	0	0	1	0	23
29:00:00	104400	0	0	0	23	0	0	0	0	0	0	0	0	0	0	0	0	0	0	0	0	0	0	0	0	0	0	0	0	0	0	0	23
29:05:00	104700	0	0	0	23	0	0	0	0	0	0	0	0	0	0	0	0	0	0	0	0	0	0	0	0	0	0	0	0	0	0	0	23
29:10:00	105000	0	0	0	23	0	0	0	0	0	0	0	0	0	0	0	0	0	0	0	0	0	0	0	0	0	0	0	0	0	0	0	23
29:15:00	105300	0	0	0	23	0	0	0	0	0	0	0	0	0	0	0	0	0	0	0	0	0	0	0	0	0	0	0	0	0	0	0	23
29:20:00	105600	0	0	0	23	0	0	0	0	0	0	0	0	0	0	0	0	0	0	0	0	0	0	0	0	0	0	0	0	0	0	0	23
29:25:00	105900	0	0	0	23	0	0	0	0	0	0	0	0	0	0	0	0	0	0	0	0	0	0	0	0	0	0	0	0	0	0	0	23
29:30:00	106200	0	1	0	22	0	0	0	0	0	0	0	0	0	0	0	0	0	0	0	0	0	0	0	0	0	0	0	0	0	1	0	22
29:35:00	106500	0	0	0	22	0	0	0	0	0	0	0	0	0	0	0	0	0	0	0	0	0	0	0	0	0	0	0	0	0	0	0	22
29:40:00	106800	0	0	0	22	0	0	0	0	0	0	0	0	0	0	0	0	0	0	0	0	0	0	0	0	0	0	0	0	0	0	0	22
29:45:00	107100	0	0	0	22	0	0	0	0	0	0	0	0	0	0	0	0	0	0	0	0	0	0	0	0	0	0	0	0	0	0	0	22
29:50:00	107400	0	1	0	21	0	0	0	0	0	0	0	0	0	0	0	0	0	0	0	0	0	0	0	0	0	0	0	0	0	1	0	21
29:55:00	107700	0	0	0	21	0	0	0	0	0	0	0	0	0	0	0	0	0	0	0	0	0	0	0	0	0	0	0	0	0	0	0	21
30:00:00	108000	0	0	21	0	0	0	0	0	0	0	0	0	0	0	0	0	0	0	0	0	0	0	0	0	0	0	0	0	0	0	21	0
30:05:00	108300	0	0	0	0	0	0	0	0	0	0	0	0	0	0	0	0	0	0	0	0	0	0	0	0	0	0	0	0	0	0	0	0
