time	time	departures_all	arrivals_all	stuck_all	en-route_all	departures_access_walk_tw	arrivals_access_walk_tw	stuck_access_walk_tw	en-route_access_walk_tw	departures_bike	arrivals_bike	stuck_bike	en-route_bike	departures_car	arrivals_car	stuck_car	en-route_car	departures_egress_walk_tw	arrivals_egress_walk_tw	stuck_egress_walk_tw	en-route_egress_walk_tw	departures_pt	arrivals_pt	stuck_pt	en-route_pt	departures_twoway_vehicle	arrivals_twoway_vehicle	stuck_twoway_vehicle	en-route_twoway_vehicle	departures_walk	arrivals_walk	stuck_walk	en-route_walk
00:00:00	0	6	1	0	5	2	1	0	1	1	0	0	1	2	0	0	2	0	0	0	0	0	0	0	0	1	0	0	1	0	0	0	0
00:05:00	300	1	2	0	4	0	1	0	0	0	0	0	1	0	1	0	1	0	0	0	0	0	0	0	0	1	0	0	2	0	0	0	0
00:10:00	600	1	0	0	5	0	0	0	0	0	0	0	1	1	0	0	2	0	0	0	0	0	0	0	0	0	0	0	2	0	0	0	0
00:15:00	900	0	2	0	3	0	0	0	0	0	0	0	1	0	0	0	2	0	0	0	0	0	0	0	0	0	2	0	0	0	0	0	0
00:20:00	1200	1	2	0	2	0	0	0	0	0	0	0	1	1	2	0	1	0	0	0	0	0	0	0	0	0	0	0	0	0	0	0	0
00:25:00	1500	2	0	0	4	0	0	0	0	0	0	0	1	2	0	0	3	0	0	0	0	0	0	0	0	0	0	0	0	0	0	0	0
00:30:00	1800	1	3	0	2	0	0	0	0	0	1	0	0	1	2	0	2	0	0	0	0	0	0	0	0	0	0	0	0	0	0	0	0
00:35:00	2100	0	2	0	0	0	0	0	0	0	0	0	0	0	2	0	0	0	0	0	0	0	0	0	0	0	0	0	0	0	0	0	0
00:40:00	2400	1	0	0	1	0	0	0	0	0	0	0	0	1	0	0	1	0	0	0	0	0	0	0	0	0	0	0	0	0	0	0	0
00:45:00	2700	0	0	0	1	0	0	0	0	0	0	0	0	0	0	0	1	0	0	0	0	0	0	0	0	0	0	0	0	0	0	0	0
00:50:00	3000	1	1	0	1	0	0	0	0	0	0	0	0	1	1	0	1	0	0	0	0	0	0	0	0	0	0	0	0	0	0	0	0
00:55:00	3300	2	0	0	3	0	0	0	0	0	0	0	0	1	0	0	2	0	0	0	0	0	0	0	0	0	0	0	0	1	0	0	1
01:00:00	3600	2	0	0	5	1	0	0	1	0	0	0	0	1	0	0	3	0	0	0	0	0	0	0	0	0	0	0	0	0	0	0	1
01:05:00	3900	2	2	0	5	0	1	0	0	0	0	0	0	1	1	0	3	0	0	0	0	0	0	0	0	1	0	0	1	0	0	0	1
01:10:00	4200	3	2	0	6	0	0	0	0	0	0	0	0	2	1	0	4	0	0	0	0	0	0	0	0	0	1	0	0	1	0	0	2
01:15:00	4500	1	1	0	6	0	0	0	0	0	0	0	0	0	1	0	3	0	0	0	0	0	0	0	0	0	0	0	0	1	0	0	3
01:20:00	4800	2	3	0	5	0	0	0	0	0	0	0	0	2	3	0	2	0	0	0	0	0	0	0	0	0	0	0	0	0	0	0	3
01:25:00	5100	1	1	0	5	0	0	0	0	0	0	0	0	1	1	0	2	0	0	0	0	0	0	0	0	0	0	0	0	0	0	0	3
01:30:00	5400	6	2	0	9	2	1	0	1	0	0	0	0	3	1	0	4	0	0	0	0	0	0	0	0	1	0	0	1	0	0	0	3
01:35:00	5700	3	2	0	10	0	1	0	0	0	0	0	0	2	0	0	6	0	0	0	0	0	0	0	0	1	1	0	1	0	0	0	3
01:40:00	6000	1	3	0	8	0	0	0	0	0	0	0	0	1	2	0	5	0	0	0	0	0	0	0	0	0	1	0	0	0	0	0	3
01:45:00	6300	3	2	0	9	0	0	0	0	0	0	0	0	3	2	0	6	0	0	0	0	0	0	0	0	0	0	0	0	0	0	0	3
01:50:00	6600	2	3	0	8	0	0	0	0	0	0	0	0	2	3	0	5	0	0	0	0	0	0	0	0	0	0	0	0	0	0	0	3
01:55:00	6900	2	1	0	9	0	0	0	0	0	0	0	0	2	1	0	6	0	0	0	0	0	0	0	0	0	0	0	0	0	0	0	3
02:00:00	7200	4	3	0	10	1	0	0	1	0	0	0	0	2	3	0	5	0	0	0	0	0	0	0	0	1	0	0	1	0	0	0	3
02:05:00	7500	4	2	0	12	0	0	0	1	1	0	0	1	2	1	0	6	1	0	0	1	0	0	0	0	0	1	0	0	0	0	0	3
02:10:00	7800	3	2	0	13	0	1	0	0	0	0	0	1	2	0	0	8	0	1	0	0	0	0	0	0	1	0	0	1	0	0	0	3
02:15:00	8100	5	2	0	16	0	0	0	0	0	0	0	1	4	2	0	10	0	0	0	0	0	0	0	0	0	0	0	1	1	0	0	4
02:20:00	8400	5	1	0	20	1	0	0	1	0	0	0	1	4	1	0	13	0	0	0	0	0	0	0	0	0	0	0	1	0	0	0	4
02:25:00	8700	1	5	0	16	0	0	0	1	0	0	0	1	1	5	0	9	0	0	0	0	0	0	0	0	0	0	0	1	0	0	0	4
02:30:00	9000	6	2	0	20	1	0	0	2	1	0	0	2	4	2	0	11	0	0	0	0	0	0	0	0	0	0	0	1	0	0	0	4
02:35:00	9300	4	6	0	18	0	2	0	0	0	0	0	2	2	3	0	10	0	0	0	0	0	0	0	0	2	1	0	2	0	0	0	4
02:40:00	9600	5	1	0	22	2	0	0	2	0	0	0	2	2	0	0	12	0	0	0	0	0	0	0	0	0	0	0	2	1	1	0	4
02:45:00	9900	6	7	0	21	1	2	0	1	0	0	0	2	3	3	0	12	0	0	0	0	0	0	0	0	2	2	0	2	0	0	0	4
02:50:00	10200	3	3	0	21	0	1	0	0	0	0	0	2	2	2	0	12	0	0	0	0	0	0	0	0	1	0	0	3	0	0	0	4
02:55:00	10500	2	5	0	18	0	0	0	0	1	1	0	2	1	4	0	9	0	0	0	0	0	0	0	0	0	0	0	3	0	0	0	4
03:00:00	10800	5	1	0	22	1	0	0	1	1	0	0	3	2	0	0	11	0	0	0	0	1	0	0	1	0	1	0	2	0	0	0	4
03:05:00	11100	8	6	0	24	0	1	0	0	0	0	0	3	6	4	0	13	0	0	0	0	1	0	0	2	1	1	0	2	0	0	0	4
03:10:00	11400	4	2	0	26	0	0	0	0	0	0	0	3	3	2	0	14	0	0	0	0	0	0	0	2	0	0	0	2	1	0	0	5
03:15:00	11700	9	5	0	30	1	0	0	1	0	0	0	3	7	5	0	16	0	0	0	0	0	0	0	2	0	0	0	2	1	0	0	6
03:20:00	12000	8	9	0	29	1	1	0	1	0	0	0	3	6	8	0	14	0	0	0	0	0	0	0	2	1	0	0	3	0	0	0	6
03:25:00	12300	12	5	0	36	2	0	0	3	0	1	0	2	8	3	0	19	0	0	0	0	2	0	0	4	0	1	0	2	0	0	0	6
03:30:00	12600	14	12	0	38	0	1	0	2	2	0	0	4	7	9	0	17	1	0	0	1	0	0	0	4	2	2	0	2	2	0	0	8
03:35:00	12900	12	9	0	41	0	2	0	0	0	0	0	4	10	5	0	22	0	1	0	0	0	0	0	4	2	1	0	3	0	0	0	8
03:40:00	13200	11	9	0	43	0	0	0	0	1	0	0	5	10	6	0	26	0	0	0	0	0	1	0	3	0	2	0	1	0	0	0	8
03:45:00	13500	13	13	0	43	1	0	0	1	1	0	0	6	10	11	0	25	0	0	0	0	0	1	0	2	0	1	0	0	1	0	0	9
03:50:00	13800	18	12	0	49	1	1	0	1	1	0	0	7	13	10	0	28	0	0	0	0	1	1	0	2	1	0	0	1	1	0	0	10
03:55:00	14100	19	9	0	59	0	1	0	0	0	1	0	6	16	6	0	38	0	0	0	0	1	0	0	3	1	1	0	1	1	0	0	11
04:00:00	14400	21	13	0	67	1	0	0	1	0	0	0	6	18	12	0	44	0	0	0	0	0	0	0	3	0	1	0	0	2	0	0	13
04:05:00	14700	21	16	0	72	2	2	0	1	2	0	0	8	13	13	0	44	0	0	0	0	2	1	0	4	2	0	0	2	0	0	0	13
04:10:00	15000	19	15	0	76	0	0	0	1	1	1	0	8	16	11	0	49	0	0	0	0	0	1	0	3	0	1	0	1	2	1	0	14
04:15:00	15300	21	13	0	84	0	0	0	1	1	0	0	9	18	12	0	55	0	0	0	0	0	0	0	3	0	1	0	0	2	0	0	16
04:20:00	15600	12	18	0	78	0	0	0	1	0	2	0	7	10	14	0	51	0	0	0	0	1	0	0	4	0	0	0	0	1	2	0	15
04:25:00	15900	27	12	0	93	0	1	0	0	3	1	0	9	22	10	0	63	0	0	0	0	1	0	0	5	1	0	0	1	0	0	0	15
04:30:00	16200	31	22	0	102	2	2	0	0	1	0	0	10	21	19	0	65	0	0	0	0	3	1	0	7	2	0	0	3	2	0	0	17
04:35:00	16500	23	17	0	108	0	0	0	0	0	1	0	9	19	15	0	69	0	0	0	0	2	0	0	9	0	1	0	2	2	0	0	19
04:40:00	16800	24	25	0	107	0	0	0	0	0	0	0	9	18	24	0	63	0	0	0	0	0	0	0	9	0	1	0	1	6	0	0	25
04:45:00	17100	27	21	0	113	1	0	0	1	2	1	0	10	22	17	0	68	0	0	0	0	1	1	0	9	0	1	0	0	1	1	0	25
04:50:00	17400	36	27	0	122	0	0	0	1	3	0	0	13	27	27	0	68	0	0	0	0	3	0	0	12	0	0	0	0	3	0	0	28
04:55:00	17700	33	28	0	127	0	1	0	0	1	1	0	13	28	23	0	73	0	0	0	0	1	2	0	11	1	1	0	0	2	0	0	30
05:00:00	18000	26	29	0	124	0	0	0	0	2	2	0	13	22	26	0	69	0	0	0	0	1	0	0	12	0	0	0	0	1	1	0	30
05:05:00	18300	33	28	0	129	1	0	0	1	4	2	0	15	24	26	0	67	0	0	0	0	3	0	0	15	0	0	0	0	1	0	0	31
05:10:00	18600	34	19	0	144	0	1	0	0	3	3	0	15	28	13	0	82	0	0	0	0	1	0	0	16	1	0	0	1	1	2	0	30
05:15:00	18900	28	26	0	146	1	0	0	1	3	3	0	15	20	23	0	79	0	0	0	0	2	0	0	18	0	0	0	1	2	0	0	32
05:20:00	19200	31	23	0	154	0	1	0	0	4	0	0	19	24	20	0	83	0	0	0	0	2	1	0	19	1	0	0	2	0	1	0	31
05:25:00	19500	29	24	0	159	0	0	0	0	2	2	0	19	24	18	0	89	0	0	0	0	3	1	0	21	0	2	0	0	0	1	0	30
05:30:00	19800	39	33	0	165	0	0	0	0	2	3	0	18	32	26	0	95	0	0	0	0	1	4	0	18	0	0	0	0	4	0	0	34
05:35:00	20100	35	37	0	163	0	0	0	0	1	5	0	14	31	32	0	94	0	0	0	0	1	0	0	19	0	0	0	0	2	0	0	36
05:40:00	20400	34	30	0	167	1	1	0	0	0	2	0	12	29	25	0	98	0	0	0	0	2	1	0	20	1	0	0	1	1	1	0	36
05:45:00	20700	42	36	0	173	0	0	0	0	4	1	0	15	34	31	0	101	0	0	0	0	3	2	0	21	0	0	0	1	1	2	0	35
05:50:00	21000	39	40	0	172	0	0	0	0	2	2	0	15	32	34	0	99	0	0	0	0	3	2	0	22	0	1	0	0	2	1	0	36
05:55:00	21300	33	39	0	166	0	0	0	0	3	1	0	17	26	37	0	88	0	0	0	0	2	1	0	23	0	0	0	0	2	0	0	38
06:00:00	21600	39	28	0	177	0	0	0	0	0	1	0	16	31	22	0	97	0	0	0	0	5	3	0	25	0	0	0	0	3	2	0	39
06:05:00	21900	45	41	0	181	0	0	0	0	5	2	0	19	38	37	0	98	0	0	0	0	0	2	0	23	1	0	0	1	1	0	0	40
06:10:00	22200	50	31	0	200	0	0	0	0	3	3	0	19	31	25	0	104	1	0	0	1	10	1	0	32	0	1	0	0	5	1	0	44
06:15:00	22500	37	48	0	189	0	0	0	0	0	5	0	14	36	41	0	99	0	0	0	1	1	2	0	31	0	0	0	0	0	0	0	44
06:20:00	22800	52	45	0	196	0	0	0	0	1	0	0	15	43	41	0	101	0	0	0	1	5	3	0	33	0	0	0	0	3	1	0	46
06:25:00	23100	38	34	0	200	0	0	0	0	1	1	0	15	33	28	0	106	0	1	0	0	2	2	0	33	0	0	0	0	2	2	0	46
06:30:00	23400	48	43	0	205	0	0	0	0	5	0	0	20	40	37	0	109	0	0	0	0	2	5	0	30	0	0	0	0	1	1	0	46
06:35:00	23700	49	52	0	202	1	0	0	1	4	4	0	20	42	45	0	106	0	0	0	0	0	2	0	28	0	0	0	0	2	1	0	47
06:40:00	24000	53	43	0	212	0	1	0	0	7	3	0	24	42	38	0	110	0	0	0	0	2	0	0	30	1	0	0	1	1	1	0	47
06:45:00	24300	50	52	0	210	0	0	0	0	3	3	0	24	42	44	0	108	0	0	0	0	1	3	0	28	0	1	0	0	4	1	0	50
06:50:00	24600	48	53	0	205	0	0	0	0	5	4	0	25	40	45	0	103	0	0	0	0	1	2	0	27	0	0	0	0	2	2	0	50
06:55:00	24900	47	46	0	206	0	0	0	0	4	2	0	27	40	41	0	102	0	0	0	0	1	2	0	26	0	0	0	0	2	1	0	51
07:00:00	25200	66	49	0	223	0	0	0	0	2	3	0	26	53	42	0	113	0	0	0	0	3	3	0	26	0	0	0	0	8	1	0	58
07:05:00	25500	73	45	0	251	0	0	0	0	3	4	0	25	62	38	0	137	0	0	0	0	5	2	0	29	0	0	0	0	3	1	0	60
07:10:00	25800	68	73	0	246	0	0	0	0	4	5	0	24	54	62	0	129	0	0	0	0	6	6	0	29	1	0	0	1	3	0	0	63
07:15:00	26100	61	73	0	234	0	0	0	0	3	4	0	23	54	67	0	116	0	0	0	0	2	1	0	30	0	0	0	1	2	1	0	64
07:20:00	26400	65	60	0	239	0	0	0	0	3	2	0	24	55	48	0	123	1	0	0	1	3	4	0	29	1	1	0	1	2	5	0	61
07:25:00	26700	75	69	0	245	0	0	0	0	1	1	0	24	61	58	0	126	1	1	0	1	9	4	0	34	0	1	0	0	3	4	0	60
07:30:00	27000	71	65	0	251	1	0	0	1	2	5	0	21	58	56	0	128	0	1	0	0	5	3	0	36	1	0	0	1	4	0	0	64
07:35:00	27300	74	69	0	256	0	1	0	0	4	2	0	23	59	55	0	132	1	0	0	1	4	7	0	33	2	1	0	2	4	3	0	65
07:40:00	27600	67	64	0	259	1	0	0	1	2	3	0	22	54	52	0	134	0	0	0	1	7	4	0	36	1	1	0	2	2	4	0	63
07:45:00	27900	60	82	0	237	0	1	0	0	5	2	0	25	51	69	0	116	2	1	0	2	0	6	0	30	1	2	0	1	1	1	0	63
07:50:00	28200	82	75	0	244	0	0	0	0	6	2	0	29	63	62	0	117	1	2	0	1	9	8	0	31	0	1	0	0	3	0	0	66
07:55:00	28500	66	65	0	245	0	0	0	0	2	2	0	29	57	58	0	116	0	1	0	0	3	4	0	30	0	0	0	0	4	0	0	70
08:00:00	28800	73	77	0	241	1	0	0	1	2	6	0	25	64	66	0	114	0	0	0	0	2	2	0	30	0	0	0	0	4	3	0	71
08:05:00	29100	70	71	0	240	0	0	0	1	2	0	0	27	60	65	0	109	0	0	0	0	2	3	0	29	0	0	0	0	6	3	0	74
08:10:00	29400	72	77	0	235	0	1	0	0	3	5	0	25	63	65	0	107	0	0	0	0	3	2	0	30	1	0	0	1	2	4	0	72
08:15:00	29700	82	64	0	253	0	0	0	0	3	5	0	23	69	51	0	125	0	0	0	0	5	4	0	31	0	1	0	0	5	3	0	74
08:20:00	30000	90	84	0	259	0	0	0	0	3	2	0	24	79	76	0	128	0	0	0	0	3	3	0	31	0	0	0	0	5	3	0	76
08:25:00	30300	91	84	0	266	0	0	0	0	2	5	0	21	79	71	0	136	0	0	0	0	2	7	0	26	0	0	0	0	8	1	0	83
08:30:00	30600	72	91	0	247	0	0	0	0	1	3	0	19	65	84	0	117	0	0	0	0	4	2	0	28	0	0	0	0	2	2	0	83
08:35:00	30900	90	67	0	270	0	0	0	0	6	0	0	25	76	62	0	131	0	0	0	0	3	4	0	27	0	0	0	0	5	1	0	87
08:40:00	31200	101	85	0	286	0	0	0	0	2	5	0	22	90	71	0	150	0	0	0	0	2	6	0	23	0	0	0	0	7	3	0	91
08:45:00	31500	95	91	0	290	0	0	0	0	3	1	0	24	83	87	0	146	0	0	0	0	4	1	0	26	0	0	0	0	5	2	0	94
08:50:00	31800	94	93	0	291	0	0	0	0	6	2	0	28	71	83	0	134	0	0	0	0	11	6	0	31	0	0	0	0	6	2	0	98
08:55:00	32100	80	90	0	281	0	0	0	0	4	5	0	27	62	75	0	121	0	0	0	0	7	7	0	31	0	0	0	0	7	3	0	102
09:00:00	32400	98	91	0	288	0	0	0	0	2	6	0	23	84	76	0	129	0	0	0	0	6	6	0	31	0	0	0	0	6	3	0	105
09:05:00	32700	102	78	0	312	0	0	0	0	3	1	0	25	89	66	0	152	0	0	0	0	4	9	0	26	0	0	0	0	6	2	0	109
09:10:00	33000	73	111	0	274	0	0	0	0	5	6	0	24	57	97	0	112	0	0	0	0	4	3	0	27	0	0	0	0	7	5	0	111
09:15:00	33300	105	83	0	296	0	0	0	0	3	1	0	26	92	70	0	134	1	0	0	1	3	7	0	23	1	1	0	0	5	4	0	112
09:20:00	33600	95	88	0	303	0	0	0	0	4	3	0	27	83	79	0	138	0	1	0	0	5	3	0	25	1	0	0	1	2	2	0	112
09:25:00	33900	106	97	0	312	0	0	0	0	9	7	0	29	84	84	0	138	1	0	0	1	5	3	0	27	0	1	0	0	7	2	0	117
09:30:00	34200	118	112	0	318	0	0	0	0	3	4	0	28	104	95	0	147	0	1	0	0	3	4	0	26	0	0	0	0	8	8	0	117
09:35:00	34500	101	115	0	304	0	0	0	0	3	7	0	24	82	97	0	132	0	0	0	0	5	6	0	25	1	0	0	1	10	5	0	122
09:40:00	34800	106	89	0	321	0	0	0	0	5	4	0	25	91	74	0	149	0	0	0	0	4	4	0	25	0	0	0	1	6	7	0	121
09:45:00	35100	112	93	0	340	0	0	0	0	5	4	0	26	100	83	0	166	1	0	0	1	4	2	0	27	0	1	0	0	2	3	0	120
09:50:00	35400	107	118	0	329	0	0	0	0	1	4	0	23	97	103	0	160	0	1	0	0	3	4	0	26	0	0	0	0	6	6	0	120
09:55:00	35700	126	117	0	338	1	0	0	1	10	7	0	26	103	103	0	160	0	0	0	0	4	4	0	26	2	0	0	2	6	3	0	123
10:00:00	36000	122	110	0	350	0	0	0	1	7	5	0	28	109	96	0	173	0	0	0	0	3	5	0	24	0	0	0	2	3	4	0	122
10:05:00	36300	99	123	0	326	0	1	0	0	8	5	0	31	83	103	0	153	1	0	0	1	1	6	0	19	2	1	0	3	4	7	0	119
10:10:00	36600	123	121	0	328	1	0	0	1	9	9	0	31	102	97	0	158	0	1	0	0	4	4	0	19	0	1	0	2	7	9	0	117
10:15:00	36900	109	116	0	321	0	1	0	0	6	10	0	27	86	98	0	146	0	0	0	0	8	4	0	23	1	0	0	3	8	3	0	122
10:20:00	37200	130	102	0	349	0	0	0	0	4	4	0	27	108	89	0	165	2	1	0	1	9	2	0	30	1	2	0	2	6	4	0	124
10:25:00	37500	102	108	0	343	0	0	0	0	10	7	0	30	82	90	0	157	0	0	0	1	4	5	0	29	1	0	0	3	5	6	0	123
10:30:00	37800	139	121	0	361	0	0	0	0	4	6	0	28	124	97	0	184	2	2	0	1	1	10	0	20	1	2	0	2	7	4	0	126
10:35:00	38100	125	125	0	361	0	0	0	0	9	1	0	36	101	109	0	176	1	1	0	1	6	4	0	22	1	1	0	2	7	9	0	124
10:40:00	38400	119	133	0	347	0	0	0	0	1	7	0	30	105	113	0	168	0	1	0	0	6	5	0	23	0	0	0	2	7	7	0	124
10:45:00	38700	137	128	0	356	0	0	0	0	7	9	0	28	113	107	0	174	1	0	0	1	6	4	0	25	1	1	0	2	9	7	0	126
10:50:00	39000	132	138	0	350	0	0	0	0	8	8	0	28	115	115	0	174	1	0	0	2	3	9	0	19	0	1	0	1	5	5	0	126
10:55:00	39300	141	140	0	351	0	0	0	0	5	8	0	25	127	124	0	177	0	0	0	2	4	3	0	20	1	0	0	2	4	5	0	125
11:00:00	39600	137	133	0	355	0	0	0	0	4	7	0	22	117	114	0	180	1	2	0	1	5	3	0	22	0	1	0	1	10	6	0	129
11:05:00	39900	141	113	0	383	0	0	0	0	10	7	0	25	114	98	0	196	0	1	0	0	10	4	0	28	0	0	0	1	7	3	0	133
11:10:00	40200	123	138	0	368	0	0	0	0	4	5	0	24	102	119	0	179	1	0	0	1	5	5	0	28	0	1	0	0	11	8	0	136
11:15:00	40500	139	139	0	368	0	0	0	0	7	4	0	27	124	120	0	183	0	1	0	0	3	6	0	25	1	0	0	1	4	8	0	132
11:20:00	40800	135	139	0	364	0	0	0	0	4	7	0	24	119	118	0	184	1	1	0	0	4	6	0	23	0	1	0	0	7	6	0	133
11:25:00	41100	131	128	0	367	0	0	0	0	5	3	0	26	116	113	0	187	0	0	0	0	8	4	0	27	0	0	0	0	2	8	0	127
11:30:00	41400	167	144	0	390	0	0	0	0	11	6	0	31	144	123	0	208	0	0	0	0	6	9	0	24	0	0	0	0	6	6	0	127
11:35:00	41700	142	136	0	396	0	0	0	0	7	7	0	31	125	114	0	219	0	0	0	0	5	7	0	22	0	0	0	0	5	8	0	124
11:40:00	42000	121	146	0	371	0	0	0	0	2	9	0	24	105	130	0	194	0	0	0	0	7	4	0	25	0	0	0	0	7	3	0	128
11:45:00	42300	120	146	0	345	0	0	0	0	7	8	0	23	102	122	0	174	0	0	0	0	7	8	0	24	0	0	0	0	4	8	0	124
11:50:00	42600	171	119	0	397	0	0	0	0	8	3	0	28	152	106	0	220	0	0	0	0	3	5	0	22	1	0	0	1	7	5	0	126
11:55:00	42900	114	151	0	360	0	0	0	0	8	7	0	29	100	133	0	187	0	0	0	0	2	6	0	18	0	0	0	1	4	5	0	125
12:00:00	43200	141	124	0	377	0	0	0	0	6	9	0	26	125	104	0	208	0	0	0	0	6	2	0	22	0	0	0	1	4	9	0	120
12:05:00	43500	136	137	0	376	1	1	0	0	1	6	0	21	121	113	0	216	1	0	0	1	7	8	0	21	1	1	0	1	4	8	0	116
12:10:00	43800	127	140	0	363	0	0	0	0	9	6	0	24	110	121	0	205	0	0	0	1	4	9	0	16	0	0	0	1	4	4	0	116
12:15:00	44100	155	125	0	393	0	0	0	0	7	4	0	27	132	113	0	224	0	0	0	1	8	3	0	21	0	1	0	0	8	4	0	120
12:20:00	44400	139	162	0	370	1	1	0	0	4	8	0	23	117	136	0	205	0	0	0	1	9	8	0	22	1	0	0	1	7	9	0	118
12:25:00	44700	136	151	0	355	0	0	0	0	2	6	0	19	120	128	0	197	0	1	0	0	7	9	0	20	0	0	0	1	7	7	0	118
12:30:00	45000	134	141	0	348	0	0	0	0	4	3	0	20	125	125	0	197	0	0	0	0	2	3	0	19	0	1	0	0	3	9	0	112
12:35:00	45300	138	138	0	348	0	0	0	0	6	4	0	22	122	125	0	194	0	0	0	0	4	5	0	18	0	0	0	0	6	4	0	114
12:40:00	45600	123	119	0	352	0	0	0	0	9	7	0	24	103	103	0	194	0	0	0	0	5	4	0	19	0	0	0	0	6	5	0	115
12:45:00	45900	132	132	0	352	0	0	0	0	9	5	0	28	117	115	0	196	0	0	0	0	2	6	0	15	0	0	0	0	4	6	0	113
12:50:00	46200	141	130	0	363	0	0	0	0	7	6	0	29	120	111	0	205	0	0	0	0	9	6	0	18	0	0	0	0	5	7	0	111
12:55:00	46500	132	128	0	367	1	0	0	1	5	7	0	27	113	115	0	203	0	0	0	0	3	1	0	20	2	0	0	2	8	5	0	114
13:00:00	46800	140	135	0	372	0	1	0	0	6	10	0	23	121	114	0	210	0	0	0	0	7	5	0	22	1	0	0	3	5	5	0	114
13:05:00	47100	139	126	0	385	0	0	0	0	8	3	0	28	118	113	0	215	1	1	0	0	5	5	0	22	1	1	0	3	6	3	0	117
13:10:00	47400	124	132	0	377	0	0	0	0	6	4	0	30	109	116	0	208	1	0	0	1	3	3	0	22	2	2	0	3	3	7	0	113
13:15:00	47700	136	138	0	375	0	0	0	0	5	9	0	26	122	114	0	216	0	1	0	0	4	6	0	20	0	0	0	3	5	8	0	110
13:20:00	48000	134	138	0	371	1	0	0	1	4	2	0	28	113	121	0	208	1	1	0	0	4	4	0	20	2	1	0	4	9	9	0	110
13:25:00	48300	136	131	0	376	0	1	0	0	5	8	0	25	113	114	0	207	2	1	0	1	3	0	0	23	1	2	0	3	12	5	0	117
13:30:00	48600	114	124	0	366	0	0	0	0	6	3	0	28	97	108	0	196	1	1	0	1	4	6	0	21	0	2	0	1	6	4	0	119
13:35:00	48900	120	129	0	357	0	0	0	0	5	8	0	25	104	115	0	185	0	1	0	0	5	5	0	21	1	0	0	2	5	0	0	124
13:40:00	49200	133	119	0	371	0	0	0	0	6	7	0	24	118	103	0	200	1	0	0	1	4	6	0	19	0	1	0	1	4	2	0	126
13:45:00	49500	108	117	0	362	0	0	0	0	1	6	0	19	94	98	0	196	1	0	0	2	7	4	0	22	0	1	0	0	5	8	0	123
13:50:00	49800	133	122	0	373	0	0	0	0	6	4	0	21	113	107	0	202	0	2	0	0	8	5	0	25	0	0	0	0	6	4	0	125
13:55:00	50100	112	126	0	359	0	0	0	0	5	6	0	20	100	108	0	194	0	0	0	0	4	5	0	24	0	0	0	0	3	7	0	121
14:00:00	50400	145	141	0	363	1	1	0	0	9	3	0	26	121	121	0	194	0	0	0	0	6	6	0	24	1	0	0	1	7	10	0	118
14:05:00	50700	140	117	0	386	1	0	0	1	6	4	0	28	120	100	0	214	0	0	0	0	6	5	0	25	0	1	0	0	7	7	0	118
14:10:00	51000	103	132	0	357	0	1	0	0	5	7	0	26	87	109	0	192	0	0	0	0	4	4	0	25	1	1	0	0	6	10	0	114
14:15:00	51300	119	125	0	351	1	0	0	1	8	5	0	29	101	109	0	184	0	0	0	0	5	10	0	20	0	0	0	0	4	1	0	117
14:20:00	51600	121	119	0	353	0	1	0	0	3	8	0	24	102	100	0	186	0	0	0	0	6	4	0	22	2	0	0	2	8	6	0	119
14:25:00	51900	130	112	0	371	0	0	0	0	4	4	0	24	120	102	0	204	0	0	0	0	2	2	0	22	0	0	0	2	4	4	0	119
14:30:00	52200	145	137	0	379	1	1	0	0	10	8	0	26	120	108	0	216	1	0	0	1	5	8	0	19	1	2	0	1	7	10	0	116
14:35:00	52500	152	132	0	399	0	0	0	0	9	5	0	30	130	114	0	232	0	1	0	0	4	4	0	19	0	1	0	0	9	7	0	118
14:40:00	52800	148	132	0	415	1	0	0	1	12	5	0	37	121	119	0	234	0	0	0	0	6	3	0	22	0	0	0	0	8	5	0	121
14:45:00	53100	141	138	0	418	0	1	0	0	5	10	0	32	129	121	0	242	0	0	0	0	1	3	0	20	1	0	0	1	5	3	0	123
14:50:00	53400	112	146	0	384	2	0	0	2	4	7	0	29	102	126	0	218	0	0	0	0	2	8	0	14	0	0	0	1	2	5	0	120
14:55:00	53700	151	129	0	406	2	1	0	3	5	3	0	31	133	117	0	234	0	0	0	0	5	0	0	19	1	1	0	1	5	7	0	118
15:00:00	54000	164	145	0	425	2	3	0	2	2	5	0	28	140	123	0	251	1	1	0	0	6	1	0	24	4	2	0	3	9	10	0	117
15:05:00	54300	175	147	0	453	0	2	0	0	10	6	0	32	151	124	0	278	1	0	0	1	7	8	0	23	2	2	0	3	4	5	0	116
15:10:00	54600	121	155	0	419	0	0	0	0	7	7	0	32	108	136	0	250	0	1	0	0	4	6	0	21	0	1	0	2	2	4	0	114
15:15:00	54900	168	154	0	433	0	0	0	0	10	7	0	35	143	131	0	262	1	1	0	0	5	5	0	21	1	2	0	1	8	8	0	114
15:20:00	55200	157	173	0	417	1	0	0	1	4	9	0	30	136	145	0	253	1	1	0	0	10	8	0	23	0	1	0	0	5	9	0	110
15:25:00	55500	173	150	0	440	0	0	0	1	9	7	0	32	153	134	0	272	0	0	0	0	7	6	0	24	1	0	0	1	3	3	0	110
15:30:00	55800	162	168	0	434	0	1	0	0	11	5	0	38	134	150	0	256	1	0	0	1	9	4	0	29	1	1	0	1	6	7	0	109
15:35:00	56100	161	160	0	435	1	0	0	1	7	5	0	40	133	137	0	252	0	1	0	0	12	10	0	31	0	1	0	0	8	6	0	111
15:40:00	56400	164	147	0	452	0	1	0	0	6	9	0	37	141	127	0	266	0	0	0	0	7	3	0	35	3	0	0	3	7	7	0	111
15:45:00	56700	156	171	0	437	0	0	0	0	7	8	0	36	132	148	0	250	2	0	0	2	7	9	0	33	2	3	0	2	6	3	0	114
15:50:00	57000	149	156	0	430	0	0	0	0	7	3	0	40	135	141	0	244	2	1	0	3	2	6	0	29	0	2	0	0	3	3	0	114
15:55:00	57300	165	157	0	438	0	0	0	0	8	10	0	38	144	132	0	256	0	2	0	1	9	5	0	33	1	0	0	1	3	8	0	109
16:00:00	57600	153	155	0	436	0	0	0	0	7	10	0	35	133	133	0	256	1	2	0	0	7	6	0	34	0	1	0	0	5	3	0	111
16:05:00	57900	158	155	0	439	1	0	0	1	7	11	0	31	137	130	0	263	0	0	0	0	4	5	0	33	0	0	0	0	9	9	0	111
16:10:00	58200	161	144	0	456	0	1	0	0	9	4	0	36	134	125	0	272	0	0	0	0	9	8	0	34	1	0	0	1	8	6	0	113
16:15:00	58500	156	153	0	459	1	1	0	0	8	6	0	38	135	136	0	271	0	0	0	0	5	6	0	33	1	0	0	2	6	4	0	115
16:20:00	58800	156	161	0	454	1	1	0	0	4	9	0	33	142	140	0	273	0	0	0	0	5	5	0	33	1	1	0	2	3	5	0	113
16:25:00	59100	161	178	0	437	0	0	0	0	7	7	0	33	138	158	0	253	1	1	0	0	9	6	0	36	0	1	0	1	6	5	0	114
16:30:00	59400	168	147	0	458	2	1	0	1	8	10	0	31	141	126	0	268	0	0	0	0	8	6	0	38	3	0	0	4	6	4	0	116
16:35:00	59700	169	153	0	474	2	1	0	2	5	7	0	29	147	136	0	279	1	1	0	0	4	2	0	40	1	1	0	4	9	5	0	120
16:40:00	60000	160	174	0	460	2	3	0	1	4	5	0	28	133	151	0	261	2	1	0	1	8	7	0	41	4	4	0	4	7	3	0	124
16:45:00	60300	167	164	0	463	0	1	0	0	6	5	0	29	144	139	0	266	0	1	0	0	10	11	0	40	1	2	0	3	6	5	0	125
16:50:00	60600	164	149	0	478	0	0	0	0	8	7	0	30	147	133	0	280	0	0	0	0	3	5	0	38	0	2	0	1	6	2	0	129
16:55:00	60900	163	179	0	462	1	0	0	1	12	4	0	38	138	163	0	255	0	0	0	0	6	6	0	38	0	1	0	0	6	5	0	130
17:00:00	61200	177	159	0	480	0	1	0	0	8	9	0	37	152	132	0	275	1	1	0	0	7	9	0	36	1	1	0	0	8	6	0	132
17:05:00	61500	141	177	0	444	0	0	0	0	8	10	0	35	122	156	0	241	0	0	0	0	4	4	0	36	0	0	0	0	7	7	0	132
17:10:00	61800	168	143	0	469	0	0	0	0	7	8	0	34	144	127	0	258	0	0	0	0	9	5	0	40	1	0	0	1	7	3	0	136
17:15:00	62100	174	143	0	500	0	0	0	0	5	4	0	35	158	122	0	294	1	0	0	1	2	9	0	33	1	1	0	1	7	7	0	136
17:20:00	62400	153	172	0	481	1	0	0	1	3	6	0	32	129	153	0	270	1	0	0	2	8	6	0	35	0	1	0	0	11	6	0	141
17:25:00	62700	181	155	0	507	0	1	0	0	6	9	0	29	157	133	0	294	0	2	0	0	13	3	0	45	1	0	0	1	4	7	0	138
17:30:00	63000	167	175	0	499	0	0	0	0	10	6	0	33	133	150	0	277	1	0	0	1	9	11	0	43	2	2	0	1	12	6	0	144
17:35:00	63300	146	177	0	468	1	1	0	0	4	6	0	31	128	158	0	247	0	0	0	1	8	7	0	44	2	0	0	3	3	5	0	142
17:40:00	63600	165	168	0	465	0	0	0	0	6	6	0	31	142	144	0	245	2	2	0	1	12	8	0	48	0	2	0	1	3	6	0	139
17:45:00	63900	165	159	0	471	0	0	0	0	5	6	0	30	142	133	0	254	0	1	0	0	10	9	0	49	0	1	0	0	8	9	0	138
17:50:00	64200	161	172	0	460	0	0	0	0	7	9	0	28	137	143	0	248	0	0	0	0	10	8	0	51	0	0	0	0	7	12	0	133
17:55:00	64500	146	147	0	459	1	0	0	1	6	4	0	30	125	127	0	246	0	0	0	0	4	8	0	47	0	0	0	0	10	8	0	135
18:00:00	64800	139	146	0	452	1	2	0	0	7	8	0	29	118	120	0	244	0	0	0	0	6	10	0	43	2	0	0	2	5	6	0	134
18:05:00	65100	151	146	0	457	0	0	0	0	6	2	0	33	128	129	0	243	0	0	0	0	8	6	0	45	1	2	0	1	8	7	0	135
18:10:00	65400	137	167	0	427	1	1	0	0	8	8	0	33	113	140	0	216	1	1	0	0	7	12	0	40	1	1	0	1	6	4	0	137
18:15:00	65700	137	140	0	424	0	0	0	0	4	6	0	31	120	120	0	216	0	0	0	0	6	8	0	38	1	1	0	1	6	5	0	138
18:20:00	66000	148	135	0	437	0	0	0	0	8	2	0	37	122	121	0	217	1	0	0	1	6	5	0	39	0	1	0	0	11	6	0	143
18:25:00	66300	140	131	0	446	1	0	0	1	4	5	0	36	124	115	0	226	0	1	0	0	6	4	0	41	0	0	0	0	5	6	0	142
18:30:00	66600	139	156	0	429	0	1	0	0	4	8	0	32	122	129	0	219	0	0	0	0	2	10	0	33	2	0	0	2	9	8	0	143
18:35:00	66900	124	127	0	426	0	0	0	0	3	4	0	31	113	109	0	223	0	0	0	0	4	6	0	31	0	1	0	1	4	7	0	140
18:40:00	67200	126	164	0	388	2	1	0	1	5	7	0	29	107	135	0	195	1	1	0	0	6	8	0	29	1	1	0	1	4	11	0	133
18:45:00	67500	134	136	0	386	1	1	0	1	1	6	0	24	118	117	0	196	0	0	0	0	3	3	0	29	1	1	0	1	10	8	0	135
18:50:00	67800	117	113	0	390	1	2	0	0	2	2	0	24	100	101	0	195	0	0	0	0	6	3	0	32	2	2	0	1	6	3	0	138
18:55:00	68100	126	133	0	383	1	1	0	0	4	4	0	24	107	115	0	187	0	0	0	0	6	7	0	31	1	1	0	1	7	5	0	140
19:00:00	68400	125	122	0	386	0	0	0	0	5	3	0	26	111	110	0	188	0	0	0	0	3	3	0	31	0	1	0	0	6	5	0	141
19:05:00	68700	124	111	0	399	0	0	0	0	5	1	0	30	102	101	0	189	0	0	0	0	9	4	0	36	1	0	0	1	7	5	0	143
19:10:00	69000	108	126	0	381	0	0	0	0	4	8	0	26	89	105	0	173	1	0	0	1	6	5	0	37	0	1	0	0	8	7	0	144
19:15:00	69300	112	127	0	366	1	0	0	1	7	4	0	29	94	103	0	164	0	1	0	0	4	11	0	30	0	0	0	0	6	8	0	142
19:20:00	69600	112	121	0	357	2	1	0	2	5	4	0	30	93	103	0	154	0	0	0	0	6	6	0	30	2	0	0	2	4	7	0	139
19:25:00	69900	117	103	0	371	1	1	0	2	5	5	0	30	104	84	0	174	1	1	0	0	1	6	0	25	2	2	0	2	3	4	0	138
19:30:00	70200	115	121	0	365	1	1	0	2	3	5	0	28	89	109	0	154	1	0	0	1	5	1	0	29	1	1	0	2	15	4	0	149
19:35:00	70500	91	113	0	343	0	0	0	2	9	6	0	31	74	89	0	139	1	2	0	0	1	4	0	26	0	2	0	0	6	10	0	145
19:40:00	70800	101	104	0	340	1	2	0	1	3	7	0	27	84	85	0	138	1	0	0	1	6	3	0	29	3	2	0	1	3	5	0	143
19:45:00	71100	81	99	0	322	1	0	0	2	4	6	0	25	68	74	0	132	0	1	0	0	2	9	0	22	1	0	0	2	5	9	0	139
19:50:00	71400	88	90	0	320	1	0	0	3	3	6	0	22	78	76	0	134	1	0	0	1	1	1	0	22	0	2	0	0	4	5	0	138
19:55:00	71700	94	97	0	317	0	1	0	2	1	4	0	19	80	82	0	132	0	1	0	0	3	3	0	22	1	0	0	1	9	6	0	141
20:00:00	72000	108	101	0	324	1	2	0	1	6	2	0	23	87	82	0	137	2	1	0	1	5	3	0	24	4	3	0	2	3	8	0	136
20:05:00	72300	84	103	0	305	1	0	0	2	4	2	0	25	69	86	0	120	2	3	0	0	4	1	0	27	0	2	0	0	4	9	0	131
20:10:00	72600	88	88	0	305	0	1	0	1	1	6	0	20	74	67	0	127	0	0	0	0	3	6	0	24	1	0	0	1	9	8	0	132
20:15:00	72900	86	96	0	295	0	0	0	1	2	4	0	18	78	86	0	119	1	1	0	0	1	3	0	22	1	1	0	1	3	1	0	134
20:20:00	73200	74	86	0	283	0	0	0	1	0	4	0	14	64	73	0	110	0	0	0	0	6	2	0	26	0	1	0	0	4	6	0	132
20:25:00	73500	75	73	0	285	1	1	0	1	5	3	0	16	60	62	0	108	0	0	0	0	5	4	0	27	2	0	0	2	2	3	0	131
20:30:00	73800	77	72	0	290	0	0	0	1	2	1	0	17	69	63	0	114	1	0	0	1	5	5	0	27	0	1	0	1	0	2	0	129
20:35:00	74100	78	77	0	291	1	0	0	2	1	3	0	15	68	66	0	116	0	1	0	0	5	3	0	29	0	1	0	0	3	3	0	129
20:40:00	74400	80	88	0	283	1	1	0	2	4	4	0	15	61	66	0	111	1	1	0	0	5	6	0	28	3	1	0	2	5	9	0	125
20:45:00	74700	79	80	0	282	2	2	0	2	6	0	0	21	61	64	0	108	1	0	0	1	0	5	0	23	2	3	0	1	7	6	0	126
20:50:00	75000	63	80	0	265	0	2	0	0	2	2	0	21	51	60	0	99	1	2	0	0	4	7	0	20	3	1	0	3	2	6	0	122
20:55:00	75300	56	87	0	234	1	1	0	0	1	4	0	18	48	63	0	84	1	1	0	0	1	4	0	17	1	2	0	2	3	12	0	113
21:00:00	75600	70	68	0	236	1	0	0	1	3	2	0	19	60	55	0	89	0	0	0	0	3	3	0	17	0	1	0	1	3	7	0	109
21:05:00	75900	69	66	0	239	0	1	0	0	3	4	0	18	60	51	0	98	0	0	0	0	2	4	0	15	1	1	0	1	3	5	0	107
21:10:00	76200	64	67	0	236	1	1	0	0	3	3	0	18	50	54	0	94	0	0	0	0	3	3	0	15	1	0	0	2	6	6	0	107
21:15:00	76500	61	74	0	223	0	0	0	0	3	4	0	17	53	61	0	86	1	1	0	0	0	1	0	14	2	1	0	3	2	6	0	103
21:20:00	76800	56	61	0	218	0	0	0	0	3	4	0	16	50	50	0	86	1	1	0	0	0	1	0	13	0	2	0	1	2	3	0	102
21:25:00	77100	57	58	0	217	1	0	0	1	1	3	0	14	50	49	0	87	0	0	0	0	0	1	0	12	0	0	0	1	5	5	0	102
21:30:00	77400	75	67	0	225	1	1	0	1	2	2	0	14	64	60	0	91	0	0	0	0	3	2	0	13	1	0	0	2	4	2	0	104
21:35:00	77700	40	57	0	208	1	2	0	0	0	2	0	12	36	51	0	76	0	0	0	0	0	1	0	12	2	1	0	3	1	0	0	105
21:40:00	78000	55	62	0	201	0	0	0	0	0	2	0	10	51	49	0	78	1	1	0	0	1	1	0	12	0	2	0	1	2	7	0	100
21:45:00	78300	57	54	0	204	1	0	0	1	2	0	0	12	50	48	0	80	0	0	0	0	1	1	0	12	0	0	0	1	3	5	0	98
21:50:00	78600	65	54	0	215	1	1	0	1	2	2	0	12	56	45	0	91	0	0	0	0	1	2	0	11	1	1	0	1	4	3	0	99
21:55:00	78900	87	43	0	259	0	0	0	1	3	1	0	14	82	39	0	134	0	0	0	0	1	0	0	12	0	0	0	1	1	3	0	97
22:00:00	79200	90	64	0	285	0	1	0	0	0	3	0	11	85	50	0	169	1	0	0	1	1	1	0	12	2	1	0	2	1	8	0	90
22:05:00	79500	75	119	0	241	1	0	0	1	2	2	0	11	69	111	0	127	2	2	0	1	1	1	0	12	0	2	0	0	0	1	0	89
22:10:00	79800	54	114	0	181	1	1	0	1	3	1	0	13	43	102	0	68	0	1	0	0	1	2	0	11	2	1	0	1	4	6	0	87
22:15:00	80100	39	59	0	161	0	1	0	0	1	1	0	13	32	47	0	53	1	1	0	0	1	2	0	10	1	2	0	0	3	5	0	85
22:20:00	80400	32	45	0	148	0	0	0	0	0	3	0	10	31	34	0	50	0	0	0	0	1	4	0	7	0	0	0	0	0	4	0	81
22:25:00	80700	25	36	0	137	2	0	0	2	1	3	0	8	20	28	0	42	0	0	0	0	1	3	0	5	1	0	0	1	0	2	0	79
22:30:00	81000	19	37	0	119	1	1	0	2	2	2	0	8	12	30	0	24	1	1	0	0	1	0	0	6	1	1	0	1	1	2	0	78
22:35:00	81300	38	28	0	129	3	2	0	3	3	2	0	9	27	18	0	33	0	0	0	0	1	1	0	6	2	1	0	2	2	4	0	76
22:40:00	81600	19	25	0	123	0	1	0	2	1	1	0	9	14	19	0	28	0	0	0	0	1	0	0	7	1	1	0	2	2	3	0	75
22:45:00	81900	33	28	0	128	2	2	0	2	3	2	0	10	22	16	0	34	0	0	0	0	2	2	0	7	3	2	0	3	1	4	0	72
22:50:00	82200	25	31	0	122	2	1	0	3	3	1	0	12	15	18	0	31	2	1	0	1	0	0	0	7	1	4	0	0	2	6	0	68
22:55:00	82500	24	31	0	115	0	1	0	2	1	0	0	13	19	25	0	25	0	1	0	0	0	1	0	6	2	0	0	2	2	3	0	67
23:00:00	82800	17	24	0	108	0	1	0	1	3	5	0	11	12	13	0	24	1	1	0	0	0	1	0	5	1	1	0	2	0	2	0	65
23:05:00	83100	18	24	0	102	0	0	0	1	0	2	0	9	13	12	0	25	3	2	0	1	0	1	0	4	1	3	0	0	1	4	0	62
23:10:00	83400	16	19	0	99	0	0	0	1	0	2	0	7	12	12	0	25	0	1	0	0	0	0	0	4	0	0	0	0	4	4	0	62
23:15:00	83700	21	18	0	102	0	0	0	1	1	1	0	7	18	16	0	27	0	0	0	0	1	0	0	5	0	0	0	0	1	1	0	62
23:20:00	84000	16	18	0	100	0	0	0	1	2	2	0	7	13	16	0	24	0	0	0	0	1	0	0	6	0	0	0	0	0	0	0	62
23:25:00	84300	13	16	0	97	0	1	0	0	1	0	0	8	10	11	0	23	1	1	0	0	0	0	0	6	1	1	0	0	0	2	0	60
23:30:00	84600	9	14	0	92	0	0	0	0	2	2	0	8	6	11	0	18	0	0	0	0	0	1	0	5	1	0	0	1	0	0	0	60
23:35:00	84900	15	20	0	87	1	0	0	1	0	1	0	7	11	12	0	17	1	1	0	0	0	0	0	5	1	1	0	1	1	5	0	56
23:40:00	85200	11	15	0	83	0	1	0	0	0	1	0	6	8	10	0	15	1	0	0	1	0	0	0	5	1	1	0	1	1	2	0	55
23:45:00	85500	11	15	0	79	1	0	0	1	0	0	0	6	8	11	0	12	0	1	0	0	0	1	0	4	0	1	0	0	2	1	0	56
23:50:00	85800	8	8	0	79	0	0	0	1	0	0	0	6	6	6	0	12	0	0	0	0	2	0	0	6	0	0	0	0	0	2	0	54
23:55:00	86100	7	8	0	78	0	0	0	1	0	1	0	5	5	5	0	12	0	0	0	0	0	1	0	5	1	0	0	1	1	1	0	54
24:00:00	86400	12	8	0	82	0	0	0	1	1	1	0	5	9	5	0	16	1	0	0	1	0	1	0	4	0	1	0	0	1	0	0	55
24:05:00	86700	4	11	0	75	0	0	0	1	0	1	0	4	4	5	0	15	0	1	0	0	0	1	0	3	0	0	0	0	0	3	0	52
24:10:00	87000	9	6	0	78	0	0	0	1	1	0	0	5	8	6	0	17	0	0	0	0	0	0	0	3	0	0	0	0	0	0	0	52
24:15:00	87300	9	10	0	77	0	0	0	1	2	2	0	5	5	7	0	15	0	0	0	0	0	0	0	3	1	0	0	1	1	1	0	52
24:20:00	87600	6	11	0	72	1	0	0	2	0	0	0	5	4	8	0	11	1	0	0	1	0	0	0	3	0	1	0	0	0	2	0	50
24:25:00	87900	4	12	0	64	1	1	0	2	1	1	0	5	0	4	0	7	0	1	0	0	0	0	0	3	1	1	0	0	1	4	0	47
24:30:00	88200	3	1	0	66	0	1	0	1	0	0	0	5	2	0	0	9	0	0	0	0	0	0	0	3	1	0	0	1	0	0	0	47
24:35:00	88500	7	7	0	66	0	0	0	1	0	0	0	5	5	4	0	10	1	1	0	0	0	0	0	3	0	1	0	0	1	1	0	47
24:40:00	88800	7	8	0	65	0	1	0	0	0	2	0	3	5	4	0	11	0	0	0	0	1	1	0	3	1	0	0	1	0	0	0	47
24:45:00	89100	4	10	0	59	0	0	0	0	0	1	0	2	2	5	0	8	1	1	0	0	0	0	0	3	0	1	0	0	1	2	0	46
24:50:00	89400	1	6	0	54	0	0	0	0	0	0	0	2	1	5	0	4	0	0	0	0	0	0	0	3	0	0	0	0	0	1	0	45
24:55:00	89700	4	8	0	50	0	0	0	0	0	0	0	2	3	5	0	2	0	0	0	0	1	1	0	3	0	0	0	0	0	2	0	43
25:00:00	90000	2	3	0	49	0	0	0	0	0	0	0	2	2	1	0	3	0	0	0	0	0	0	0	3	0	0	0	0	0	2	0	41
25:05:00	90300	3	1	0	51	0	0	0	0	0	0	0	2	3	1	0	5	0	0	0	0	0	0	0	3	0	0	0	0	0	0	0	41
25:10:00	90600	1	4	0	48	0	0	0	0	0	0	0	2	1	1	0	5	0	0	0	0	0	1	0	2	0	0	0	0	0	2	0	39
25:15:00	90900	2	2	0	48	0	0	0	0	0	0	0	2	2	1	0	6	0	0	0	0	0	0	0	2	0	0	0	0	0	1	0	38
25:20:00	91200	2	4	0	46	0	0	0	0	0	0	0	2	2	4	0	4	0	0	0	0	0	0	0	2	0	0	0	0	0	0	0	38
25:25:00	91500	0	3	0	43	0	0	0	0	0	0	0	2	0	3	0	1	0	0	0	0	0	0	0	2	0	0	0	0	0	0	0	38
25:30:00	91800	1	1	0	43	0	0	0	0	0	0	0	2	1	1	0	1	0	0	0	0	0	0	0	2	0	0	0	0	0	0	0	38
25:35:00	92100	0	2	0	41	0	0	0	0	0	0	0	2	0	1	0	0	0	0	0	0	0	1	0	1	0	0	0	0	0	0	0	38
25:40:00	92400	1	1	0	41	1	0	0	1	0	0	0	2	0	0	0	0	0	0	0	0	0	1	0	0	0	0	0	0	0	0	0	38
25:45:00	92700	0	1	0	40	0	0	0	1	0	0	0	2	0	0	0	0	0	0	0	0	0	0	0	0	0	0	0	0	0	1	0	37
25:50:00	93000	2	1	0	41	0	1	0	0	0	0	0	2	1	0	0	1	0	0	0	0	0	0	0	0	1	0	0	1	0	0	0	37
25:55:00	93300	2	3	0	40	1	0	0	1	0	0	0	2	0	0	0	1	0	0	0	0	0	0	0	0	0	1	0	0	1	2	0	36
26:00:00	93600	3	5	0	38	0	1	0	0	1	1	0	2	0	1	0	0	1	1	0	0	0	0	0	0	1	1	0	0	0	0	0	36
26:05:00	93900	2	2	0	38	0	0	0	0	0	1	0	1	1	0	0	1	0	0	0	0	1	0	0	1	0	0	0	0	0	1	0	35
26:10:00	94200	0	0	0	38	0	0	0	0	0	0	0	1	0	0	0	1	0	0	0	0	0	0	0	1	0	0	0	0	0	0	0	35
26:15:00	94500	3	2	0	39	0	0	0	0	0	0	0	1	1	0	0	2	0	0	0	0	1	1	0	1	0	0	0	0	1	1	0	35
26:20:00	94800	1	4	0	36	0	0	0	0	0	0	0	1	1	1	0	2	0	0	0	0	0	0	0	1	0	0	0	0	0	3	0	32
26:25:00	95100	1	2	0	35	0	0	0	0	0	0	0	1	0	0	0	2	0	0	0	0	0	1	0	0	0	0	0	0	1	1	0	32
26:30:00	95400	0	2	0	33	0	0	0	0	0	0	0	1	0	2	0	0	0	0	0	0	0	0	0	0	0	0	0	0	0	0	0	32
26:35:00	95700	0	0	0	33	0	0	0	0	0	0	0	1	0	0	0	0	0	0	0	0	0	0	0	0	0	0	0	0	0	0	0	32
26:40:00	96000	1	1	0	33	0	0	0	0	0	0	0	1	0	0	0	0	0	0	0	0	0	0	0	0	0	0	0	0	1	1	0	32
26:45:00	96300	0	2	0	31	0	0	0	0	0	0	0	1	0	0	0	0	0	0	0	0	0	0	0	0	0	0	0	0	0	2	0	30
26:50:00	96600	0	0	0	31	0	0	0	0	0	0	0	1	0	0	0	0	0	0	0	0	0	0	0	0	0	0	0	0	0	0	0	30
26:55:00	96900	0	0	0	31	0	0	0	0	0	0	0	1	0	0	0	0	0	0	0	0	0	0	0	0	0	0	0	0	0	0	0	30
27:00:00	97200	0	0	0	31	0	0	0	0	0	0	0	1	0	0	0	0	0	0	0	0	0	0	0	0	0	0	0	0	0	0	0	30
27:05:00	97500	0	1	0	30	0	0	0	0	0	0	0	1	0	0	0	0	0	0	0	0	0	0	0	0	0	0	0	0	0	1	0	29
27:10:00	97800	2	0	0	32	0	0	0	0	0	0	0	1	2	0	0	2	0	0	0	0	0	0	0	0	0	0	0	0	0	0	0	29
27:15:00	98100	0	2	0	30	0	0	0	0	0	0	0	1	0	1	0	1	0	0	0	0	0	0	0	0	0	0	0	0	0	1	0	28
27:20:00	98400	0	3	0	27	0	0	0	0	0	0	0	1	0	1	0	0	0	0	0	0	0	0	0	0	0	0	0	0	0	2	0	26
27:25:00	98700	0	0	0	27	0	0	0	0	0	0	0	1	0	0	0	0	0	0	0	0	0	0	0	0	0	0	0	0	0	0	0	26
27:30:00	99000	0	0	0	27	0	0	0	0	0	0	0	1	0	0	0	0	0	0	0	0	0	0	0	0	0	0	0	0	0	0	0	26
27:35:00	99300	0	0	0	27	0	0	0	0	0	0	0	1	0	0	0	0	0	0	0	0	0	0	0	0	0	0	0	0	0	0	0	26
27:40:00	99600	0	0	0	27	0	0	0	0	0	0	0	1	0	0	0	0	0	0	0	0	0	0	0	0	0	0	0	0	0	0	0	26
27:45:00	99900	0	0	0	27	0	0	0	0	0	0	0	1	0	0	0	0	0	0	0	0	0	0	0	0	0	0	0	0	0	0	0	26
27:50:00	100200	0	0	0	27	0	0	0	0	0	0	0	1	0	0	0	0	0	0	0	0	0	0	0	0	0	0	0	0	0	0	0	26
27:55:00	100500	0	0	0	27	0	0	0	0	0	0	0	1	0	0	0	0	0	0	0	0	0	0	0	0	0	0	0	0	0	0	0	26
28:00:00	100800	0	0	0	27	0	0	0	0	0	0	0	1	0	0	0	0	0	0	0	0	0	0	0	0	0	0	0	0	0	0	0	26
28:05:00	101100	0	0	0	27	0	0	0	0	0	0	0	1	0	0	0	0	0	0	0	0	0	0	0	0	0	0	0	0	0	0	0	26
28:10:00	101400	0	0	0	27	0	0	0	0	0	0	0	1	0	0	0	0	0	0	0	0	0	0	0	0	0	0	0	0	0	0	0	26
28:15:00	101700	0	1	0	26	0	0	0	0	0	0	0	1	0	0	0	0	0	0	0	0	0	0	0	0	0	0	0	0	0	1	0	25
28:20:00	102000	0	2	0	24	0	0	0	0	0	0	0	1	0	0	0	0	0	0	0	0	0	0	0	0	0	0	0	0	0	2	0	23
28:25:00	102300	0	0	0	24	0	0	0	0	0	0	0	1	0	0	0	0	0	0	0	0	0	0	0	0	0	0	0	0	0	0	0	23
28:30:00	102600	0	0	0	24	0	0	0	0	0	0	0	1	0	0	0	0	0	0	0	0	0	0	0	0	0	0	0	0	0	0	0	23
28:35:00	102900	0	0	0	24	0	0	0	0	0	0	0	1	0	0	0	0	0	0	0	0	0	0	0	0	0	0	0	0	0	0	0	23
28:40:00	103200	0	0	0	24	0	0	0	0	0	0	0	1	0	0	0	0	0	0	0	0	0	0	0	0	0	0	0	0	0	0	0	23
28:45:00	103500	0	0	0	24	0	0	0	0	0	0	0	1	0	0	0	0	0	0	0	0	0	0	0	0	0	0	0	0	0	0	0	23
28:50:00	103800	0	2	0	22	0	0	0	0	0	0	0	1	0	0	0	0	0	0	0	0	0	0	0	0	0	0	0	0	0	2	0	21
28:55:00	104100	0	0	0	22	0	0	0	0	0	0	0	1	0	0	0	0	0	0	0	0	0	0	0	0	0	0	0	0	0	0	0	21
29:00:00	104400	0	0	0	22	0	0	0	0	0	0	0	1	0	0	0	0	0	0	0	0	0	0	0	0	0	0	0	0	0	0	0	21
29:05:00	104700	0	0	0	22	0	0	0	0	0	0	0	1	0	0	0	0	0	0	0	0	0	0	0	0	0	0	0	0	0	0	0	21
29:10:00	105000	0	0	0	22	0	0	0	0	0	0	0	1	0	0	0	0	0	0	0	0	0	0	0	0	0	0	0	0	0	0	0	21
29:15:00	105300	1	1	0	22	0	0	0	0	0	0	0	1	0	0	0	0	0	0	0	0	0	0	0	0	0	0	0	0	1	1	0	21
29:20:00	105600	0	0	0	22	0	0	0	0	0	0	0	1	0	0	0	0	0	0	0	0	0	0	0	0	0	0	0	0	0	0	0	21
29:25:00	105900	0	0	0	22	0	0	0	0	0	0	0	1	0	0	0	0	0	0	0	0	0	0	0	0	0	0	0	0	0	0	0	21
29:30:00	106200	0	0	0	22	0	0	0	0	0	0	0	1	0	0	0	0	0	0	0	0	0	0	0	0	0	0	0	0	0	0	0	21
29:35:00	106500	0	0	0	22	0	0	0	0	0	0	0	1	0	0	0	0	0	0	0	0	0	0	0	0	0	0	0	0	0	0	0	21
29:40:00	106800	0	1	0	21	0	0	0	0	0	0	0	1	0	0	0	0	0	0	0	0	0	0	0	0	0	0	0	0	0	1	0	20
29:45:00	107100	0	0	0	21	0	0	0	0	0	0	0	1	0	0	0	0	0	0	0	0	0	0	0	0	0	0	0	0	0	0	0	20
29:50:00	107400	0	0	0	21	0	0	0	0	0	0	0	1	0	0	0	0	0	0	0	0	0	0	0	0	0	0	0	0	0	0	0	20
29:55:00	107700	0	0	0	21	0	0	0	0	0	0	0	1	0	0	0	0	0	0	0	0	0	0	0	0	0	0	0	0	0	0	0	20
30:00:00	108000	0	0	21	0	0	0	0	0	0	0	1	0	0	0	0	0	0	0	0	0	0	0	0	0	0	0	0	0	0	0	20	0
30:05:00	108300	0	0	0	0	0	0	0	0	0	0	0	0	0	0	0	0	0	0	0	0	0	0	0	0	0	0	0	0	0	0	0	0
