time	time	departures_all	arrivals_all	stuck_all	en-route_all	departures_access_walk_tw	arrivals_access_walk_tw	stuck_access_walk_tw	en-route_access_walk_tw	departures_bike	arrivals_bike	stuck_bike	en-route_bike	departures_car	arrivals_car	stuck_car	en-route_car	departures_egress_walk_tw	arrivals_egress_walk_tw	stuck_egress_walk_tw	en-route_egress_walk_tw	departures_pt	arrivals_pt	stuck_pt	en-route_pt	departures_twoway_vehicle	arrivals_twoway_vehicle	stuck_twoway_vehicle	en-route_twoway_vehicle	departures_walk	arrivals_walk	stuck_walk	en-route_walk
00:00:00	0	7	1	0	6	1	1	0	0	0	0	0	0	5	0	0	5	0	0	0	0	0	0	0	0	1	0	0	1	0	0	0	0
00:05:00	300	0	0	0	6	0	0	0	0	0	0	0	0	0	0	0	5	0	0	0	0	0	0	0	0	0	0	0	1	0	0	0	0
00:10:00	600	0	4	0	2	0	0	0	0	0	0	0	0	0	4	0	1	0	0	0	0	0	0	0	0	0	0	0	1	0	0	0	0
00:15:00	900	0	1	0	1	0	0	0	0	0	0	0	0	0	0	0	1	0	0	0	0	0	0	0	0	0	1	0	0	0	0	0	0
00:20:00	1200	3	0	0	4	0	0	0	0	0	0	0	0	3	0	0	4	0	0	0	0	0	0	0	0	0	0	0	0	0	0	0	0
00:25:00	1500	1	1	0	4	0	0	0	0	0	0	0	0	1	1	0	4	0	0	0	0	0	0	0	0	0	0	0	0	0	0	0	0
00:30:00	1800	1	3	0	2	0	0	0	0	0	0	0	0	1	3	0	2	0	0	0	0	0	0	0	0	0	0	0	0	0	0	0	0
00:35:00	2100	0	2	0	0	0	0	0	0	0	0	0	0	0	2	0	0	0	0	0	0	0	0	0	0	0	0	0	0	0	0	0	0
00:40:00	2400	2	0	0	2	0	0	0	0	0	0	0	0	2	0	0	2	0	0	0	0	0	0	0	0	0	0	0	0	0	0	0	0
00:45:00	2700	1	1	0	2	0	0	0	0	0	0	0	0	1	1	0	2	0	0	0	0	0	0	0	0	0	0	0	0	0	0	0	0
00:50:00	3000	1	2	0	1	1	0	0	1	0	0	0	0	0	2	0	0	0	0	0	0	0	0	0	0	0	0	0	0	0	0	0	0
00:55:00	3300	3	1	0	3	0	1	0	0	0	0	0	0	2	0	0	2	0	0	0	0	0	0	0	0	1	0	0	1	0	0	0	0
01:00:00	3600	1	1	0	3	0	0	0	0	0	0	0	0	1	0	0	3	0	0	0	0	0	0	0	0	0	1	0	0	0	0	0	0
01:05:00	3900	3	2	0	4	0	0	0	0	0	0	0	0	3	2	0	4	0	0	0	0	0	0	0	0	0	0	0	0	0	0	0	0
01:10:00	4200	2	1	0	5	1	0	0	1	0	0	0	0	0	1	0	3	0	0	0	0	0	0	0	0	0	0	0	0	1	0	0	1
01:15:00	4500	5	3	0	7	1	1	0	1	1	0	0	1	2	2	0	3	0	0	0	0	0	0	0	0	1	0	0	1	0	0	0	1
01:20:00	4800	3	2	0	8	0	1	0	0	0	0	0	1	2	0	0	5	0	0	0	0	0	0	0	0	1	1	0	1	0	0	0	1
01:25:00	5100	4	4	0	8	1	1	0	0	0	0	0	1	2	2	0	5	0	0	0	0	0	0	0	0	1	1	0	1	0	0	0	1
01:30:00	5400	2	1	0	9	0	0	0	0	1	0	0	2	1	1	0	5	0	0	0	0	0	0	0	0	0	0	0	1	0	0	0	1
01:35:00	5700	2	2	0	9	0	0	0	0	0	0	0	2	2	1	0	6	0	0	0	0	0	0	0	0	0	1	0	0	0	0	0	1
01:40:00	6000	0	0	0	9	0	0	0	0	0	0	0	2	0	0	0	6	0	0	0	0	0	0	0	0	0	0	0	0	0	0	0	1
01:45:00	6300	1	2	0	8	0	0	0	0	1	0	0	3	0	2	0	4	0	0	0	0	0	0	0	0	0	0	0	0	0	0	0	1
01:50:00	6600	4	4	0	8	1	1	0	0	0	1	0	2	1	2	0	3	0	0	0	0	0	0	0	0	2	0	0	2	0	0	0	1
01:55:00	6900	9	4	0	13	0	0	0	0	1	0	0	3	7	2	0	8	1	0	0	1	0	0	0	0	0	2	0	0	0	0	0	1
02:00:00	7200	4	2	0	15	1	0	0	1	1	0	0	4	1	1	0	8	0	1	0	0	1	0	0	1	0	0	0	0	0	0	0	1
02:05:00	7500	2	4	0	13	1	0	0	2	0	1	0	3	0	3	0	5	0	0	0	0	1	0	0	2	0	0	0	0	0	0	0	1
02:10:00	7800	6	4	0	15	1	1	0	2	0	0	0	3	4	2	0	7	0	0	0	0	0	1	0	1	1	0	0	1	0	0	0	1
02:15:00	8100	3	6	0	12	0	2	0	0	0	0	0	3	1	4	0	4	0	0	0	0	0	0	0	1	2	0	0	3	0	0	0	1
02:20:00	8400	3	3	0	12	0	0	0	0	0	0	0	3	3	1	0	6	0	0	0	0	0	0	0	1	0	2	0	1	0	0	0	1
02:25:00	8700	6	2	0	16	2	1	0	1	0	0	0	3	3	0	0	9	0	0	0	0	0	0	0	1	1	1	0	1	0	0	0	1
02:30:00	9000	3	3	0	16	0	1	0	0	0	0	0	3	2	1	0	10	0	0	0	0	0	0	0	1	1	1	0	1	0	0	0	1
02:35:00	9300	8	2	0	22	1	0	0	1	0	0	0	3	5	2	0	13	0	0	0	0	0	0	0	1	0	0	0	1	2	0	0	3
02:40:00	9600	4	5	0	21	0	0	0	1	0	0	0	3	4	4	0	13	0	0	0	0	0	0	0	1	0	1	0	0	0	0	0	3
02:45:00	9900	2	2	0	21	0	1	0	0	0	0	0	3	1	1	0	13	0	0	0	0	0	0	0	1	1	0	0	1	0	0	0	3
02:50:00	10200	7	2	0	26	1	0	0	1	0	0	0	3	5	1	0	17	0	0	0	0	1	0	0	2	0	1	0	0	0	0	0	3
02:55:00	10500	6	5	0	27	0	0	0	1	0	0	0	3	5	5	0	17	0	0	0	0	0	0	0	2	0	0	0	0	1	0	0	4
03:00:00	10800	5	5	0	27	0	1	0	0	0	0	0	3	2	4	0	15	0	0	0	0	1	0	0	3	1	0	0	1	1	0	0	5
03:05:00	11100	4	7	0	24	0	0	0	0	1	0	0	4	2	7	0	10	0	0	0	0	1	0	0	4	0	0	0	1	0	0	0	5
03:10:00	11400	5	3	0	26	0	0	0	0	0	0	0	4	5	3	0	12	0	0	0	0	0	0	0	4	0	0	0	1	0	0	0	5
03:15:00	11700	6	6	0	26	1	0	0	1	0	0	0	4	4	4	0	12	0	0	0	0	0	0	0	4	0	1	0	0	1	1	0	5
03:20:00	12000	7	3	0	30	1	0	0	2	0	0	0	4	6	2	0	16	0	0	0	0	0	1	0	3	0	0	0	0	0	0	0	5
03:25:00	12300	10	7	0	33	0	0	0	2	0	1	0	3	7	5	0	18	1	0	0	1	0	0	0	3	1	1	0	0	1	0	0	6
03:30:00	12600	12	9	0	36	0	1	0	1	3	0	0	6	8	6	0	20	0	1	0	0	0	0	0	3	1	0	0	1	0	1	0	5
03:35:00	12900	6	5	0	37	0	1	0	0	0	0	0	6	4	3	0	21	0	0	0	0	0	0	0	3	1	1	0	1	1	0	0	6
03:40:00	13200	21	11	0	47	3	1	0	2	2	0	0	8	12	9	0	24	0	0	0	0	1	1	0	3	1	0	0	2	2	0	0	8
03:45:00	13500	8	9	0	46	0	2	0	0	0	1	0	7	5	4	0	25	0	0	0	0	0	0	0	3	2	2	0	2	1	0	0	9
03:50:00	13800	21	10	0	57	2	0	0	2	0	2	0	5	13	8	0	30	0	0	0	0	2	0	0	5	0	0	0	2	4	0	0	13
03:55:00	14100	10	10	0	57	0	2	0	0	1	0	0	6	6	8	0	28	0	0	0	0	0	0	0	5	2	0	0	4	1	0	0	14
04:00:00	14400	10	5	0	62	0	0	0	0	0	0	0	6	10	4	0	34	0	0	0	0	0	1	0	4	0	0	0	4	0	0	0	14
04:05:00	14700	21	11	0	72	0	0	0	0	0	0	0	6	20	9	0	45	0	0	0	0	0	0	0	4	0	1	0	3	1	1	0	14
04:10:00	15000	19	13	0	78	0	0	0	0	1	0	0	7	13	13	0	45	0	0	0	0	1	0	0	5	0	0	0	3	4	0	0	18
04:15:00	15300	15	13	0	80	0	0	0	0	0	1	0	6	13	11	0	47	0	0	0	0	1	0	0	6	0	0	0	3	1	1	0	18
04:20:00	15600	30	13	0	97	0	0	0	0	3	0	0	9	26	10	0	63	0	0	0	0	0	1	0	5	0	1	0	2	1	1	0	18
04:25:00	15900	20	19	0	98	2	0	0	2	2	0	0	11	14	18	0	59	0	0	0	0	0	1	0	4	0	0	0	2	2	0	0	20
04:30:00	16200	19	15	0	102	0	1	0	1	0	1	0	10	16	13	0	62	0	0	0	0	0	0	0	4	1	0	0	3	2	0	0	22
04:35:00	16500	32	27	0	107	0	1	0	0	1	2	0	9	28	21	0	69	0	0	0	0	1	1	0	4	1	1	0	3	1	1	0	22
04:40:00	16800	26	26	0	107	0	0	0	0	1	0	0	10	22	25	0	66	0	0	0	0	2	0	0	6	0	1	0	2	1	0	0	23
04:45:00	17100	25	16	0	116	1	0	0	1	3	1	0	12	15	14	0	67	0	0	0	0	3	0	0	9	0	0	0	2	3	1	0	25
04:50:00	17400	31	26	0	121	0	0	0	1	2	1	0	13	26	24	0	69	0	0	0	0	3	0	0	12	0	1	0	1	0	0	0	25
04:55:00	17700	29	27	0	123	0	0	0	1	2	0	0	15	23	24	0	68	0	0	0	0	2	1	0	13	0	0	0	1	2	2	0	25
05:00:00	18000	23	21	0	125	0	0	0	1	2	2	0	15	19	17	0	70	0	0	0	0	1	2	0	12	0	0	0	1	1	0	0	26
05:05:00	18300	27	23	0	129	1	1	0	1	3	1	0	17	19	20	0	69	0	0	0	0	0	1	0	11	1	0	0	2	3	0	0	29
05:10:00	18600	30	25	0	134	0	0	0	1	5	1	0	21	22	21	0	70	0	0	0	0	2	3	0	10	0	0	0	2	1	0	0	30
05:15:00	18900	28	25	0	137	0	0	0	1	2	1	0	22	22	21	0	71	0	0	0	0	1	1	0	10	0	0	0	2	3	2	0	31
05:20:00	19200	51	16	0	172	0	1	0	0	2	2	0	22	39	11	0	99	0	0	0	0	7	1	0	16	1	1	0	2	2	0	0	33
05:25:00	19500	46	39	0	179	2	1	0	1	3	2	0	23	36	33	0	102	0	0	0	0	1	2	0	15	1	0	0	3	3	1	0	35
05:30:00	19800	34	32	0	181	0	0	0	1	1	1	0	23	28	27	0	103	0	0	0	0	0	0	0	15	0	2	0	1	5	2	0	38
05:35:00	20100	36	42	0	175	0	1	0	0	3	3	0	23	29	36	0	96	0	0	0	0	1	2	0	14	1	0	0	2	2	0	0	40
05:40:00	20400	36	38	0	173	2	1	0	1	3	2	0	24	27	34	0	89	0	0	0	0	2	1	0	15	1	0	0	3	1	0	0	41
05:45:00	20700	51	42	0	182	0	1	0	0	2	3	0	23	41	34	0	96	0	0	0	0	1	1	0	15	1	2	0	2	6	1	0	46
05:50:00	21000	44	31	0	195	0	0	0	0	0	1	0	22	35	27	0	104	0	0	0	0	3	1	0	17	0	1	0	1	6	1	0	51
05:55:00	21300	38	41	0	192	0	0	0	0	2	3	0	21	29	34	0	99	0	0	0	0	4	4	0	17	0	0	0	1	3	0	0	54
06:00:00	21600	46	37	0	201	0	0	0	0	2	3	0	20	38	32	0	105	0	0	0	0	4	1	0	20	0	0	0	1	2	1	0	55
06:05:00	21900	35	42	0	194	0	0	0	0	0	3	0	17	29	39	0	95	0	0	0	0	0	0	0	20	0	0	0	1	6	0	0	61
06:10:00	22200	45	32	0	207	0	0	0	0	4	1	0	20	31	27	0	99	0	0	0	0	4	1	0	23	0	0	0	1	6	3	0	64
06:15:00	22500	54	40	0	221	0	0	0	0	5	1	0	24	42	34	0	107	0	0	0	0	4	4	0	23	0	0	0	1	3	1	0	66
06:20:00	22800	40	57	0	204	0	0	0	0	5	1	0	28	33	50	0	90	0	0	0	0	1	3	0	21	0	0	0	1	1	3	0	64
06:25:00	23100	43	26	0	221	0	0	0	0	1	0	0	29	34	23	0	101	0	0	0	0	4	1	0	24	0	0	0	1	4	2	0	66
06:30:00	23400	56	33	0	244	0	0	0	0	3	1	0	31	49	31	0	119	0	0	0	0	1	1	0	24	0	0	0	1	3	0	0	69
06:35:00	23700	49	52	0	241	0	0	0	0	2	3	0	30	40	43	0	116	0	0	0	0	5	3	0	26	0	1	0	0	2	2	0	69
06:40:00	24000	54	57	0	238	1	0	0	1	3	2	0	31	43	50	0	109	0	0	0	0	4	4	0	26	1	0	0	1	2	1	0	70
06:45:00	24300	40	59	0	219	0	1	0	0	1	3	0	29	35	48	0	96	1	0	0	1	1	4	0	23	1	1	0	1	1	2	0	69
06:50:00	24600	59	45	0	233	0	0	0	0	3	4	0	28	46	35	0	107	0	1	0	0	5	2	0	26	0	0	0	1	5	3	0	71
06:55:00	24900	40	55	0	218	0	0	0	0	2	4	0	26	35	47	0	95	0	0	0	0	2	2	0	26	0	1	0	0	1	1	0	71
07:00:00	25200	45	47	0	216	0	0	0	0	1	4	0	23	41	43	0	93	0	0	0	0	1	0	0	27	0	0	0	0	2	0	0	73
07:05:00	25500	53	39	0	230	0	0	0	0	3	0	0	26	39	35	0	97	0	0	0	0	4	4	0	27	0	0	0	0	7	0	0	80
07:10:00	25800	56	54	0	232	0	0	0	0	2	2	0	26	43	44	0	96	0	0	0	0	4	5	0	26	2	0	0	2	5	3	0	82
07:15:00	26100	72	55	0	249	0	0	0	0	1	1	0	26	63	46	0	113	1	0	0	1	3	3	0	26	0	1	0	1	4	4	0	82
07:20:00	26400	67	58	0	258	0	0	0	0	6	2	0	30	55	49	0	119	1	0	0	2	1	2	0	25	1	1	0	1	3	4	0	81
07:25:00	26700	66	70	0	254	1	0	0	1	4	3	0	31	51	61	0	109	1	2	0	1	5	2	0	28	0	1	0	0	4	1	0	84
07:30:00	27000	61	61	0	254	0	1	0	0	3	1	0	33	52	51	0	110	0	1	0	0	0	2	0	26	1	0	0	1	5	5	0	84
07:35:00	27300	72	66	0	260	1	0	0	1	5	4	0	34	55	53	0	112	0	0	0	0	3	4	0	25	0	0	0	1	8	5	0	87
07:40:00	27600	83	68	0	275	2	0	0	3	1	5	0	30	69	57	0	124	0	0	0	0	4	4	0	25	0	1	0	0	7	1	0	93
07:45:00	27900	76	79	0	272	0	2	0	1	2	5	0	27	60	61	0	123	0	0	0	0	3	7	0	21	2	0	0	2	9	4	0	98
07:50:00	28200	73	68	0	277	0	1	0	0	1	2	0	26	70	62	0	131	0	0	0	0	1	1	0	21	1	2	0	1	0	0	0	98
07:55:00	28500	86	78	0	285	0	0	0	0	4	3	0	27	69	71	0	129	0	0	0	0	4	3	0	22	1	0	0	2	8	1	0	105
08:00:00	28800	77	80	0	282	0	0	0	0	3	0	0	30	68	74	0	123	0	0	0	0	2	4	0	20	0	0	0	2	4	2	0	107
08:05:00	29100	72	73	0	281	0	0	0	0	4	1	0	33	62	65	0	120	1	0	0	1	1	3	0	18	0	1	0	1	4	3	0	108
08:10:00	29400	72	76	0	277	0	0	0	0	4	7	0	30	57	61	0	116	0	1	0	0	4	2	0	20	0	0	0	1	7	5	0	110
08:15:00	29700	85	79	0	283	0	0	0	0	6	8	0	28	70	66	0	120	0	0	0	0	6	1	0	25	1	0	0	2	2	4	0	108
08:20:00	30000	78	73	0	288	0	0	0	0	5	4	0	29	59	64	0	115	1	0	0	1	3	3	0	25	0	1	0	1	10	1	0	117
08:25:00	30300	67	63	0	292	0	0	0	0	2	3	0	28	60	56	0	119	0	0	0	1	2	2	0	25	0	0	0	1	3	2	0	118
08:30:00	30600	81	81	0	292	1	1	0	0	5	1	0	32	70	68	0	121	0	1	0	0	2	6	0	21	1	0	0	2	2	4	0	116
08:35:00	30900	90	89	0	293	0	0	0	0	1	4	0	29	75	71	0	125	0	0	0	0	6	4	0	23	0	1	0	1	8	9	0	115
08:40:00	31200	86	91	0	288	0	0	0	0	4	4	0	29	75	74	0	126	0	0	0	0	4	8	0	19	0	0	0	1	3	5	0	113
08:45:00	31500	88	90	0	286	0	0	0	0	4	3	0	30	75	79	0	122	0	0	0	0	3	2	0	20	0	0	0	1	6	6	0	113
08:50:00	31800	94	87	0	293	0	0	0	0	2	5	0	27	87	77	0	132	0	0	0	0	1	0	0	21	0	0	0	1	4	5	0	112
08:55:00	32100	108	87	0	314	0	0	0	0	5	5	0	27	89	74	0	147	0	0	0	0	6	5	0	22	1	0	0	2	7	3	0	116
09:00:00	32400	96	105	0	305	1	0	0	1	4	5	0	26	79	91	0	135	0	0	0	0	8	4	0	26	0	0	0	2	4	5	0	115
09:05:00	32700	91	99	0	297	0	1	0	0	4	5	0	25	72	81	0	126	1	1	0	0	4	4	0	26	1	3	0	0	9	4	0	120
09:10:00	33000	108	82	0	323	0	0	0	0	7	3	0	29	93	70	0	149	0	0	0	0	3	6	0	23	0	0	0	0	5	3	0	122
09:15:00	33300	111	104	0	330	1	0	0	1	6	5	0	30	93	91	0	151	0	0	0	0	5	3	0	25	0	0	0	0	6	5	0	123
09:20:00	33600	106	104	0	332	0	0	0	1	2	6	0	26	93	86	0	158	0	0	0	0	4	6	0	23	0	0	0	0	7	6	0	124
09:25:00	33900	120	120	0	332	0	1	0	0	4	1	0	29	100	100	0	158	0	0	0	0	5	8	0	20	3	0	0	3	8	10	0	122
09:30:00	34200	124	112	0	344	0	0	0	0	5	6	0	28	107	95	0	170	0	0	0	0	8	7	0	21	0	1	0	2	4	3	0	123
09:35:00	34500	101	111	0	334	1	0	0	1	3	7	0	24	88	95	0	163	1	0	0	1	3	4	0	20	0	1	0	1	5	4	0	124
09:40:00	34800	117	103	0	348	0	1	0	0	4	6	0	22	98	87	0	174	0	0	0	1	10	5	0	25	1	0	0	2	4	4	0	124
09:45:00	35100	118	129	0	337	0	0	0	0	7	5	0	24	100	110	0	164	0	1	0	0	5	3	0	27	0	1	0	1	6	9	0	121
09:50:00	35400	105	114	0	328	0	0	0	0	4	4	0	24	90	100	0	154	0	0	0	0	4	6	0	25	0	0	0	1	7	4	0	124
09:55:00	35700	109	114	0	323	1	0	0	1	4	6	0	22	97	93	0	158	0	0	0	0	3	7	0	21	1	0	0	2	3	8	0	119
10:00:00	36000	105	117	0	311	0	1	0	0	5	4	0	23	91	99	0	150	1	0	0	1	3	8	0	16	2	1	0	3	3	4	0	118
10:05:00	36300	105	107	0	309	0	0	0	0	7	7	0	23	89	87	0	152	1	2	0	0	5	3	0	18	0	2	0	1	3	6	0	115
10:10:00	36600	103	117	0	295	0	0	0	0	3	3	0	23	90	106	0	136	0	0	0	0	5	2	0	21	1	0	0	2	4	6	0	113
10:15:00	36900	124	95	0	324	0	0	0	0	6	5	0	24	102	80	0	158	0	0	0	0	4	3	0	22	2	0	0	4	10	7	0	116
10:20:00	37200	146	118	0	352	1	0	0	1	7	7	0	24	127	98	0	187	2	1	0	1	3	6	0	19	1	2	0	3	5	4	0	117
10:25:00	37500	131	147	0	336	1	2	0	0	3	3	0	24	114	126	0	175	2	2	0	1	2	7	0	14	4	2	0	5	5	5	0	117
10:30:00	37800	151	121	0	366	0	0	0	0	7	4	0	27	126	106	0	195	1	1	0	1	8	3	0	19	1	2	0	4	8	5	0	120
10:35:00	38100	145	125	0	386	0	0	0	0	5	1	0	31	124	110	0	209	1	0	0	2	8	7	0	20	0	2	0	2	7	5	0	122
10:40:00	38400	122	131	0	377	0	0	0	0	7	6	0	32	107	114	0	202	0	1	0	1	4	4	0	20	0	0	0	2	4	6	0	120
10:45:00	38700	129	148	0	358	0	0	0	0	4	8	0	28	108	123	0	187	1	1	0	1	7	6	0	21	2	1	0	3	7	9	0	118
10:50:00	39000	135	143	0	350	0	0	0	0	5	3	0	30	113	124	0	176	1	1	0	1	6	6	0	21	2	1	0	4	8	8	0	118
10:55:00	39300	128	127	0	351	0	0	0	0	4	7	0	27	103	104	0	175	3	1	0	3	7	5	0	23	0	3	0	1	11	7	0	122
11:00:00	39600	133	146	0	338	0	0	0	0	8	8	0	27	113	120	0	168	1	2	0	2	7	10	0	20	1	1	0	1	3	5	0	120
11:05:00	39900	139	114	0	363	0	0	0	0	3	9	0	21	123	95	0	196	0	2	0	0	5	4	0	21	0	0	0	1	8	4	0	124
11:10:00	40200	119	134	0	348	1	0	0	1	3	3	0	21	105	118	0	183	0	0	0	0	7	6	0	22	1	0	0	2	2	7	0	119
11:15:00	40500	136	142	0	342	1	2	0	0	2	2	0	21	118	125	0	176	0	0	0	0	7	7	0	22	2	1	0	3	6	5	0	120
11:20:00	40800	122	130	0	334	0	0	0	0	6	4	0	23	97	109	0	164	2	0	0	2	5	6	0	21	2	2	0	3	10	9	0	121
11:25:00	41100	138	120	0	352	0	0	0	0	7	2	0	28	123	102	0	185	1	1	0	2	3	7	0	17	0	2	0	1	4	6	0	119
11:30:00	41400	129	137	0	344	1	1	0	0	5	8	0	25	111	114	0	182	1	2	0	1	4	4	0	17	1	1	0	1	6	7	0	118
11:35:00	41700	124	114	0	354	0	0	0	0	8	4	0	29	108	103	0	187	0	0	0	1	2	1	0	18	2	1	0	2	4	5	0	117
11:40:00	42000	134	111	0	377	0	0	0	0	7	7	0	29	116	91	0	212	0	1	0	0	7	4	0	21	0	0	0	2	4	8	0	113
11:45:00	42300	131	146	0	362	0	0	0	0	7	5	0	31	113	129	0	196	1	1	0	0	3	5	0	19	0	1	0	1	7	5	0	115
11:50:00	42600	138	135	0	365	0	0	0	0	5	10	0	26	122	115	0	203	0	0	0	0	6	5	0	20	0	0	0	1	5	5	0	115
11:55:00	42900	138	134	0	369	2	2	0	0	8	5	0	29	118	116	0	205	1	0	0	1	3	6	0	17	3	1	0	3	3	4	0	114
12:00:00	43200	138	130	0	377	1	0	0	1	11	8	0	32	115	109	0	211	1	1	0	1	5	3	0	19	0	3	0	0	5	6	0	113
12:05:00	43500	135	153	0	359	1	1	0	1	7	6	0	33	112	128	0	195	0	1	0	0	7	6	0	20	1	0	0	1	7	11	0	109
12:10:00	43800	142	139	0	362	0	0	0	1	7	12	0	28	123	112	0	206	0	0	0	0	3	3	0	20	1	1	0	1	8	11	0	106
12:15:00	44100	161	138	0	385	0	1	0	0	14	5	0	37	126	119	0	213	0	0	0	0	12	7	0	25	2	1	0	2	7	5	0	108
12:20:00	44400	134	137	0	382	0	0	0	0	1	7	0	31	118	120	0	211	0	0	0	0	6	6	0	25	0	0	0	2	9	4	0	113
12:25:00	44700	158	140	0	400	0	0	0	0	7	6	0	32	130	121	0	220	2	0	0	2	10	7	0	28	0	2	0	0	9	4	0	118
12:30:00	45000	121	152	0	369	0	0	0	0	5	6	0	31	105	130	0	195	0	1	0	1	5	7	0	26	1	0	0	1	5	8	0	115
12:35:00	45300	138	138	0	369	1	1	0	0	7	7	0	31	119	114	0	200	1	2	0	0	3	7	0	22	3	1	0	3	4	6	0	113
12:40:00	45600	114	138	0	345	0	0	0	0	8	5	0	34	92	122	0	170	0	0	0	0	9	4	0	27	0	0	0	3	5	7	0	111
12:45:00	45900	120	116	0	349	2	1	0	1	4	6	0	32	99	96	0	173	0	0	0	0	3	7	0	23	1	1	0	3	11	5	0	117
12:50:00	46200	128	122	0	355	0	1	0	0	7	4	0	35	111	101	0	183	1	0	0	1	4	5	0	22	2	3	0	2	3	8	0	112
12:55:00	46500	135	132	0	358	2	2	0	0	1	6	0	30	120	108	0	195	1	0	0	2	6	6	0	22	2	2	0	2	3	8	0	107
13:00:00	46800	130	127	0	361	1	0	0	1	5	12	0	23	112	103	0	204	0	2	0	0	7	5	0	24	1	1	0	2	4	4	0	107
13:05:00	47100	136	135	0	362	1	1	0	1	4	6	0	21	123	113	0	214	1	0	0	1	3	7	0	20	1	1	0	2	3	7	0	103
13:10:00	47400	128	140	0	350	1	1	0	1	4	5	0	20	101	114	0	201	0	1	0	0	12	10	0	22	1	1	0	2	9	8	0	104
13:15:00	47700	135	125	0	360	0	0	0	1	4	5	0	19	116	114	0	203	0	0	0	0	11	3	0	30	0	0	0	2	4	3	0	105
13:20:00	48000	111	127	0	344	0	1	0	0	9	1	0	27	93	111	0	185	0	0	0	0	4	7	0	27	1	1	0	2	4	6	0	103
13:25:00	48300	135	114	0	365	0	0	0	0	7	1	0	33	111	99	0	197	1	0	0	1	4	4	0	27	1	2	0	1	11	8	0	106
13:30:00	48600	145	138	0	372	0	0	0	0	4	6	0	31	125	121	0	201	0	0	0	1	7	7	0	27	4	0	0	5	5	4	0	107
13:35:00	48900	116	126	0	362	1	0	0	1	3	5	0	29	93	102	0	192	2	1	0	2	8	10	0	25	2	2	0	5	7	6	0	108
13:40:00	49200	132	135	0	359	1	2	0	0	3	6	0	26	112	113	0	191	2	4	0	0	5	4	0	26	2	3	0	4	7	3	0	112
13:45:00	49500	141	128	0	372	1	1	0	0	6	10	0	22	123	107	0	207	1	1	0	0	5	2	0	29	2	2	0	4	3	5	0	110
13:50:00	49800	129	135	0	366	1	1	0	0	7	6	0	23	106	114	0	199	2	1	0	1	5	6	0	28	2	3	0	3	6	4	0	112
13:55:00	50100	127	119	0	374	0	0	0	0	6	5	0	24	111	96	0	214	0	1	0	0	2	9	0	21	1	1	0	3	7	7	0	112
14:00:00	50400	127	141	0	360	3	1	0	2	3	6	0	21	104	121	0	197	0	0	0	0	6	7	0	20	2	0	0	5	9	6	0	115
14:05:00	50700	139	122	0	377	0	0	0	2	7	6	0	22	114	105	0	206	1	0	0	1	4	4	0	20	0	1	0	4	13	6	0	122
14:10:00	51000	136	137	0	376	1	1	0	2	4	6	0	20	122	118	0	210	0	0	0	1	4	3	0	21	2	1	0	5	3	8	0	117
14:15:00	51300	119	119	0	376	1	2	0	1	5	4	0	21	107	103	0	214	1	0	0	2	2	4	0	19	2	3	0	4	1	3	0	115
14:20:00	51600	136	128	0	384	0	1	0	0	16	6	0	31	106	107	0	213	1	2	0	1	2	5	0	16	2	1	0	5	9	6	0	118
14:25:00	51900	127	122	0	389	1	1	0	0	9	4	0	36	107	110	0	210	0	0	0	1	3	2	0	17	1	2	0	4	6	3	0	121
14:30:00	52200	122	129	0	382	2	1	0	1	5	7	0	34	104	109	0	205	1	2	0	0	3	3	0	17	1	2	0	3	6	5	0	122
14:35:00	52500	139	108	0	413	1	1	0	1	6	6	0	34	122	89	0	238	0	0	0	0	4	6	0	15	1	1	0	3	5	5	0	122
14:40:00	52800	138	147	0	404	0	0	0	1	9	10	0	33	114	123	0	229	1	1	0	0	6	3	0	18	1	2	0	2	7	8	0	121
14:45:00	53100	126	142	0	388	4	2	0	3	7	9	0	31	94	120	0	203	1	1	0	0	4	2	0	20	4	1	0	5	12	7	0	126
14:50:00	53400	129	136	0	381	1	3	0	1	4	6	0	29	112	118	0	197	1	1	0	0	3	1	0	22	3	2	0	6	5	5	0	126
14:55:00	53700	160	127	0	414	3	4	0	0	2	4	0	27	138	101	0	234	2	2	0	0	4	5	0	21	5	4	0	7	6	7	0	125
15:00:00	54000	150	172	0	392	0	0	0	0	7	9	0	25	131	141	0	224	1	1	0	0	6	10	0	17	1	5	0	3	4	6	0	123
15:05:00	54300	143	136	0	399	0	0	0	0	4	1	0	28	125	123	0	226	2	1	0	1	6	3	0	20	0	2	0	1	6	6	0	123
15:10:00	54600	134	137	0	396	0	0	0	0	6	7	0	27	116	124	0	218	0	0	0	1	6	1	0	25	0	0	0	1	6	5	0	124
15:15:00	54900	138	134	0	400	0	0	0	0	5	4	0	28	121	117	0	222	0	0	0	1	5	5	0	25	1	1	0	1	6	7	0	123
15:20:00	55200	151	144	0	407	3	0	0	3	8	7	0	29	129	126	0	225	1	2	0	0	6	3	0	28	0	1	0	0	4	5	0	122
15:25:00	55500	175	139	0	443	2	3	0	2	7	4	0	32	138	121	0	242	1	0	0	1	11	5	0	34	5	2	0	3	11	4	0	129
15:30:00	55800	143	168	0	418	2	1	0	3	6	6	0	32	117	143	0	216	1	2	0	0	9	5	0	38	1	2	0	2	7	9	0	127
15:35:00	56100	160	135	0	443	1	3	0	1	4	4	0	32	132	108	0	240	1	1	0	0	10	8	0	40	3	4	0	1	9	7	0	129
15:40:00	56400	159	149	0	453	2	1	0	2	6	4	0	34	133	129	0	244	0	0	0	0	9	10	0	39	1	1	0	1	8	4	0	133
15:45:00	56700	168	153	0	468	1	1	0	2	8	8	0	34	147	125	0	266	0	0	0	0	5	9	0	35	3	2	0	2	4	8	0	129
15:50:00	57000	168	143	0	493	0	2	0	0	10	7	0	37	138	124	0	280	1	0	0	1	7	6	0	36	3	2	0	3	9	2	0	136
15:55:00	57300	160	173	0	480	1	0	0	1	6	7	0	36	139	146	0	273	4	3	0	2	5	7	0	34	1	4	0	0	4	6	0	134
16:00:00	57600	176	186	0	470	1	1	0	1	7	10	0	33	154	160	0	267	1	2	0	1	5	7	0	32	2	1	0	1	6	5	0	135
16:05:00	57900	173	179	0	464	1	1	0	1	8	4	0	37	149	161	0	255	0	1	0	0	6	6	0	32	2	1	0	2	7	5	0	137
16:10:00	58200	160	136	0	488	1	0	0	2	5	7	0	35	138	120	0	273	1	0	0	1	6	3	0	35	1	1	0	2	8	5	0	140
16:15:00	58500	174	170	0	492	6	3	0	5	12	7	0	40	133	137	0	269	2	1	0	2	7	8	0	34	4	4	0	2	10	10	0	140
16:20:00	58800	155	157	0	490	1	3	0	3	4	6	0	38	133	132	0	270	2	3	0	1	6	5	0	35	6	2	0	6	3	6	0	137
16:25:00	59100	176	192	0	474	1	4	0	0	8	12	0	34	138	153	0	255	2	1	0	2	9	7	0	37	5	5	0	6	13	10	0	140
16:30:00	59400	149	150	0	473	3	3	0	0	5	6	0	33	126	124	0	257	1	2	0	1	3	4	0	36	4	4	0	6	7	7	0	140
16:35:00	59700	153	150	0	476	1	1	0	0	12	8	0	37	119	125	0	251	0	1	0	0	9	5	0	40	3	2	0	7	9	8	0	141
16:40:00	60000	173	137	0	512	4	2	0	2	10	2	0	45	140	110	0	281	2	0	0	2	5	8	0	37	2	4	0	5	10	11	0	140
16:45:00	60300	169	169	0	512	1	2	0	1	4	8	0	41	137	143	0	275	0	2	0	0	11	8	0	40	4	4	0	5	12	2	0	150
16:50:00	60600	200	181	0	531	3	1	0	3	4	9	0	36	172	149	0	298	3	3	0	0	9	5	0	44	2	5	0	2	7	9	0	148
16:55:00	60900	178	169	0	540	2	2	0	3	6	6	0	36	150	139	0	309	2	1	0	1	9	13	0	40	3	2	0	3	6	6	0	148
17:00:00	61200	161	189	0	512	2	1	0	4	8	4	0	40	132	169	0	272	0	1	0	0	10	6	0	44	2	2	0	3	7	6	0	149
17:05:00	61500	175	164	0	523	1	2	0	3	11	9	0	42	150	131	0	291	0	0	0	0	3	10	0	37	4	3	0	4	6	9	0	146
17:10:00	61800	168	177	0	514	1	3	0	1	15	7	0	50	127	153	0	265	2	0	0	2	9	6	0	40	3	3	0	4	11	5	0	152
17:15:00	62100	150	169	0	495	1	0	0	2	7	10	0	47	124	133	0	256	3	4	0	1	6	9	0	37	4	5	0	3	5	8	0	149
17:20:00	62400	176	174	0	497	3	3	0	2	7	8	0	46	147	150	0	253	2	1	0	2	7	7	0	37	3	2	0	4	7	3	0	153
17:25:00	62700	173	173	0	497	3	3	0	2	5	5	0	46	143	147	0	249	1	3	0	0	9	7	0	39	3	4	0	3	9	4	0	158
17:30:00	63000	164	160	0	501	1	2	0	1	10	8	0	48	136	134	0	251	1	0	0	1	6	9	0	36	4	2	0	5	6	5	0	159
17:35:00	63300	169	166	0	504	1	0	0	2	9	7	0	50	147	135	0	263	1	2	0	0	4	7	0	33	0	5	0	0	7	10	0	156
17:40:00	63600	173	155	0	522	3	2	0	3	5	10	0	45	153	131	0	285	0	0	0	0	6	3	0	36	4	0	0	4	2	9	0	149
17:45:00	63900	152	179	0	495	2	2	0	3	6	9	0	42	124	152	0	257	2	0	0	2	5	8	0	33	3	3	0	4	10	5	0	154
17:50:00	64200	160	168	0	487	3	3	0	3	7	8	0	41	139	136	0	260	0	2	0	0	3	6	0	30	4	4	0	4	4	9	0	149
17:55:00	64500	135	191	0	431	0	2	0	1	3	11	0	33	115	150	0	225	2	0	0	2	3	8	0	25	3	5	0	2	9	15	0	143
18:00:00	64800	151	130	0	452	2	2	0	1	0	5	0	28	134	114	0	245	0	2	0	0	2	3	0	24	4	1	0	5	9	3	0	149
18:05:00	65100	180	166	0	466	3	2	0	2	7	7	0	28	152	141	0	256	3	3	0	0	6	2	0	28	4	4	0	5	5	7	0	147
18:10:00	65400	152	162	0	456	3	3	0	2	7	2	0	33	116	141	0	231	2	1	0	1	12	7	0	33	5	3	0	7	7	5	0	149
18:15:00	65700	137	162	0	431	2	3	0	1	9	10	0	32	110	126	0	215	2	2	0	1	6	9	0	30	3	7	0	3	5	5	0	149
18:20:00	66000	146	131	0	446	0	0	0	1	4	5	0	31	127	108	0	234	2	2	0	1	5	5	0	30	0	2	0	1	8	9	0	148
18:25:00	66300	149	141	0	454	4	1	0	4	4	4	0	31	124	118	0	240	2	2	0	1	6	4	0	32	3	3	0	1	6	9	0	145
18:30:00	66600	131	154	0	431	1	2	0	3	4	5	0	30	111	129	0	222	1	1	0	1	6	8	0	30	4	3	0	2	4	6	0	143
18:35:00	66900	136	140	0	427	2	3	0	2	5	5	0	30	118	117	0	223	1	2	0	0	5	5	0	30	4	1	0	5	1	7	0	137
18:40:00	67200	133	149	0	411	3	4	0	1	5	5	0	30	114	123	0	214	0	0	0	0	2	7	0	25	6	3	0	8	3	7	0	133
18:45:00	67500	138	147	0	402	2	1	0	2	10	6	0	34	109	121	0	202	3	1	0	2	3	7	0	21	4	6	0	6	7	5	0	135
18:50:00	67800	140	154	0	388	1	2	0	1	2	4	0	32	120	127	0	195	3	1	0	4	6	4	0	23	3	7	0	2	5	9	0	131
18:55:00	68100	138	133	0	393	2	2	0	1	4	3	0	33	112	110	0	197	0	2	0	2	11	8	0	26	2	1	0	3	7	7	0	131
19:00:00	68400	125	129	0	389	2	0	0	3	10	7	0	36	100	106	0	191	2	3	0	1	5	5	0	26	2	3	0	2	4	5	0	130
19:05:00	68700	112	139	0	362	0	2	0	1	2	6	0	32	95	115	0	171	2	2	0	1	7	11	0	22	3	2	0	3	3	1	0	132
19:10:00	69000	112	124	0	350	1	1	0	1	4	6	0	30	91	105	0	157	0	0	0	1	7	4	0	25	3	2	0	4	6	6	0	132
19:15:00	69300	108	111	0	347	1	1	0	1	5	6	0	29	91	91	0	157	2	3	0	0	3	4	0	24	2	2	0	4	4	4	0	132
19:20:00	69600	116	106	0	357	2	2	0	1	4	5	0	28	93	80	0	170	3	1	0	2	5	5	0	24	4	4	0	4	5	9	0	128
19:25:00	69900	90	116	0	331	2	1	0	2	5	5	0	28	74	94	0	150	2	3	0	1	1	5	0	20	3	4	0	3	3	4	0	127
19:30:00	70200	99	113	0	317	0	2	0	0	3	7	0	24	81	90	0	141	2	2	0	1	5	4	0	21	5	4	0	4	3	4	0	126
19:35:00	70500	105	108	0	314	2	0	0	2	8	7	0	25	85	86	0	140	2	2	0	1	3	3	0	21	1	4	0	1	4	6	0	124
19:40:00	70800	107	101	0	320	1	2	0	1	6	5	0	26	88	83	0	145	1	0	0	2	5	2	0	24	2	2	0	1	4	7	0	121
19:45:00	71100	93	96	0	317	2	0	0	3	5	6	0	25	73	78	0	140	0	2	0	0	2	6	0	20	5	1	0	5	6	3	0	124
19:50:00	71400	89	102	0	304	3	0	0	6	2	6	0	21	68	80	0	128	3	1	0	2	5	4	0	21	3	3	0	5	5	8	0	121
19:55:00	71700	103	96	0	311	2	5	0	3	3	2	0	22	80	68	0	140	5	3	0	4	2	3	0	20	8	8	0	5	3	7	0	117
20:00:00	72000	98	106	0	303	1	1	0	3	2	2	0	22	82	86	0	136	2	3	0	3	5	4	0	21	4	3	0	6	2	7	0	112
20:05:00	72300	93	112	0	284	2	4	0	1	5	4	0	23	73	85	0	124	3	3	0	3	5	5	0	21	4	5	0	5	1	6	0	107
20:10:00	72600	88	105	0	267	3	1	0	3	4	3	0	24	75	88	0	111	1	2	0	2	1	5	0	17	1	3	0	3	3	3	0	107
20:15:00	72900	76	99	0	244	0	2	0	1	6	6	0	24	59	73	0	97	1	2	0	1	5	4	0	18	4	4	0	3	1	8	0	100
20:20:00	73200	75	65	0	254	3	1	0	3	1	3	0	22	56	54	0	99	1	1	0	1	7	2	0	23	2	2	0	3	5	2	0	103
20:25:00	73500	65	79	0	240	1	2	0	2	3	6	0	19	53	57	0	95	0	1	0	0	2	2	0	23	3	2	0	4	3	9	0	97
20:30:00	73800	92	80	0	252	2	0	0	4	3	3	0	19	73	62	0	106	2	1	0	1	6	6	0	23	1	4	0	1	5	4	0	98
20:35:00	74100	82	88	0	246	2	6	0	0	1	5	0	15	66	62	0	110	2	1	0	2	4	6	0	21	6	2	0	5	1	6	0	93
20:40:00	74400	71	83	0	234	4	1	0	3	3	2	0	16	58	64	0	104	2	2	0	2	0	7	0	14	2	6	0	1	2	1	0	94
20:45:00	74700	62	81	0	215	0	2	0	1	2	1	0	17	54	72	0	86	0	1	0	1	4	2	0	16	2	1	0	2	0	2	0	92
20:50:00	75000	77	72	0	220	2	1	0	2	4	4	0	17	63	52	0	97	2	2	0	1	3	4	0	15	3	3	0	2	0	6	0	86
20:55:00	75300	60	71	0	209	3	3	0	2	0	5	0	12	46	53	0	90	3	2	0	2	0	2	0	13	6	4	0	4	2	2	0	86
21:00:00	75600	59	66	0	202	1	1	0	2	0	2	0	10	50	51	0	89	2	2	0	2	1	3	0	11	3	4	0	3	2	3	0	85
21:05:00	75900	63	63	0	202	2	3	0	1	2	1	0	11	48	50	0	87	2	3	0	1	5	1	0	15	3	2	0	4	1	3	0	83
21:10:00	76200	63	77	0	188	2	1	0	2	1	2	0	10	49	58	0	78	2	3	0	0	3	4	0	14	3	5	0	2	3	4	0	82
21:15:00	76500	81	72	0	197	2	3	0	1	5	2	0	13	63	57	0	84	0	0	0	0	4	3	0	15	4	2	0	4	3	5	0	80
21:20:00	76800	48	61	0	184	1	0	0	2	3	3	0	13	32	49	0	67	2	1	0	1	8	3	0	20	1	2	0	3	1	3	0	78
21:25:00	77100	49	60	0	173	2	2	0	2	1	3	0	11	40	44	0	63	2	2	0	1	1	2	0	19	3	4	0	2	0	3	0	75
21:30:00	77400	58	45	0	186	0	1	0	1	0	1	0	10	44	32	0	75	2	2	0	1	6	4	0	21	4	2	0	4	2	3	0	74
21:35:00	77700	61	60	0	187	2	0	0	3	6	3	0	13	50	45	0	80	1	1	0	1	0	5	0	16	0	2	0	2	2	4	0	72
21:40:00	78000	61	70	0	178	2	2	0	3	3	0	0	16	49	56	0	73	2	2	0	1	0	4	0	12	4	3	0	3	1	3	0	70
21:45:00	78300	75	45	0	208	2	2	0	3	3	3	0	16	62	31	0	104	1	1	0	1	0	2	0	10	4	2	0	5	3	4	0	69
21:50:00	78600	75	81	0	202	1	2	0	2	2	6	0	12	62	63	0	103	3	3	0	1	2	1	0	11	3	4	0	4	2	2	0	69
21:55:00	78900	102	62	0	242	2	2	0	2	2	2	0	12	92	52	0	143	1	1	0	1	1	1	0	11	2	3	0	3	2	1	0	70
22:00:00	79200	108	67	0	283	3	1	0	4	0	1	0	11	97	52	0	188	2	2	0	1	3	2	0	12	2	4	0	1	1	5	0	66
22:05:00	79500	72	135	0	220	0	2	0	2	1	2	0	10	62	123	0	127	2	3	0	0	1	2	0	11	5	2	0	4	1	1	0	66
22:10:00	79800	45	108	0	157	1	1	0	2	2	1	0	11	35	97	0	65	4	1	0	3	0	3	0	8	2	4	0	2	1	1	0	66
22:15:00	80100	45	62	0	140	1	3	0	0	2	3	0	10	32	44	0	53	1	4	0	0	2	1	0	9	6	2	0	6	1	5	0	62
22:20:00	80400	41	46	0	135	1	0	0	1	1	2	0	9	30	27	0	56	6	3	0	3	1	3	0	7	2	7	0	1	0	4	0	58
22:25:00	80700	22	48	0	109	1	1	0	1	1	3	0	7	13	37	0	32	2	3	0	2	2	1	0	8	2	2	0	1	1	1	0	58
22:30:00	81000	26	32	0	103	0	0	0	1	3	2	0	8	20	22	0	30	1	2	0	1	1	2	0	7	0	1	0	0	1	3	0	56
22:35:00	81300	25	25	0	103	2	2	0	1	1	2	0	7	19	16	0	33	0	0	0	1	0	1	0	6	3	1	0	2	0	3	0	53
22:40:00	81600	33	26	0	110	1	2	0	0	1	1	0	7	24	17	0	40	2	0	0	3	1	2	0	5	4	3	0	3	0	1	0	52
22:45:00	81900	23	31	0	102	0	0	0	0	1	0	0	8	13	19	0	34	1	4	0	0	2	2	0	5	1	1	0	3	5	5	0	52
22:50:00	82200	28	25	0	105	1	0	0	1	3	3	0	8	22	19	0	37	0	0	0	0	2	0	0	7	0	1	0	2	0	2	0	50
22:55:00	82500	18	32	0	91	0	0	0	1	2	1	0	9	14	25	0	26	1	0	0	1	0	1	0	6	0	1	0	1	1	4	0	47
23:00:00	82800	18	23	0	86	2	0	0	3	0	3	0	6	13	14	0	25	0	0	0	1	1	3	0	4	1	0	0	2	1	3	0	45
23:05:00	83100	9	20	0	75	2	1	0	4	1	0	0	7	5	15	0	15	0	1	0	0	0	0	0	4	1	1	0	2	0	2	0	43
23:10:00	83400	13	9	0	79	0	0	0	4	0	0	0	7	10	5	0	20	1	1	0	0	0	0	0	4	1	1	0	2	1	2	0	42
23:15:00	83700	20	17	0	82	1	3	0	2	1	1	0	7	14	8	0	26	0	0	0	0	0	2	0	2	3	0	0	5	1	3	0	40
23:20:00	84000	25	25	0	82	2	0	0	4	4	3	0	8	12	15	0	23	3	1	0	2	2	0	0	4	1	5	0	1	1	1	0	40
23:25:00	84300	13	17	0	78	0	1	0	3	0	0	0	8	11	11	0	23	1	2	0	1	0	1	0	3	1	1	0	1	0	1	0	39
23:30:00	84600	14	19	0	73	1	0	0	4	0	2	0	6	7	13	0	17	1	1	0	1	3	1	0	5	0	1	0	0	2	1	0	40
23:35:00	84900	12	20	0	65	0	1	0	3	0	2	0	4	10	14	0	13	0	1	0	0	0	0	0	5	1	0	0	1	1	2	0	39
23:40:00	85200	10	17	0	58	1	1	0	3	1	2	0	3	7	11	0	9	0	0	0	0	0	1	0	4	1	1	0	1	0	1	0	38
23:45:00	85500	10	8	0	60	0	1	0	2	2	1	0	4	7	4	0	12	0	0	0	0	0	0	0	4	1	0	0	2	0	2	0	36
23:50:00	85800	11	9	0	62	0	0	0	2	0	1	0	3	8	4	0	16	2	2	0	0	0	0	0	4	0	2	0	0	1	0	0	37
23:55:00	86100	8	15	0	55	0	0	0	2	0	0	0	3	5	11	0	10	0	0	0	0	0	1	0	3	0	0	0	0	3	3	0	37
24:00:00	86400	6	8	0	53	0	0	0	2	0	0	0	3	5	8	0	7	0	0	0	0	1	0	0	4	0	0	0	0	0	0	0	37
24:05:00	86700	12	6	0	59	0	1	0	1	0	1	0	2	10	4	0	13	0	0	0	0	1	0	0	5	1	0	0	1	0	0	0	37
24:10:00	87000	9	11	0	57	0	0	0	1	0	0	0	2	8	8	0	13	1	1	0	0	0	1	0	4	0	1	0	0	0	0	0	37
24:15:00	87300	6	11	0	52	0	0	0	1	1	0	0	3	4	7	0	10	0	0	0	0	0	2	0	2	0	0	0	0	1	2	0	36
24:20:00	87600	9	7	0	54	0	0	0	1	1	0	0	4	7	4	0	13	0	0	0	0	0	0	0	2	0	0	0	0	1	3	0	34
24:25:00	87900	6	9	0	51	0	0	0	1	1	1	0	4	5	7	0	11	0	0	0	0	0	0	0	2	0	0	0	0	0	1	0	33
24:30:00	88200	5	6	0	50	0	0	0	1	0	0	0	4	5	6	0	10	0	0	0	0	0	0	0	2	0	0	0	0	0	0	0	33
24:35:00	88500	4	6	0	48	0	0	0	1	0	1	0	3	3	5	0	8	0	0	0	0	0	0	0	2	0	0	0	0	1	0	0	34
24:40:00	88800	2	5	0	45	0	1	0	0	0	0	0	3	1	4	0	5	0	0	0	0	0	0	0	2	1	0	0	1	0	0	0	34
24:45:00	89100	1	3	0	43	0	0	0	0	0	1	0	2	1	1	0	5	0	0	0	0	0	0	0	2	0	0	0	1	0	1	0	33
24:50:00	89400	4	3	0	44	1	0	0	1	0	1	0	1	3	1	0	7	0	0	0	0	0	0	0	2	0	1	0	0	0	0	0	33
24:55:00	89700	4	7	0	41	0	1	0	0	0	0	0	1	2	2	0	7	1	1	0	0	0	0	0	2	1	1	0	0	0	2	0	31
25:00:00	90000	3	2	0	42	0	0	0	0	0	0	0	1	2	2	0	7	0	0	0	0	1	0	0	3	0	0	0	0	0	0	0	31
25:05:00	90300	4	4	0	42	0	0	0	0	3	2	0	2	0	1	0	6	0	0	0	0	0	0	0	3	1	0	0	1	0	1	0	30
25:10:00	90600	1	3	0	40	0	0	0	0	0	1	0	1	1	2	0	5	0	0	0	0	0	0	0	3	0	0	0	1	0	0	0	30
25:15:00	90900	3	7	0	36	0	0	0	0	0	0	0	1	2	3	0	4	1	0	0	1	0	1	0	2	0	1	0	0	0	2	0	28
25:20:00	91200	0	3	0	33	0	0	0	0	0	0	0	1	0	2	0	2	0	1	0	0	0	0	0	2	0	0	0	0	0	0	0	28
25:25:00	91500	2	0	0	35	0	0	0	0	0	0	0	1	2	0	0	4	0	0	0	0	0	0	0	2	0	0	0	0	0	0	0	28
25:30:00	91800	0	4	0	31	0	0	0	0	0	0	0	1	0	3	0	1	0	0	0	0	0	0	0	2	0	0	0	0	0	1	0	27
25:35:00	92100	3	2	0	32	0	0	0	0	0	0	0	1	3	0	0	4	0	0	0	0	0	1	0	1	0	0	0	0	0	1	0	26
25:40:00	92400	0	2	0	30	0	0	0	0	0	0	0	1	0	2	0	2	0	0	0	0	0	0	0	1	0	0	0	0	0	0	0	26
25:45:00	92700	0	1	0	29	0	0	0	0	0	0	0	1	0	1	0	1	0	0	0	0	0	0	0	1	0	0	0	0	0	0	0	26
25:50:00	93000	2	2	0	29	0	0	0	0	0	0	0	1	1	0	0	2	0	0	0	0	0	0	0	1	0	0	0	0	1	2	0	25
25:55:00	93300	1	2	0	28	0	0	0	0	0	0	0	1	0	1	0	1	0	0	0	0	0	0	0	1	0	0	0	0	1	1	0	25
26:00:00	93600	0	1	0	27	0	0	0	0	0	0	0	1	0	1	0	0	0	0	0	0	0	0	0	1	0	0	0	0	0	0	0	25
26:05:00	93900	0	0	0	27	0	0	0	0	0	0	0	1	0	0	0	0	0	0	0	0	0	0	0	1	0	0	0	0	0	0	0	25
26:10:00	94200	0	1	0	26	0	0	0	0	0	0	0	1	0	0	0	0	0	0	0	0	0	0	0	1	0	0	0	0	0	1	0	24
26:15:00	94500	0	1	0	25	0	0	0	0	0	0	0	1	0	0	0	0	0	0	0	0	0	0	0	1	0	0	0	0	0	1	0	23
26:20:00	94800	0	0	0	25	0	0	0	0	0	0	0	1	0	0	0	0	0	0	0	0	0	0	0	1	0	0	0	0	0	0	0	23
26:25:00	95100	0	0	0	25	0	0	0	0	0	0	0	1	0	0	0	0	0	0	0	0	0	0	0	1	0	0	0	0	0	0	0	23
26:30:00	95400	0	0	0	25	0	0	0	0	0	0	0	1	0	0	0	0	0	0	0	0	0	0	0	1	0	0	0	0	0	0	0	23
26:35:00	95700	0	0	0	25	0	0	0	0	0	0	0	1	0	0	0	0	0	0	0	0	0	0	0	1	0	0	0	0	0	0	0	23
26:40:00	96000	0	1	0	24	0	0	0	0	0	1	0	0	0	0	0	0	0	0	0	0	0	0	0	1	0	0	0	0	0	0	0	23
26:45:00	96300	0	1	0	23	0	0	0	0	0	0	0	0	0	0	0	0	0	0	0	0	0	0	0	1	0	0	0	0	0	1	0	22
26:50:00	96600	1	1	0	23	0	0	0	0	0	0	0	0	0	0	0	0	0	0	0	0	0	0	0	1	0	0	0	0	1	1	0	22
26:55:00	96900	0	0	0	23	0	0	0	0	0	0	0	0	0	0	0	0	0	0	0	0	0	0	0	1	0	0	0	0	0	0	0	22
27:00:00	97200	0	0	0	23	0	0	0	0	0	0	0	0	0	0	0	0	0	0	0	0	0	0	0	1	0	0	0	0	0	0	0	22
27:05:00	97500	0	0	0	23	0	0	0	0	0	0	0	0	0	0	0	0	0	0	0	0	0	0	0	1	0	0	0	0	0	0	0	22
27:10:00	97800	0	0	0	23	0	0	0	0	0	0	0	0	0	0	0	0	0	0	0	0	0	0	0	1	0	0	0	0	0	0	0	22
27:15:00	98100	0	1	0	22	0	0	0	0	0	0	0	0	0	0	0	0	0	0	0	0	0	0	0	1	0	0	0	0	0	1	0	21
27:20:00	98400	0	0	0	22	0	0	0	0	0	0	0	0	0	0	0	0	0	0	0	0	0	0	0	1	0	0	0	0	0	0	0	21
27:25:00	98700	0	0	0	22	0	0	0	0	0	0	0	0	0	0	0	0	0	0	0	0	0	0	0	1	0	0	0	0	0	0	0	21
27:30:00	99000	0	1	0	21	0	0	0	0	0	0	0	0	0	0	0	0	0	0	0	0	0	1	0	0	0	0	0	0	0	0	0	21
27:35:00	99300	0	0	0	21	0	0	0	0	0	0	0	0	0	0	0	0	0	0	0	0	0	0	0	0	0	0	0	0	0	0	0	21
27:40:00	99600	0	0	0	21	0	0	0	0	0	0	0	0	0	0	0	0	0	0	0	0	0	0	0	0	0	0	0	0	0	0	0	21
27:45:00	99900	0	0	0	21	0	0	0	0	0	0	0	0	0	0	0	0	0	0	0	0	0	0	0	0	0	0	0	0	0	0	0	21
27:50:00	100200	0	1	0	20	0	0	0	0	0	0	0	0	0	0	0	0	0	0	0	0	0	0	0	0	0	0	0	0	0	1	0	20
27:55:00	100500	0	0	0	20	0	0	0	0	0	0	0	0	0	0	0	0	0	0	0	0	0	0	0	0	0	0	0	0	0	0	0	20
28:00:00	100800	0	0	0	20	0	0	0	0	0	0	0	0	0	0	0	0	0	0	0	0	0	0	0	0	0	0	0	0	0	0	0	20
28:05:00	101100	0	0	0	20	0	0	0	0	0	0	0	0	0	0	0	0	0	0	0	0	0	0	0	0	0	0	0	0	0	0	0	20
28:10:00	101400	1	1	0	20	0	0	0	0	0	0	0	0	1	0	0	1	0	0	0	0	0	0	0	0	0	0	0	0	0	1	0	19
28:15:00	101700	0	1	0	19	0	0	0	0	0	0	0	0	0	1	0	0	0	0	0	0	0	0	0	0	0	0	0	0	0	0	0	19
28:20:00	102000	0	0	0	19	0	0	0	0	0	0	0	0	0	0	0	0	0	0	0	0	0	0	0	0	0	0	0	0	0	0	0	19
28:25:00	102300	0	0	0	19	0	0	0	0	0	0	0	0	0	0	0	0	0	0	0	0	0	0	0	0	0	0	0	0	0	0	0	19
28:30:00	102600	0	0	0	19	0	0	0	0	0	0	0	0	0	0	0	0	0	0	0	0	0	0	0	0	0	0	0	0	0	0	0	19
28:35:00	102900	0	1	0	18	0	0	0	0	0	0	0	0	0	0	0	0	0	0	0	0	0	0	0	0	0	0	0	0	0	1	0	18
28:40:00	103200	0	0	0	18	0	0	0	0	0	0	0	0	0	0	0	0	0	0	0	0	0	0	0	0	0	0	0	0	0	0	0	18
28:45:00	103500	0	0	0	18	0	0	0	0	0	0	0	0	0	0	0	0	0	0	0	0	0	0	0	0	0	0	0	0	0	0	0	18
28:50:00	103800	0	0	0	18	0	0	0	0	0	0	0	0	0	0	0	0	0	0	0	0	0	0	0	0	0	0	0	0	0	0	0	18
28:55:00	104100	0	0	0	18	0	0	0	0	0	0	0	0	0	0	0	0	0	0	0	0	0	0	0	0	0	0	0	0	0	0	0	18
29:00:00	104400	0	2	0	16	0	0	0	0	0	0	0	0	0	0	0	0	0	0	0	0	0	0	0	0	0	0	0	0	0	2	0	16
29:05:00	104700	0	0	0	16	0	0	0	0	0	0	0	0	0	0	0	0	0	0	0	0	0	0	0	0	0	0	0	0	0	0	0	16
29:10:00	105000	0	0	0	16	0	0	0	0	0	0	0	0	0	0	0	0	0	0	0	0	0	0	0	0	0	0	0	0	0	0	0	16
29:15:00	105300	0	0	0	16	0	0	0	0	0	0	0	0	0	0	0	0	0	0	0	0	0	0	0	0	0	0	0	0	0	0	0	16
29:20:00	105600	0	0	0	16	0	0	0	0	0	0	0	0	0	0	0	0	0	0	0	0	0	0	0	0	0	0	0	0	0	0	0	16
29:25:00	105900	0	0	0	16	0	0	0	0	0	0	0	0	0	0	0	0	0	0	0	0	0	0	0	0	0	0	0	0	0	0	0	16
29:30:00	106200	0	0	0	16	0	0	0	0	0	0	0	0	0	0	0	0	0	0	0	0	0	0	0	0	0	0	0	0	0	0	0	16
29:35:00	106500	0	0	0	16	0	0	0	0	0	0	0	0	0	0	0	0	0	0	0	0	0	0	0	0	0	0	0	0	0	0	0	16
29:40:00	106800	0	0	0	16	0	0	0	0	0	0	0	0	0	0	0	0	0	0	0	0	0	0	0	0	0	0	0	0	0	0	0	16
29:45:00	107100	0	0	0	16	0	0	0	0	0	0	0	0	0	0	0	0	0	0	0	0	0	0	0	0	0	0	0	0	0	0	0	16
29:50:00	107400	0	0	0	16	0	0	0	0	0	0	0	0	0	0	0	0	0	0	0	0	0	0	0	0	0	0	0	0	0	0	0	16
29:55:00	107700	0	0	0	16	0	0	0	0	0	0	0	0	0	0	0	0	0	0	0	0	0	0	0	0	0	0	0	0	0	0	0	16
30:00:00	108000	0	0	16	0	0	0	0	0	0	0	0	0	0	0	0	0	0	0	0	0	0	0	0	0	0	0	0	0	0	0	16	0
30:05:00	108300	0	0	0	0	0	0	0	0	0	0	0	0	0	0	0	0	0	0	0	0	0	0	0	0	0	0	0	0	0	0	0	0
