personID,carsharingType,startTime,endTIme,startLink,pickupLink,dropoffLink,endLink,distance,inVehicleTime,accessTime,egressTime,vehicleID,cost,bookingTime,companyID,vehicleType
29028763,twoway,67281.0,70844.0,342369,13762,null,13762,1707.8046360814653,131.0,364.0,0.0,12133683,4.581393296797334,3563.0,Oply,car
29192138,twoway,66267.0,72610.0,486026,486024,null,486024,10526.311407963225,902.0,356.0,0.0,12132662,8.288175518580841,6343.0,Oply,car
34864815,twoway,46461.0,53673.0,332454,255316,null,255316,3476.6232058264577,371.0,252.0,0.0,12132612,8.478420168725155,7212.0,Oply,car
27277649,twoway,51891.0,56383.0,187450,346913,null,346913,23944.130387469526,1717.0,193.0,0.0,12133733,7.927801588061976,4492.0,Oply,car
27518969,twoway,64194.0,71853.0,87197,87195,null,87195,16906.965406792475,1319.0,171.0,0.0,12133622,13.484319333804683,7659.0,Oply,car
26531737,twoway,62009.0,63171.0,316616,337736,null,243379,6218.341295611999,547.0,615.0,0.0,12102702,4.622704207875339,1162.0,Oply,car
33624130,twoway,80648.0,81513.0,436770,1825,null,11624,1803.9800189635487,166.0,699.0,0.0,12107641,5.1986699432,865.0,Oply,car
29466384,twoway,82921.0,84256.0,425134,427832,null,414280,8598.762384167725,672.0,663.0,0.0,12121651,4.468411738898843,1335.0,Oply,car
27858928,twoway,10827.0,32914.0,120291,456157,null,456157,22806.39645239291,1681.0,522.0,0.0,12103621,27.43366962336712,22087.0,Oply,car
28704786,twoway,14971.0,41671.0,280055,320455,null,320455,7318.102341265547,605.0,234.0,0.0,12103611,33.158301387094845,26700.0,Oply,car
26844301,twoway,35340.0,41012.0,131673,131665,null,131665,7136.058274475558,612.0,361.0,0.0,12131612,9.301997273206549,5672.0,Oply,car
28919026,twoway,17031.0,41677.0,440255,337736,null,337736,233458.56758921064,9970.0,783.0,0.0,12102701,31.68236904931151,24646.0,Oply,car
26863191,twoway,6423.0,43056.0,993,30901,null,30901,12997.229180086535,1034.0,786.0,0.0,12133711,49.65835332659721,36633.0,Oply,car
27397893,twoway,34313.0,37847.0,50756,484179,null,484179,9521.231373619037,691.0,259.0,0.0,12121632,4.8719261866298735,3534.0,Oply,car
32394521,twoway,59808.0,63767.0,501129,501127,null,501127,5435.664399766873,461.0,297.0,0.0,12133672,9.087833756206829,3959.0,Oply,car
27564862,twoway,12572.0,48739.0,125457,244185,null,244185,21636.218450753368,1699.0,238.0,0.0,12096531,39.08291136526847,36167.0,Oply,car
31574958,twoway,75891.0,82917.0,61449,229018,null,257127,2193.495431060974,212.0,2006.0,0.0,12095571,10.378438901400001,7026.0,Oply,car
26800722,twoway,8455.0,44480.0,118082,105073,null,105073,17415.066226947154,1289.0,565.0,0.0,12096521,41.473595235500945,36025.0,Oply,car
29366096,twoway,55568.0,61488.0,21199,485280,null,485280,12820.524591327738,1044.0,126.0,0.0,12131621,9.132500749577767,5920.0,Oply,car
27711422,twoway,67029.0,67729.0,444459,7103,null,37224,3958.319466693262,287.0,413.0,0.0,12120632,3.956930710947669,700.0,Oply,car
27820663,twoway,0.0,26245.0,500682,423936,null,423936,15609.856292930961,1261.0,288.0,0.0,12102631,36.4226332174094,26245.0,Oply,car
27397896,twoway,43767.0,51529.0,50756,484179,null,484179,7380.303996667659,647.0,259.0,0.0,12121631,13.697852774063305,7762.0,Oply,car
33681734,twoway,40850.0,43005.0,406139,474619,null,474619,9707.667563231938,881.0,485.0,0.0,12105612,4.419262102969558,2155.0,Oply,car
26768583,twoway,57249.0,57787.0,278294,286148,null,289218,710.8844657240608,75.0,463.0,0.0,12131681,5.4179149392,538.0,Oply,car
28546281,twoway,46006.0,58113.0,498129,454386,null,454386,3040.6381104826014,234.0,382.0,0.0,12122612,16.62862889567711,12107.0,Oply,car
27574320,twoway,26433.0,34447.0,93351,456157,null,456157,2340.855605685883,233.0,188.0,0.0,12103622,12.67334231512462,8014.0,Oply,car
27929545,twoway,40944.0,51830.0,245017,501127,null,501127,18010.35815680439,1225.0,606.0,0.0,12133671,12.659024680229319,10886.0,Oply,car
28665783,twoway,81559.0,85745.0,444375,37224,null,255282,7183.434348505088,552.0,3634.0,0.0,12120632,8.91984491224609,4186.0,Oply,car
28168860,twoway,78977.0,83759.0,255623,254295,null,254295,7145.586870435415,609.0,233.0,0.0,12102662,8.93714056871617,4782.0,Oply,car
28161672,twoway,61615.0,65461.0,391664,172623,null,172623,4807.358742870739,416.0,191.0,0.0,12104671,4.92724194499712,3846.0,Oply,car
27120453,twoway,77589.0,85004.0,362878,281994,null,281994,8058.094648967477,731.0,629.0,0.0,12095583,9.212080587768423,7415.0,Oply,car
29334495,twoway,75107.0,79226.0,415458,153654,null,153654,13328.528350153601,1104.0,198.0,0.0,12103671,10.3824106481,4119.0,Oply,car
29507695,twoway,66558.0,67887.0,482855,222465,null,356979,1927.2795274385885,194.0,1135.0,0.0,12102692,4.5910904208201835,1329.0,Oply,car
28670696,twoway,35642.0,44634.0,299703,280126,null,280126,2766.8559549550673,262.0,107.0,0.0,12103642,12.603990419866024,8992.0,Oply,car
26736654,twoway,52427.0,58471.0,174221,1384,null,1384,13308.691134872042,1080.0,297.0,0.0,12102641,9.182440627639538,6044.0,Oply,car
28008802,twoway,62826.0,69388.0,354404,474619,null,474619,14753.697669463872,1210.0,146.0,0.0,12105614,7.812474818785734,6562.0,Oply,car
29312809,twoway,56886.0,76767.0,342369,13762,null,13762,100886.08602529355,4931.0,364.0,0.0,12133681,26.892307516547515,19881.0,Oply,car
32107184,twoway,71838.0,78972.0,175197,1384,null,1384,2808.312650382582,281.0,121.0,0.0,12102642,8.986993185753661,7134.0,Oply,car
29312807,twoway,11973.0,44485.0,342369,13762,null,13762,100886.08602529355,4931.0,364.0,0.0,12133681,37.42490993722157,32512.0,Oply,car
34462705,twoway,73570.0,79197.0,125553,105073,null,105073,4757.136902809995,369.0,142.0,0.0,12096523,8.97104000658017,5627.0,Oply,car
32870411,twoway,36218.0,46328.0,60517,289762,null,289762,16095.876753875891,1301.0,318.0,0.0,12131642,15.915098579599999,10110.0,Oply,car
33008747,twoway,63952.0,65227.0,105073,105073,null,105073,6364.361378310297,528.0,1.0,0.0,12096523,4.603279670879065,1275.0,Oply,car
33262080,twoway,44783.0,50574.0,257108,131665,null,131665,9021.933194604602,747.0,98.0,0.0,12131612,9.254481176882075,5791.0,Oply,car
27382060,twoway,46029.0,53196.0,434340,79825,null,79825,8229.567337489789,642.0,127.0,0.0,12120661,9.241113154092814,7167.0,Oply,car
26699107,twoway,68512.0,74377.0,321827,274193,null,274193,8731.673427922808,785.0,668.0,0.0,12133612,9.015756261101497,5865.0,Oply,car
30437737,twoway,58601.0,65416.0,342369,13762,null,13762,4441.265414162635,466.0,364.0,0.0,12133682,9.10485148659195,6815.0,Oply,car
28663373,twoway,46715.0,53543.0,125457,244185,null,244185,6517.76633995267,550.0,238.0,0.0,12096533,9.230621305700092,6828.0,Oply,car
28254072,twoway,43806.0,49134.0,65774,281994,null,281994,7498.247730463858,677.0,161.0,0.0,12095582,9.253755628924965,5328.0,Oply,car
34617832,twoway,9767.0,15599.0,169381,172623,null,172623,2206.2496159615503,220.0,690.0,0.0,12104672,8.822424858728276,5832.0,Oply,car
29658514,twoway,62749.0,68241.0,254293,254295,null,254295,6867.878181175942,573.0,165.0,0.0,12102662,10.498260986899998,5492.0,Oply,car
29414923,twoway,74713.0,75545.0,137540,257127,null,229018,2520.3843293912146,220.0,612.0,0.0,12095571,5.238928366100001,832.0,Oply,car
28254074,twoway,68305.0,74392.0,65774,281994,null,281994,7431.706565407212,682.0,161.0,0.0,12095582,8.272126801288284,6087.0,Oply,car
29040308,twoway,79141.0,79844.0,255299,105073,null,151019,2360.4894482545997,188.0,515.0,0.0,12096521,5.2096114884,703.0,Oply,car
32922029,twoway,50429.0,56245.0,229018,414631,null,414631,6976.013208127115,539.0,91.0,0.0,12120622,9.210041128743383,5816.0,Oply,car
28347468,twoway,41333.0,44460.0,110827,66928,null,66928,5194.037348883757,451.0,253.0,0.0,12108612,5.5739777907,3127.0,Oply,car
32289422,twoway,46102.0,53309.0,354404,474619,null,474619,12115.774086851157,1069.0,146.0,0.0,12105613,8.483356967390085,7207.0,Oply,car
31091681,twoway,75892.0,76603.0,91498,271647,null,242977,2890.822713449784,247.0,464.0,0.0,12104641,5.2297553923999995,711.0,Oply,car
26920892,twoway,51655.0,60475.0,174976,7103,null,7103,10294.698883532214,877.0,505.0,0.0,12120634,11.759718772594683,8820.0,Oply,car
29553139,twoway,69707.0,75419.0,145341,105073,null,105073,6364.361378310297,528.0,288.0,0.0,12096521,8.263345334547433,5712.0,Oply,car
28952772,twoway,14051.0,49410.0,450264,409369,null,409369,11379.201896540804,863.0,439.0,0.0,12121641,41.32447386438356,35359.0,Oply,car
27308809,twoway,55446.0,61780.0,487114,487115,null,487115,7237.403647892812,577.0,117.0,0.0,12132691,10.592560987799999,6334.0,Oply,car
26814681,twoway,71927.0,77765.0,165624,1384,null,1384,5765.498849645986,507.0,157.0,0.0,12102641,10.4179104209,5838.0,Oply,car
29012704,twoway,59067.0,64494.0,402009,153654,null,153654,492.8971625739953,63.0,250.0,0.0,12103671,10.5508392255,5427.0,Oply,car
27609177,twoway,66106.0,71795.0,294765,403375,null,403375,7388.173473246476,679.0,141.0,0.0,12132641,9.037018771560193,5689.0,Oply,car
28597553,twoway,75587.0,83016.0,382149,373984,null,373984,45777.466503975076,3201.0,721.0,0.0,12104682,10.704128383899999,7429.0,Oply,car
27619637,twoway,73884.0,79296.0,281928,274193,null,274193,4787.813571900478,460.0,89.0,0.0,12133611,10.3941830136,5412.0,Oply,car
32674453,twoway,72546.0,80082.0,500682,131665,null,131665,6173.413095912462,525.0,832.0,0.0,12131613,13.423319051572804,7536.0,Oply,car
34448095,twoway,37290.0,43725.0,362974,281994,null,281994,7837.535778030677,644.0,585.0,0.0,12095583,8.510170104260563,6435.0,Oply,car
29838398,twoway,59563.0,69300.0,228879,126200,null,126200,8637.371578779175,760.0,191.0,0.0,12104711,15.689037912199998,9737.0,Oply,car
26934003,twoway,66275.0,71607.0,280124,280126,null,280126,2025.9833556048663,191.0,171.0,0.0,12103642,8.28709570200211,5332.0,Oply,car
33777885,twoway,87146.0,90669.0,316616,408992,null,496242,4076.2044291824654,318.0,3205.0,0.0,12104711,5.1407568622,3523.0,Oply,car
26754953,twoway,13521.0,48195.0,299480,262858,null,262858,10964.421076460529,907.0,374.0,0.0,12133701,45.06078989076246,34674.0,Oply,car
33033874,twoway,60412.0,61039.0,501330,66928,null,172611,3498.7566386005324,307.0,320.0,0.0,12108612,5.375259862399999,627.0,Oply,car
28154651,twoway,58994.0,62770.0,257108,131665,null,131665,4858.008451919579,451.0,98.0,0.0,12131613,4.476937216736598,3776.0,Oply,car
34793533,twoway,70571.0,76178.0,406139,474619,null,474619,1023.2950258627268,122.0,485.0,0.0,12105611,8.25253353175701,5607.0,Oply,car
28154652,twoway,64899.0,70126.0,257108,131665,null,131665,2472.169724756712,270.0,98.0,0.0,12131613,10.4743443447,5227.0,Oply,car
28151382,twoway,73743.0,74382.0,126200,126200,null,380434,7745.439870068045,638.0,1.0,0.0,12104711,5.2489167924,639.0,Oply,car
28581141,twoway,68704.0,75328.0,60517,289762,null,289762,15246.689719905517,1290.0,318.0,0.0,12131642,10.445058716799998,6624.0,Oply,car
26628524,twoway,12686.0,37439.0,13015,36125,null,36125,19543.479080653786,1721.0,390.0,0.0,12133722,36.818068683,24753.0,Oply,car
26707097,twoway,18647.0,32910.0,425195,241480,null,241480,18230.678756090558,1438.0,1078.0,0.0,12132631,16.81278552995679,14263.0,Oply,car
26936899,twoway,64242.0,70036.0,110655,346913,null,346913,6573.631609908906,526.0,286.0,0.0,12133732,8.295527135368236,5794.0,Oply,car
27179424,twoway,71088.0,76423.0,197453,423936,null,423936,4584.105634291125,355.0,222.0,0.0,12102631,10.4210393232,5335.0,Oply,car
34731144,twoway,29681.0,34657.0,501129,501127,null,501127,27896.45872218437,1916.0,297.0,0.0,12133672,9.345312303180995,4976.0,Oply,car
29892267,twoway,56858.0,62583.0,151011,320455,null,320455,8540.36981083279,752.0,135.0,0.0,12103613,8.373309039231435,5725.0,Oply,car
27581445,twoway,18007.0,28741.0,97168,484179,null,484179,14222.774906589064,983.0,118.0,0.0,12121632,16.112445824799998,10734.0,Oply,car
27190372,twoway,5664.0,41845.0,13015,36125,null,36125,18102.34614897585,1404.0,390.0,0.0,12133721,45.46130314045265,36181.0,Oply,car
27581443,twoway,26820.0,31156.0,97168,484179,null,484179,15653.252303880212,1306.0,118.0,0.0,12121631,10.859156118,4336.0,Oply,car
26914028,twoway,48220.0,58350.0,342369,13762,null,13762,8244.578380556104,639.0,364.0,0.0,12133683,12.530637387186067,10130.0,Oply,car
27581444,twoway,17972.0,26154.0,97168,484179,null,484179,16040.110149398959,1179.0,118.0,0.0,12121631,13.904964291108607,8182.0,Oply,car
27678044,twoway,75280.0,80785.0,257116,282876,null,282876,5510.180203531704,428.0,839.0,0.0,12102671,10.378941855999999,5505.0,Oply,car
28021956,twoway,67697.0,71093.0,421149,410043,null,410043,3040.2796345419956,254.0,127.0,0.0,12096511,5.3079461857,3396.0,Oply,car
28076797,twoway,27258.0,38134.0,481187,322830,null,322830,4019.5167198306262,378.0,692.0,0.0,12132651,12.749586634145757,10876.0,Oply,car
35171953,twoway,8814.0,41451.0,337570,126200,null,126200,5148.062111010363,411.0,1011.0,0.0,12104711,41.01992174735781,32637.0,Oply,car
26785687,twoway,35675.0,36250.0,484179,484179,null,484179,5048.474765741955,435.0,1.0,0.0,12121631,5.6274577725,575.0,Oply,car
28111597,twoway,59928.0,60824.0,993,30901,null,993,736.0479544591594,110.0,786.0,0.0,12133712,4.644047488868903,896.0,Oply,car
26712590,twoway,14456.0,49091.0,316631,316629,null,316629,8289.267326799833,689.0,75.0,0.0,12122632,45.04051781789274,34635.0,Oply,car
27006342,twoway,58980.0,64255.0,141142,152242,null,152242,11268.6171400093,988.0,471.0,0.0,12133651,9.106387236239835,5275.0,Oply,car
34751921,twoway,57147.0,62015.0,43835,145569,null,145569,8824.231390247902,774.0,182.0,0.0,12102611,10.5687403455,4868.0,Oply,car
27723100,twoway,62501.0,67470.0,129560,410043,null,410043,8257.975280695595,628.0,253.0,0.0,12096511,10.5019185638,4969.0,Oply,car
28810916,twoway,69927.0,75804.0,187458,346913,null,346913,6804.0711887200205,544.0,378.0,0.0,12133733,9.004323957435673,5877.0,Oply,car
27745497,twoway,70062.0,76771.0,255923,255316,null,255316,4480.50875561118,402.0,949.0,0.0,12132611,10.4336198754,6709.0,Oply,car
29420913,twoway,72335.0,77796.0,342369,13762,null,13762,7919.042789430512,562.0,364.0,0.0,12133682,8.983436563980264,5461.0,Oply,car
26808788,twoway,79179.0,83388.0,81621,254295,null,254295,1002.8267765786858,127.0,147.0,0.0,12102661,10.3568246493,4209.0,Oply,car
26696722,twoway,61052.0,67694.0,87970,36249,null,36249,16009.112091885729,1288.0,254.0,0.0,12111613,10.5209229432,6642.0,Oply,car
28637895,twoway,67894.0,73732.0,96576,244185,null,244185,7386.208833457479,633.0,256.0,0.0,12096531,8.273066787700749,5838.0,Oply,car
28637897,twoway,82487.0,87717.0,46022,280055,null,96576,2789.3918665076726,236.0,4994.0,0.0,12102701,10.3309732201,5230.0,Oply,car
32840598,twoway,50449.0,61039.0,87197,87195,null,87195,17262.975772522972,1350.0,171.0,0.0,12133622,13.649257259423251,10590.0,Oply,car
31882953,twoway,46026.0,49577.0,422625,30901,null,30901,7243.061041346581,630.0,123.0,0.0,12133711,4.801987058150645,3551.0,Oply,car
26695510,twoway,53698.0,58451.0,442585,20711,null,20711,7764.518381659546,686.0,248.0,0.0,12132621,9.169415768674932,4753.0,Oply,car
27941963,twoway,62416.0,68851.0,257116,131665,null,131665,9345.770523585397,758.0,193.0,0.0,12131611,9.061071193927981,6435.0,Oply,car
28338904,twoway,74360.0,79939.0,21199,485280,null,485280,4557.204400395528,476.0,126.0,0.0,12131621,10.388126468,5579.0,Oply,car
31882954,twoway,35132.0,43504.0,422625,30901,null,30901,10911.271625617706,852.0,123.0,0.0,12133712,15.93847986,8372.0,Oply,car
27579935,twoway,61015.0,66354.0,65774,281994,null,281994,2516.5518008388412,243.0,161.0,0.0,12095581,8.324788022421126,5339.0,Oply,car
26880577,twoway,75642.0,82279.0,189969,289218,null,286148,14861.05470598672,1282.0,99.0,0.0,12131681,10.3797004674,6637.0,Oply,car
32068276,twoway,62119.0,70070.0,359302,456157,null,456157,4127.085930050124,366.0,379.0,0.0,12103623,12.386062408868883,7951.0,Oply,car
29612570,twoway,79856.0,80092.0,342364,13762,null,488928,2290.6063895723346,185.0,51.0,0.0,12133683,0.3108496568571977,236.0,Oply,car
28923301,twoway,66981.0,72734.0,271533,272361,null,272361,1429.0129628461652,178.0,164.0,0.0,12102622,10.4645666295,5753.0,Oply,car
29150141,twoway,92597.0,94865.0,94475,65774,null,255099,2057.559653622953,211.0,2057.0,0.0,12108611,5.0890268692000005,2268.0,Oply,car
27482016,twoway,9156.0,45039.0,186530,301163,null,301163,10691.417252468307,854.0,691.0,0.0,12133641,45.16380893573782,35883.0,Oply,car
28342043,twoway,66109.0,66903.0,364320,280126,null,280055,1569.8677094547309,148.0,646.0,0.0,12103641,4.214331835124067,794.0,Oply,car
28479717,twoway,47482.0,57066.0,501129,501127,null,501127,2388.70678813989,216.0,297.0,0.0,12133672,13.669608937868198,9584.0,Oply,car
32921140,twoway,69051.0,73496.0,184728,378375,null,378375,2020.6612257383329,162.0,756.0,0.0,12106612,8.264353862165851,4445.0,Oply,car
27014091,twoway,86125.0,86492.0,168485,153654,null,296749,1996.9342547595584,181.0,186.0,0.0,12103671,5.15068774,367.0,Oply,car
29107755,twoway,71259.0,80945.0,127887,369565,null,369565,9006.92971404111,824.0,269.0,0.0,12096542,13.431689120145695,9686.0,Oply,car
26695508,twoway,44979.0,48638.0,442585,20711,null,20711,7594.09983122146,674.0,248.0,0.0,12132622,5.6608026183,3659.0,Oply,car
27936841,twoway,54104.0,57454.0,476663,66928,null,66928,1676.6913470522288,198.0,177.0,0.0,12108611,5.474031349600001,3350.0,Oply,car
27796219,twoway,73467.0,82548.0,7101,7103,null,7103,7276.453440823823,634.0,122.0,0.0,12120633,11.572071271238555,9081.0,Oply,car
29874657,twoway,68905.0,69170.0,244189,244185,null,280124,1541.1213224189255,161.0,104.0,0.0,12096534,0.4564900564363414,265.0,Oply,car
26691261,twoway,63603.0,68959.0,175197,1384,null,1384,3882.352924463764,330.0,121.0,0.0,12102641,9.050982920838264,5356.0,Oply,car
28661153,twoway,84144.0,84736.0,402902,60605,null,106927,3433.064159631069,267.0,325.0,0.0,12107631,4.090672712102935,592.0,Oply,car
34693504,twoway,39446.0,46883.0,423291,20711,null,20711,8252.27258629158,878.0,120.0,0.0,12132621,9.563376795326539,7437.0,Oply,car
28920154,twoway,42921.0,48675.0,7101,7103,null,7103,11272.385283863881,855.0,122.0,0.0,12120633,8.490747297268225,5754.0,Oply,car
27051499,twoway,57546.0,65565.0,79823,79825,null,79825,14375.487872662132,1111.0,112.0,0.0,12120662,13.551470270077141,8019.0,Oply,car
26675332,twoway,8347.0,41590.0,243379,243383,null,243383,3194.020370445553,304.0,168.0,0.0,12104631,45.18898243759679,33243.0,Oply,car
26675333,twoway,55376.0,56038.0,127910,369565,null,243379,3966.6444885563756,359.0,303.0,0.0,12096541,4.701268531088078,662.0,Oply,car
32153781,twoway,63222.0,69074.0,267414,211949,null,211949,12264.590054273664,919.0,405.0,0.0,12122641,8.305864492572677,5852.0,Oply,car
27217556,twoway,70680.0,76990.0,70032,414631,null,414631,10812.210862090633,858.0,67.0,0.0,12120621,8.25021269701049,6310.0,Oply,car
27104043,twoway,68095.0,75294.0,442585,20711,null,20711,11885.496176380939,1042.0,248.0,0.0,12132621,9.018856052274177,7199.0,Oply,car
28416528,twoway,6215.0,40177.0,295993,110,null,110,53933.85448095357,2755.0,351.0,0.0,12103631,45.22349758436636,33962.0,Oply,car
27241425,twoway,52447.0,59648.0,97168,484179,null,484179,13315.286529165389,1069.0,118.0,0.0,12121632,9.180380701629032,7201.0,Oply,car
26696719,twoway,61009.0,62367.0,87970,36249,null,36249,4278.954334728431,312.0,254.0,0.0,12111612,4.635771948449459,1358.0,Oply,car
28926807,twoway,63905.0,73582.0,108588,346913,null,346913,4805.241675596711,371.0,723.0,0.0,12133731,11.636354499882822,9677.0,Oply,car
34889448,twoway,74332.0,78846.0,267465,254295,null,254295,3118.931980501803,290.0,929.0,0.0,12102661,8.96245103654396,4514.0,Oply,car
27092681,twoway,76807.0,80672.0,456888,60605,null,60605,7489.427062220207,614.0,266.0,0.0,12107632,4.4363702434578025,3865.0,Oply,car
27679380,twoway,68073.0,69108.0,363071,222465,null,442311,1769.3806054646823,180.0,855.0,0.0,12102691,4.5786438256299435,1035.0,Oply,car
27548451,twoway,79762.0,84898.0,231205,272361,null,272361,1561.8417193412718,171.0,247.0,0.0,12102622,8.932497039600952,5136.0,Oply,car
28716384,twoway,70456.0,74305.0,343630,281994,null,281994,7805.436675653436,695.0,439.0,0.0,12095583,4.868730914923581,3849.0,Oply,car
27704722,twoway,61095.0,71235.0,98440,316629,null,316629,6645.501229185931,579.0,158.0,0.0,12122632,15.666914275499998,10140.0,Oply,car
27981722,twoway,70566.0,77820.0,356662,373984,null,373984,7029.344925842083,649.0,779.0,0.0,12104681,9.059969983456233,7254.0,Oply,car
26831629,twoway,71127.0,75883.0,6527,20711,null,20711,18674.09874082809,1173.0,375.0,0.0,12132622,10.420720845299998,4756.0,Oply,car
27056719,twoway,19510.0,30577.0,97168,7103,null,7103,7423.355781211993,615.0,914.0,0.0,12120632,13.036167515316997,11067.0,Oply,car
29700592,twoway,68553.0,74457.0,379132,370301,null,370301,8873.759247207603,722.0,115.0,0.0,12132681,9.01347138693241,5904.0,Oply,car
29130643,twoway,2697.0,27491.0,425793,286148,null,286148,28405.67545408033,1921.0,477.0,0.0,12131681,31.94876919003554,24794.0,Oply,car
26691130,twoway,10820.0,43860.0,362976,282876,null,282876,13021.268730802964,1043.0,409.0,0.0,12102671,52.30616498,33040.0,Oply,car
26933106,twoway,13165.0,21083.0,186265,126200,null,126200,1242.0828296979575,128.0,266.0,0.0,12104712,16.206859701,7918.0,Oply,car
27138950,twoway,59512.0,64901.0,379152,370301,null,370301,1976.2375469468916,166.0,267.0,0.0,12132682,9.096082558028877,5389.0,Oply,car
29013791,twoway,70142.0,76137.0,406139,474619,null,474619,3547.481714315855,369.0,485.0,0.0,12105612,7.766255895624699,5995.0,Oply,car
27117598,twoway,52130.0,60982.0,356662,274193,null,274193,3760.007977081361,352.0,178.0,0.0,12133611,13.62835383390426,8852.0,Oply,car
27003666,twoway,26708.0,32078.0,180209,423936,null,423936,4268.565564502193,331.0,275.0,0.0,12102632,9.369556278197756,5370.0,Oply,car
28794839,twoway,60176.0,65978.0,105073,105073,null,105073,9784.255312375308,764.0,1.0,0.0,12096522,8.33063682111153,5802.0,Oply,car
27860837,twoway,66907.0,75003.0,240298,60605,null,60605,11942.381108567983,949.0,183.0,0.0,12107633,12.356634722949536,8096.0,Oply,car
32948392,twoway,50388.0,56173.0,460492,13928,null,13928,9294.523953643284,733.0,165.0,0.0,12121611,10.678069314,5785.0,Oply,car
27468661,twoway,69764.0,78860.0,37224,79825,null,79825,18473.155827609426,1240.0,305.0,0.0,12120661,15.5873391032,9096.0,Oply,car
27166063,twoway,77013.0,77434.0,280059,320455,null,93351,711.880293596762,85.0,336.0,0.0,12103613,4.503360139705043,421.0,Oply,car
27088366,twoway,22947.0,33727.0,283333,501127,null,501127,14279.433280267242,1344.0,477.0,0.0,12133671,12.699594970882192,10780.0,Oply,car
28439751,twoway,10024.0,44902.0,257108,131665,null,131665,4715.566719724511,428.0,98.0,0.0,12131611,41.40757720163761,34878.0,Oply,car
28506439,twoway,59569.0,65398.0,267467,66928,null,66928,8092.5350058940385,691.0,171.0,0.0,12108611,9.092653527072924,5829.0,Oply,car
26795573,twoway,72734.0,78894.0,65774,281994,null,281994,7506.857994206399,676.0,161.0,0.0,12095581,10.4067191988,6160.0,Oply,car
26793155,twoway,70607.0,78745.0,333278,316629,null,316629,6638.462490822154,533.0,368.0,0.0,12122631,15.574998197099998,8138.0,Oply,car
27629076,twoway,52368.0,56317.0,405193,301163,null,301163,3948.769750410218,371.0,455.0,0.0,12133642,9.184848932055935,3949.0,Oply,car
27909088,twoway,57111.0,61251.0,291118,501127,null,501127,6543.808310125927,630.0,338.0,0.0,12133671,9.120003617328965,4140.0,Oply,car
27339817,twoway,56702.0,64006.0,172993,456157,null,456157,9796.294343985233,818.0,107.0,0.0,12103622,8.48845533087754,7304.0,Oply,car
29051260,twoway,67148.0,68179.0,46022,337736,null,280055,5711.707382611894,479.0,552.0,0.0,12102701,4.583435193670593,1031.0,Oply,car
27308508,twoway,62016.0,68315.0,108588,152242,null,152242,8112.269745025825,656.0,259.0,0.0,12133652,10.5060974208,6299.0,Oply,car
28053912,twoway,55528.0,61543.0,289774,289762,null,289762,11716.901790242613,836.0,290.0,0.0,12131642,9.134537320921254,6015.0,Oply,car
28216613,twoway,73319.0,78750.0,403976,356979,null,222465,7709.5986265445445,639.0,2243.0,0.0,12102692,8.974217905522831,5431.0,Oply,car
27030498,twoway,8502.0,48505.0,402707,7103,null,7103,221953.3059555248,9077.0,502.0,0.0,12120631,46.64116497816734,40003.0,Oply,car
27050544,twoway,83725.0,83976.0,131665,131665,null,419114,3110.4759644366577,250.0,1.0,0.0,12131611,0.3044896429869662,251.0,Oply,car
27905719,twoway,52761.0,64218.0,255282,255316,null,255316,8726.735305980143,683.0,165.0,0.0,12132613,18.058547296717144,11457.0,Oply,car
27669894,twoway,54653.0,58678.0,500879,501127,null,501127,4028.160784076337,432.0,326.0,0.0,12133673,9.154000689905446,4025.0,Oply,car
28674767,twoway,75247.0,81775.0,288069,109148,null,109148,3246.829393207842,289.0,310.0,0.0,12121621,8.21422428960007,6528.0,Oply,car
26768742,twoway,74961.0,80922.0,282000,172623,null,172623,6562.2957190883635,561.0,324.0,0.0,12104672,8.958933302232749,5961.0,Oply,car
28506440,twoway,73842.0,77539.0,267467,66928,null,66928,6239.323714406884,555.0,171.0,0.0,12108611,5.3913199662,3697.0,Oply,car
35031325,twoway,81908.0,84644.0,270940,110655,null,276589,384.181835865022,28.0,2708.0,0.0,12102621,5.1878593128,2736.0,Oply,car
29567250,twoway,54523.0,60541.0,487423,469756,null,469756,13328.599647097357,1065.0,321.0,0.0,12132672,9.15687963801541,6018.0,Oply,car
28257959,twoway,40736.0,45902.0,256447,380534,null,380534,6397.165616410822,526.0,375.0,0.0,12120651,8.496362638606797,5166.0,Oply,car
31250186,twoway,62723.0,69570.0,259653,409369,null,409369,14263.469886674122,1149.0,431.0,0.0,12121643,8.309266924849828,6847.0,Oply,car
29162313,twoway,16613.0,26865.0,343630,281994,null,281994,5935.848498085365,554.0,439.0,0.0,12095582,13.928113037643277,10252.0,Oply,car
29515595,twoway,72573.0,78516.0,363801,172623,null,172623,5874.695648794211,507.0,224.0,0.0,12104674,8.23717964012689,5943.0,Oply,car
27635061,twoway,61351.0,67318.0,248694,301163,null,301163,5677.532781192733,477.0,292.0,0.0,12133642,10.5134378445,5967.0,Oply,car
29052345,twoway,64521.0,67974.0,501129,501127,null,501127,5187.314767175299,441.0,297.0,0.0,12133673,4.219754731888833,3453.0,Oply,car
27878009,twoway,53329.0,58906.0,209248,346913,null,346913,6425.631215732676,514.0,259.0,0.0,12133734,8.413707032660245,5577.0,Oply,car
27635062,twoway,56390.0,61633.0,248694,301163,null,301163,6018.367278087764,461.0,292.0,0.0,12133641,9.132502302857283,5243.0,Oply,car
27493290,twoway,20255.0,26793.0,136810,427832,null,427832,4541.5896877162795,368.0,196.0,0.0,12121651,9.429517360958684,6538.0,Oply,car
28684560,twoway,62990.0,68990.0,78291,251159,null,251159,3725.4266056399133,336.0,282.0,0.0,12104702,9.052908377222035,6000.0,Oply,car
26800101,twoway,72565.0,77530.0,21203,485280,null,485280,4929.354084203102,499.0,300.0,0.0,12131622,8.981023155931169,4965.0,Oply,car
27885453,twoway,73321.0,78918.0,460492,36125,null,36125,6647.813823243424,693.0,1065.0,0.0,12133722,8.973478378050071,5597.0,Oply,car
27145930,twoway,14103.0,39276.0,389093,87195,null,87195,15199.844095727949,1202.0,149.0,0.0,12133621,31.723425555394385,25173.0,Oply,car
27740258,twoway,35255.0,41358.0,391664,172623,null,172623,6151.54612621691,580.0,191.0,0.0,12104673,8.535594719153627,6103.0,Oply,car
27878010,twoway,38037.0,44530.0,209248,346913,null,346913,10601.406286813117,909.0,259.0,0.0,12133732,8.512041324979014,6493.0,Oply,car
28003750,twoway,60031.0,66081.0,132980,427832,null,427832,6899.298637139556,569.0,316.0,0.0,12121652,9.083188618337823,6050.0,Oply,car
27248587,twoway,64958.0,71536.0,289774,289762,null,289762,15654.38428487259,1279.0,290.0,0.0,12131641,9.037417187756231,6578.0,Oply,car
28176764,twoway,76007.0,82122.0,98440,316629,null,316629,6362.403554388707,535.0,158.0,0.0,12122632,10.3755241181,6115.0,Oply,car
26725247,twoway,90935.0,91422.0,180209,423936,null,256822,2535.4579881974755,212.0,275.0,0.0,12102632,4.403907646397135,487.0,Oply,car
26795596,twoway,55488.0,60315.0,224879,414631,null,414631,6684.6001771335905,499.0,232.0,0.0,12120623,9.136578330206218,4827.0,Oply,car
26941387,twoway,16682.0,41918.0,364319,280126,null,280126,11427.385248052804,903.0,612.0,0.0,12103641,27.375326138267393,25236.0,Oply,car
27578650,twoway,58618.0,64926.0,20711,20711,null,20711,18674.09874082809,1173.0,1.0,0.0,12132622,9.103174499456586,6308.0,Oply,car
26793058,twoway,53468.0,58845.0,8869,8897,null,8897,2645.1050170786334,293.0,181.0,0.0,12133631,9.169604824981823,5377.0,Oply,car
26917075,twoway,74522.0,77552.0,255623,254295,null,254295,4304.205628417255,404.0,233.0,0.0,12102662,5.239650648,3030.0,Oply,car
26995486,twoway,54103.0,60015.0,456159,456157,null,456157,9923.305421149957,828.0,145.0,0.0,12103621,8.407484284955322,5912.0,Oply,car
27714563,twoway,76750.0,81560.0,125553,105073,null,105073,4066.4518398930973,316.0,142.0,0.0,12096522,8.947024086281026,4810.0,Oply,car
26803144,twoway,13143.0,19320.0,362976,281994,null,281994,6845.428101236506,568.0,532.0,0.0,12095581,8.75542962079155,6177.0,Oply,car
31306889,twoway,61808.0,65486.0,403976,222465,null,222465,2571.59070048616,217.0,240.0,0.0,12102691,4.718738640242312,3678.0,Oply,car
26771946,twoway,72112.0,75581.0,413333,131665,null,131665,6200.885635345282,517.0,275.0,0.0,12131611,4.169154275640871,3469.0,Oply,car
28021892,twoway,70736.0,76813.0,229018,414631,null,414631,9253.213706959375,731.0,91.0,0.0,12120622,8.99314139892643,6077.0,Oply,car
26716528,twoway,64169.0,71242.0,280055,320455,null,320455,5019.819781810533,454.0,234.0,0.0,12103612,9.04434043193357,7073.0,Oply,car
27564566,twoway,10284.0,37446.0,137569,257127,null,257127,6524.999360539933,556.0,113.0,0.0,12095571,42.0209182548,27162.0,Oply,car
27695237,twoway,74962.0,80323.0,409816,139511,null,139511,3345.846866523157,290.0,185.0,0.0,12104691,8.958292130637956,5361.0,Oply,car
26877526,twoway,52945.0,58809.0,412100,119231,null,119231,3437.555014629107,398.0,453.0,0.0,12133661,8.413389616147445,5864.0,Oply,car
30961056,twoway,13282.0,46940.0,166319,474619,null,474619,98233.04289074724,4279.0,316.0,0.0,12105611,38.881136044260664,33658.0,Oply,car
27501481,twoway,70016.0,74354.0,50756,484179,null,484179,4901.640584280601,420.0,259.0,0.0,12121631,10.4340073472,4338.0,Oply,car
28196934,twoway,30347.0,35405.0,93351,456157,null,456157,11546.835158826903,985.0,188.0,0.0,12103623,9.336771762181145,5058.0,Oply,car
28709493,twoway,86449.0,87077.0,36588,13928,null,421149,3344.8867217809347,257.0,371.0,0.0,12121611,5.147527395,628.0,Oply,car
31224598,twoway,57721.0,63000.0,36249,36249,null,36249,7238.2449931525325,533.0,1.0,0.0,12111611,8.355047565530477,5279.0,Oply,car
28144216,twoway,67046.0,73022.0,255474,255488,null,255488,8566.692809227465,736.0,393.0,0.0,12103682,9.026653848293693,5976.0,Oply,car
28121110,twoway,57104.0,64228.0,43312,380534,null,380534,13986.478584813081,1043.0,205.0,0.0,12120653,8.368449991837997,7124.0,Oply,car
27468418,twoway,71522.0,77385.0,129560,410043,null,410043,3901.6968770664434,340.0,253.0,0.0,12096511,10.4165385804,5863.0,Oply,car
28121111,twoway,64493.0,71930.0,43312,380534,null,380534,15728.472172377707,1254.0,205.0,0.0,12120651,8.559750402929964,7437.0,Oply,car
26933791,twoway,35248.0,42745.0,280055,320455,null,320455,10752.578176236164,957.0,234.0,0.0,12103612,9.670779215113663,7497.0,Oply,car
27452087,twoway,76648.0,84234.0,21203,456157,null,456157,11526.320752197182,950.0,778.0,0.0,12103621,12.281781009314866,7586.0,Oply,car
33141345,twoway,68895.0,75549.0,255099,255488,null,255488,4660.545981963814,452.0,271.0,0.0,12103681,10.442324295,6654.0,Oply,car
26792878,twoway,72948.0,82559.0,126872,13928,null,13928,3675.1668546456053,283.0,288.0,0.0,12121611,15.552120449999999,9611.0,Oply,car
28960673,twoway,54074.0,60045.0,440255,337736,null,337736,1887.7407381934245,184.0,783.0,0.0,12102701,9.16791341453666,5971.0,Oply,car
28721633,twoway,63580.0,71924.0,257108,131665,null,131665,7265.0730405590775,609.0,98.0,0.0,12131612,13.493810981137178,8344.0,Oply,car
28352417,twoway,35499.0,42636.0,257116,131665,null,131665,5889.4819196546205,519.0,193.0,0.0,12131613,10.7803942764,7137.0,Oply,car
31072036,twoway,69288.0,79547.0,501129,501127,null,501127,2060.1798928222383,234.0,297.0,0.0,12133671,12.338416093862842,10259.0,Oply,car
29017550,twoway,23320.0,29472.0,487247,469756,null,469756,7943.7092527336845,759.0,234.0,0.0,12132671,9.397184460961558,6152.0,Oply,car
26880919,twoway,57803.0,63481.0,389093,87195,null,87195,12410.423301282652,880.0,149.0,0.0,12133621,10.5552689811,5678.0,Oply,car
29197333,twoway,61635.0,67008.0,241416,301163,null,301163,6021.803606590844,445.0,196.0,0.0,12133641,10.510972582499999,5373.0,Oply,car
29149572,twoway,71264.0,77059.0,255282,454386,null,454386,6722.793423058757,551.0,369.0,0.0,12122613,8.245638805458304,5795.0,Oply,car
27878391,twoway,51317.0,56756.0,43312,380534,null,380534,12423.970317538811,864.0,205.0,0.0,12120652,8.435238486701383,5439.0,Oply,car
27501479,twoway,65475.0,71799.0,50756,484179,null,484179,2891.9832258399056,255.0,259.0,0.0,12121632,10.47898494,6324.0,Oply,car
33046421,twoway,66489.0,71900.0,66928,66928,null,66928,5194.037348883757,451.0,1.0,0.0,12108611,10.4713979901,5411.0,Oply,car
26790583,twoway,69737.0,75621.0,255282,255316,null,255316,5332.210178205605,516.0,165.0,0.0,12132613,9.007574527670009,5884.0,Oply,car
26922780,twoway,60636.0,64420.0,500682,423936,null,423936,1385.6145137368314,140.0,288.0,0.0,12102631,4.863532667798223,3784.0,Oply,car
34477980,twoway,55439.0,60797.0,456888,60605,null,60605,5938.128800188434,488.0,266.0,0.0,12107631,8.38413977099633,5358.0,Oply,car
29530837,twoway,57727.0,65040.0,472270,1825,null,1825,8823.933319971684,774.0,245.0,0.0,12107641,10.7119580199,7313.0,Oply,car
27445225,twoway,9715.0,38291.0,498129,454386,null,454386,48596.61882929025,2291.0,382.0,0.0,12122611,33.27026047028685,28576.0,Oply,car
26746881,twoway,50021.0,58635.0,267467,66928,null,66928,7586.566572926421,666.0,171.0,0.0,12108612,13.655145464699773,8614.0,Oply,car
30265930,twoway,64480.0,70345.0,419130,272361,null,272361,12084.367443520507,986.0,150.0,0.0,12102621,9.043296350726996,5865.0,Oply,car
27937195,twoway,56335.0,60203.0,450264,409369,null,409369,4014.2754271556323,326.0,439.0,0.0,12121642,4.6072698788736295,3868.0,Oply,car
29659945,twoway,70777.0,76471.0,96576,244185,null,244185,6158.116989286856,499.0,256.0,0.0,12096533,8.247990984958252,5694.0,Oply,car
27055239,twoway,54809.0,65463.0,296618,322830,null,322830,6787.796602881744,601.0,633.0,0.0,12132652,12.469290921599278,10654.0,Oply,car
28517648,twoway,73164.0,79502.0,96210,16208,null,16208,23500.689012248233,1527.0,275.0,0.0,12107621,10.403235424799998,6338.0,Oply,car
27181130,twoway,61565.0,65067.0,350145,275690,null,275690,6211.483253953812,510.0,223.0,0.0,12131651,4.627382408408342,3502.0,Oply,car
29020396,twoway,48325.0,59443.0,186265,126200,null,126200,28348.10804280943,2025.0,266.0,0.0,12104711,20.978819155,11118.0,Oply,car
34477979,twoway,57525.0,60600.0,456888,60605,null,60605,5928.351425532978,479.0,266.0,0.0,12107632,4.670452630436098,3075.0,Oply,car
31996068,twoway,60242.0,66209.0,280055,320455,null,320455,10137.309430123087,916.0,234.0,0.0,12103611,9.08158502365962,5967.0,Oply,car
29866529,twoway,77128.0,83066.0,456014,456157,null,456157,12197.381282528491,997.0,383.0,0.0,12103623,10.3663503728,5938.0,Oply,car
27570300,twoway,60767.0,66298.0,267467,254295,null,254295,6867.990719202592,574.0,977.0,0.0,12102661,9.076173064977777,5531.0,Oply,car
28563789,twoway,65305.0,68991.0,350145,275690,null,275690,7225.861237005175,640.0,223.0,0.0,12131652,4.700561952224909,3686.0,Oply,car
27349417,twoway,59261.0,63122.0,165624,1384,null,1384,4684.736214328159,392.0,157.0,0.0,12102642,4.97912655058235,3861.0,Oply,car
26835484,twoway,70826.0,74625.0,152060,346913,null,346913,10445.8054915757,888.0,253.0,0.0,12133734,4.797856481046884,3799.0,Oply,car
27526704,twoway,12172.0,41130.0,255282,255316,null,255316,24713.464856638147,1978.0,165.0,0.0,12132611,33.40249689648707,28958.0,Oply,car
32950700,twoway,45173.0,52241.0,60517,289762,null,289762,15881.022470232954,1293.0,318.0,0.0,12131641,10.7227942721,7068.0,Oply,car
26871562,twoway,67844.0,71530.0,7101,7103,null,7103,1620.962195098064,187.0,122.0,0.0,12120631,4.039207457537024,3686.0,Oply,car
29874703,twoway,44621.0,51963.0,466218,59637,null,59637,10565.358160826243,834.0,209.0,0.0,12131631,8.65153175201859,7342.0,Oply,car
31502089,twoway,18031.0,54723.0,257254,445439,null,445439,104839.83329106227,5745.0,1123.0,0.0,12133691,45.33835457657328,36692.0,Oply,car
27724934,twoway,7849.0,39679.0,282009,172623,null,172623,13041.234188323504,1070.0,144.0,0.0,12104671,35.16641580421321,31830.0,Oply,car
29874702,twoway,63628.0,70835.0,466218,59637,null,59637,5927.185732136948,619.0,209.0,0.0,12131632,8.310275004401165,7207.0,Oply,car
28631277,twoway,75192.0,80319.0,492426,281413,null,281413,5735.033628212024,521.0,498.0,0.0,12102681,8.956152044309535,5127.0,Oply,car
26886278,twoway,50883.0,57634.0,373950,280126,null,280126,26754.404268782975,1862.0,318.0,0.0,12103643,7.938920123313927,6751.0,Oply,car
32796888,twoway,54266.0,65149.0,255282,255316,null,255316,3887.216145713344,389.0,165.0,0.0,12132611,13.705793468692493,10883.0,Oply,car
28218398,twoway,62804.0,68968.0,267467,172611,null,66928,8014.864021451134,667.0,3604.0,0.0,12108612,10.4977906324,6164.0,Oply,car
29610542,twoway,74405.0,79038.0,382149,274193,null,274193,10148.818511888923,921.0,91.0,0.0,12133612,10.3893246985,4633.0,Oply,car
28071943,twoway,66077.0,73155.0,363801,172623,null,172623,9837.47794353908,920.0,224.0,0.0,12104673,8.28950003795054,7078.0,Oply,car
28894500,twoway,73605.0,79487.0,280460,474619,null,474619,4465.700149269999,492.0,290.0,0.0,12105613,8.97079924825508,5882.0,Oply,car
31179974,twoway,69970.0,73747.0,447997,501127,null,501127,4028.160784076337,434.0,330.0,0.0,12133672,4.77911363498284,3777.0,Oply,car
26733462,twoway,61192.0,62429.0,96210,16208,null,16208,9346.715954503814,756.0,275.0,0.0,12107622,5.3684389184,1237.0,Oply,car
32796891,twoway,68894.0,75393.0,255282,255316,null,255316,5607.984951974157,558.0,165.0,0.0,12132612,8.264517607971909,6499.0,Oply,car
27884174,twoway,74254.0,80239.0,85834,442311,null,222465,7703.676426456925,652.0,1575.0,0.0,12102691,10.389718535999998,5985.0,Oply,car
29103673,twoway,81220.0,83037.0,379094,370301,null,370301,2425.174187744526,253.0,519.0,0.0,12132681,5.193964212,1817.0,Oply,car
26733464,twoway,59661.0,65949.0,96210,16208,null,16208,6913.022556352706,554.0,275.0,0.0,12107621,9.091933914862537,6288.0,Oply,car
28100296,twoway,72800.0,73247.0,271533,272361,null,110655,3242.6564178225317,283.0,164.0,0.0,12102621,4.536453148128526,447.0,Oply,car
26986814,twoway,51377.0,54060.0,138264,445439,null,445439,7110.52304279226,587.0,479.0,0.0,12133693,5.5060646450999995,2683.0,Oply,car
27401241,twoway,48957.0,53135.0,186265,337736,null,337736,4971.900959609955,478.0,779.0,0.0,12102702,9.219278814874894,4178.0,Oply,car
32742232,twoway,50560.0,56447.0,321827,42301,null,42301,8768.689985073597,766.0,173.0,0.0,12104661,8.443263812150121,5887.0,Oply,car
27388060,twoway,54988.0,60734.0,65774,281994,null,281994,7946.067417449792,651.0,161.0,0.0,12095583,8.390778854370975,5746.0,Oply,car
27379595,twoway,60017.0,66338.0,97168,484179,null,484179,3001.8269544752156,298.0,118.0,0.0,12121631,9.084758595609342,6321.0,Oply,car
27700195,twoway,71791.0,74867.0,476665,66928,null,66928,1386.772602722166,149.0,127.0,0.0,12108612,5.2682379136,3076.0,Oply,car
32742233,twoway,69243.0,72511.0,321827,274193,null,274193,9055.150313330258,817.0,668.0,0.0,12133611,5.296931338499999,3268.0,Oply,car
27169370,twoway,46166.0,51875.0,229018,414631,null,414631,9821.05570286083,811.0,91.0,0.0,12120621,8.471295587970777,5709.0,Oply,car
29136330,twoway,12787.0,48859.0,415656,251159,null,251159,6642.0773120152935,548.0,641.0,0.0,12104701,45.17681536335516,36072.0,Oply,car
27880711,twoway,80264.0,84214.0,460492,36125,null,36125,12674.558151942725,1143.0,1065.0,0.0,12133721,8.929418328650286,3950.0,Oply,car
29279706,twoway,63830.0,69173.0,359317,244185,null,244185,4654.478739792129,370.0,217.0,0.0,12096532,7.806132036000923,5343.0,Oply,car
28600680,twoway,39597.0,47283.0,125457,244185,null,244185,6669.932926209678,564.0,238.0,0.0,12096532,12.576587320065832,7686.0,Oply,car
28078672,twoway,27355.0,35588.0,243379,243383,null,243383,4016.17812447855,371.0,168.0,0.0,12104632,15.998302651,8233.0,Oply,car
27555496,twoway,42236.0,56077.0,143737,241480,null,241480,3487.8686368140916,310.0,259.0,0.0,12132632,16.639480693558756,13841.0,Oply,car
31066366,twoway,51350.0,58284.0,376896,486024,null,486024,15034.789389149519,1268.0,230.0,0.0,12132661,8.433184642086744,6934.0,Oply,car
28560815,twoway,41208.0,45473.0,65774,281994,null,281994,8059.900909755477,725.0,161.0,0.0,12095581,9.253819868127835,4265.0,Oply,car
32582061,twoway,59764.0,63186.0,391664,172623,null,172623,5718.839051410036,486.0,191.0,0.0,12104674,4.010244535928461,3422.0,Oply,car
26841256,twoway,2714.0,6580.0,333278,316629,null,316629,6073.385521151941,503.0,368.0,0.0,12122631,5.626890329902227,3866.0,Oply,car
29744751,twoway,27938.0,50043.0,370300,370301,null,370301,13702.802891740004,1116.0,90.0,0.0,12132681,31.563245047564173,22105.0,Oply,car
27593845,twoway,64567.0,70987.0,172856,320455,null,320455,10194.514201982518,933.0,259.0,0.0,12103613,10.478502047,6420.0,Oply,car
28176452,twoway,68448.0,74587.0,500682,423936,null,423936,5748.5474071349245,454.0,288.0,0.0,12102632,9.01722788249505,6139.0,Oply,car
28799455,twoway,60581.0,66190.0,36154,280126,null,280126,7137.922127092504,591.0,201.0,0.0,12103644,7.83283611446707,5609.0,Oply,car
26845977,twoway,31053.0,37368.0,60517,289762,null,289762,4836.449070759084,497.0,318.0,0.0,12131641,9.331053696485972,6315.0,Oply,car
26738200,twoway,60393.0,70983.0,79496,445439,null,445439,12201.272752138007,1002.0,201.0,0.0,12133692,12.403036712305688,10590.0,Oply,car
28811623,twoway,47677.0,50197.0,359317,244185,null,244185,6890.720832533881,583.0,217.0,0.0,12096534,4.782945127183898,2520.0,Oply,car
26738201,twoway,49961.0,53898.0,79496,445439,null,445439,16660.135989701317,1103.0,201.0,0.0,12133692,9.21632031666397,3937.0,Oply,car
27591662,twoway,57432.0,64003.0,148466,316629,null,316629,1905.1762715882578,205.0,426.0,0.0,12122631,9.112582824437862,6571.0,Oply,car
29686701,twoway,55988.0,61603.0,441743,255488,null,255488,4323.853476884465,370.0,360.0,0.0,12103681,9.129099067436162,5615.0,Oply,car
34013823,twoway,7886.0,43926.0,267467,66928,null,66928,134466.2957403284,5044.0,171.0,0.0,12108611,45.24968010614133,36040.0,Oply,car
28176454,twoway,73784.0,78236.0,500682,131665,null,131665,3629.8420388642166,410.0,832.0,0.0,12131612,10.3965898912,4452.0,Oply,car
27528349,twoway,21580.0,35160.0,474627,245646,null,245646,5446.821941076143,469.0,1177.0,0.0,12131661,16.787100641664725,13580.0,Oply,car
28932186,twoway,76879.0,77461.0,299824,280126,null,7101,2912.497890505319,263.0,319.0,0.0,12103644,4.132049007852214,582.0,Oply,car
27916969,twoway,44220.0,49812.0,267467,66928,null,66928,5194.037348883757,451.0,171.0,0.0,12108611,10.724523492,5592.0,Oply,car
26921647,twoway,76961.0,83664.0,342717,243379,null,267467,4692.526285037645,396.0,6307.0,0.0,12102702,8.945095856183828,6703.0,Oply,car
27633340,twoway,57109.0,62227.0,373347,271647,null,271647,1376.581537589401,136.0,211.0,0.0,12104641,10.572861461099999,5118.0,Oply,car
29388617,twoway,41130.0,46657.0,342369,13762,null,13762,6838.300609270329,543.0,364.0,0.0,12133682,9.25446026308287,5527.0,Oply,car
27210770,twoway,58598.0,67910.0,186275,378375,null,378375,13792.14874439778,1002.0,587.0,0.0,12106611,12.426867426133198,9312.0,Oply,car
27348893,twoway,80321.0,80851.0,363071,66928,null,65774,1821.3238413182894,158.0,372.0,0.0,12108611,5.2015505189,530.0,Oply,car
33753371,twoway,90442.0,93499.0,271533,276589,null,100067,4631.901413194328,368.0,2689.0,0.0,12102621,4.407982619734968,3057.0,Oply,car
28021587,twoway,61553.0,67920.0,434340,79825,null,79825,15061.527723190364,1176.0,127.0,0.0,12120661,10.5132820456,6367.0,Oply,car
29597072,twoway,77125.0,78037.0,234405,289762,null,186275,7609.124361189735,624.0,288.0,0.0,12131641,4.5026207786550865,912.0,Oply,car
28625941,twoway,60632.0,66321.0,391664,172623,null,172623,7066.047804704714,582.0,191.0,0.0,12104672,8.327457974624254,5689.0,Oply,car
33224363,twoway,71007.0,83859.0,90114,16208,null,16208,13504.375594412,1124.0,616.0,0.0,12107622,17.874870939854542,12852.0,Oply,car
29755413,twoway,78376.0,85225.0,87197,87195,null,87195,5608.220763748408,438.0,171.0,0.0,12133621,8.939315825730793,6849.0,Oply,car
27221300,twoway,37083.0,42538.0,39270,346913,null,346913,3666.692149738268,299.0,283.0,0.0,12133731,8.008150873767773,5455.0,Oply,car
31128650,twoway,75530.0,83387.0,342717,380434,null,408992,5080.647879706101,426.0,7431.0,0.0,12104711,15.527173978999997,7857.0,Oply,car
28171453,twoway,49827.0,55616.0,93351,456157,null,456157,8936.22791301203,773.0,188.0,0.0,12103624,7.954109146884183,5789.0,Oply,car
32414409,twoway,33804.0,38039.0,501129,501127,null,501127,4047.1222220073273,380.0,297.0,0.0,12133673,9.320443576952904,4235.0,Oply,car
