personID,carsharingType,startTime,endTIme,startLink,pickupLink,dropoffLink,endLink,distance,inVehicleTime,accessTime,egressTime,vehicleID,cost,bookingTime,companyID,vehicleType
28634356,twoway,64631.0,65351.0,48417,255316,null,79807,6884.546811098658,573.0,147.0,0.0,12132612,4.350719676110049,720.0,Oply,car
27277649,twoway,51653.0,58259.0,187450,346913,null,346913,23944.130387469526,1717.0,193.0,0.0,12133733,8.717392959400435,6606.0,Oply,car
27518969,twoway,65643.0,72143.0,87197,87195,null,87195,16906.965406792475,1318.0,171.0,0.0,12133621,8.7801178661377,6500.0,Oply,car
27941778,twoway,63324.0,68128.0,186275,343630,null,126200,4131.281810076867,379.0,4088.0,0.0,12104712,9.153112792950001,4804.0,Oply,car
29466384,twoway,82852.0,84187.0,425134,427832,null,414280,8593.068823735279,672.0,663.0,0.0,12121652,4.357055817647632,1335.0,Oply,car
28704786,twoway,7627.0,42063.0,280055,320455,null,320455,7151.597626676399,603.0,234.0,0.0,12103611,43.07256434804087,34436.0,Oply,car
28919026,twoway,9652.0,43298.0,440255,126200,null,126200,232197.36991468028,9841.0,127.0,0.0,12104713,44.03053187589657,33646.0,Oply,car
27711424,twoway,35851.0,41144.0,37224,79825,null,79825,10890.1745450987,786.0,305.0,0.0,12120663,9.4213819013125,5293.0,Oply,car
29835306,twoway,55255.0,59856.0,282009,172623,null,172623,5537.268932029499,466.0,144.0,0.0,12104672,8.867182534738443,4601.0,Oply,car
29835307,twoway,49528.0,59876.0,282009,172623,null,172623,5883.620181606341,508.0,144.0,0.0,12104673,12.757061213432712,10348.0,Oply,car
28294756,twoway,64962.0,70178.0,186265,337736,null,337736,1887.7407381934245,184.0,779.0,0.0,12102702,8.781739867680718,5216.0,Oply,car
27564862,twoway,11528.0,43955.0,125457,244185,null,244185,21636.218450753368,1699.0,238.0,0.0,12096531,38.15115725912389,32427.0,Oply,car
27255739,twoway,46297.0,57322.0,70032,414631,null,414631,7325.996793091239,602.0,67.0,0.0,12120623,14.1151376002875,11025.0,Oply,car
27711422,twoway,60847.0,68059.0,37224,79825,null,79825,8546.913630518413,628.0,305.0,0.0,12120662,9.174768971550002,7212.0,Oply,car
26966195,twoway,53743.0,60664.0,271533,231202,null,271647,7468.500114928976,620.0,507.0,0.0,12104641,9.255206837974999,6921.0,Oply,car
27840954,twoway,54803.0,58548.0,501129,501127,null,501127,9284.068998980973,792.0,297.0,0.0,12133673,4.716901130075117,3745.0,Oply,car
29056301,twoway,54001.0,58690.0,275609,485280,null,485280,4251.49868656954,423.0,334.0,0.0,12131622,8.889542262187872,4689.0,Oply,car
33681735,twoway,47043.0,50041.0,406139,474619,null,474619,14577.535980298639,1451.0,485.0,0.0,12105614,4.534741822017145,2998.0,Oply,car
33681734,twoway,35249.0,41304.0,406139,474619,null,474619,9707.667563231938,881.0,485.0,0.0,12105612,8.707448328281059,6055.0,Oply,car
28632164,twoway,35936.0,47068.0,405204,139511,null,139511,5466.429826086359,440.0,232.0,0.0,12104692,18.426849235200002,11132.0,Oply,car
28560801,twoway,70057.0,75856.0,363789,139511,null,139511,3235.895413244451,256.0,471.0,0.0,12104691,9.1018693017875,5799.0,Oply,car
28168860,twoway,74160.0,79912.0,255623,254295,null,254295,7145.586870435415,609.0,233.0,0.0,12102662,8.734140928731534,5752.0,Oply,car
27071639,twoway,71146.0,81080.0,21199,485280,null,485280,5846.862499046987,554.0,126.0,0.0,12131623,13.603613958375,9934.0,Oply,car
27180197,twoway,68246.0,73237.0,187458,346913,null,346913,6490.561055518971,559.0,378.0,0.0,12133732,9.120331447325,4991.0,Oply,car
28096589,twoway,39424.0,44797.0,143737,241480,null,241480,3907.363120003943,304.0,259.0,0.0,12132631,9.010602549337994,5373.0,Oply,car
27838871,twoway,39473.0,40976.0,402009,153654,null,153654,2806.2235732092117,264.0,250.0,0.0,12103671,4.677699038284979,1503.0,Oply,car
28008802,twoway,63806.0,70093.0,354404,474619,null,474619,14753.697669463872,1211.0,146.0,0.0,12105614,8.588716614875343,6287.0,Oply,car
29312809,twoway,55027.0,78972.0,342369,13762,null,13762,100886.08602529355,4932.0,364.0,0.0,12133681,30.51869849642735,23945.0,Oply,car
32107184,twoway,76476.0,79575.0,175197,1384,null,1384,2808.312650382582,281.0,121.0,0.0,12102642,4.388502236679486,3099.0,Oply,car
28236519,twoway,19332.0,54493.0,65774,281994,null,281994,5950.548852018907,520.0,161.0,0.0,12095581,42.85303360024451,35161.0,Oply,car
29192140,twoway,46878.0,52399.0,486026,486024,null,486024,14091.770629199513,1190.0,356.0,0.0,12132661,9.331422946125,5521.0,Oply,car
29312807,twoway,19408.0,42273.0,342369,13762,null,13762,100886.08602529355,4931.0,364.0,0.0,12133681,30.155655027499883,22865.0,Oply,car
32870411,twoway,37243.0,42131.0,60517,289762,null,289762,15881.022470232954,1293.0,318.0,0.0,12131642,9.040173101492467,4888.0,Oply,car
27502285,twoway,54889.0,59925.0,220140,274193,null,274193,6763.09489595625,607.0,139.0,0.0,12133611,8.671973473476116,5036.0,Oply,car
33262080,twoway,45868.0,51561.0,257108,131665,null,131665,9021.933194604602,747.0,98.0,0.0,12131613,8.766314321316276,5693.0,Oply,car
26760170,twoway,83573.0,84354.0,267939,337736,null,195830,4225.822743682047,396.0,385.0,0.0,12102702,4.350946121661732,781.0,Oply,car
26887377,twoway,50281.0,61136.0,79890,79825,null,79825,9002.713040720362,767.0,276.0,0.0,12120661,13.334131288484908,10855.0,Oply,car
32996730,twoway,72949.0,78868.0,403976,222465,null,222465,5353.0824436614585,466.0,240.0,0.0,12102692,8.738566427789985,5919.0,Oply,car
29428095,twoway,51480.0,55320.0,231205,272361,null,272361,1480.5581116006708,178.0,247.0,0.0,12102621,5.08405611,3840.0,Oply,car
28126198,twoway,49953.0,60891.0,60517,289762,null,289762,15513.031766455293,1431.0,318.0,0.0,12131643,13.433367418028201,10938.0,Oply,car
27812228,twoway,68982.0,75436.0,21203,485280,null,485280,7173.367310230484,627.0,300.0,0.0,12131621,8.759853474148281,6454.0,Oply,car
28254074,twoway,68031.0,73970.0,65774,281994,null,281994,7506.857994206399,676.0,161.0,0.0,12095583,8.764311909719009,5939.0,Oply,car
28106145,twoway,54049.0,63271.0,243379,243383,null,243383,21649.385548887196,1620.0,168.0,0.0,12104632,13.21745240328111,9222.0,Oply,car
27899804,twoway,73242.0,79083.0,281928,373984,null,373984,7458.119586137419,603.0,724.0,0.0,12104682,8.735431780414663,5841.0,Oply,car
27504218,twoway,55513.0,61490.0,108943,152242,null,152242,11640.769162410588,1034.0,295.0,0.0,12133651,8.860454887046014,5977.0,Oply,car
28005764,twoway,58982.0,68837.0,323442,346913,null,346913,11548.40760467069,944.0,1076.0,0.0,12133731,12.640722453973783,9855.0,Oply,car
29776267,twoway,23927.0,34622.0,60517,289762,null,289762,19382.68956478297,1642.0,318.0,0.0,12131641,13.16534275300247,10695.0,Oply,car
26968115,twoway,57922.0,65017.0,413333,131665,null,131665,9344.36848519759,784.0,275.0,0.0,12131611,9.1820422953,7095.0,Oply,car
29012704,twoway,59559.0,65912.0,402009,153654,null,153654,492.8971625739953,63.0,250.0,0.0,12103672,8.819680133842484,6353.0,Oply,car
26753629,twoway,78863.0,87038.0,211596,380434,null,231536,9892.635317984767,798.0,7377.0,0.0,12104713,13.04095244843983,8175.0,Oply,car
27619637,twoway,71905.0,77512.0,281928,274193,null,274193,4703.034426572033,463.0,89.0,0.0,12133612,9.093814593500001,5607.0,Oply,car
27619638,twoway,42432.0,48046.0,281928,274193,null,274193,5013.616908426228,489.0,89.0,0.0,12133613,8.787451988097434,5614.0,Oply,car
26797005,twoway,44720.0,51298.0,402009,153654,null,153654,2733.159265654618,236.0,250.0,0.0,12103671,9.339647961,6578.0,Oply,car
32674453,twoway,75862.0,79131.0,500682,423936,null,423936,6290.0713605512265,512.0,288.0,0.0,12102632,4.569125470525001,3269.0,Oply,car
26934002,twoway,56261.0,61643.0,280124,280126,null,280126,6434.524507273471,543.0,171.0,0.0,12103644,8.646909989359658,5382.0,Oply,car
26754953,twoway,13202.0,48762.0,299480,262858,null,262858,10964.421076460529,907.0,374.0,0.0,12133701,43.95319445725495,35560.0,Oply,car
26934001,twoway,57303.0,63062.0,280124,280126,null,280126,7697.781030005294,675.0,171.0,0.0,12103645,8.829954054189281,5759.0,Oply,car
34063378,twoway,50216.0,53309.0,456159,456157,null,456157,4759.803996459041,387.0,145.0,0.0,12103624,4.789512322,3093.0,Oply,car
28154652,twoway,62014.0,67208.0,257108,255488,null,255488,546.3448824743946,69.0,1174.0,0.0,12103681,9.15992190575,5194.0,Oply,car
28151382,twoway,72869.0,73508.0,126200,126200,null,380434,7745.439870068045,638.0,1.0,0.0,12104713,4.407570259887168,639.0,Oply,car
26760396,twoway,61273.0,62493.0,412615,7103,null,82922,2152.510963280641,191.0,1029.0,0.0,12120634,4.375815132865873,1220.0,Oply,car
27138870,twoway,48180.0,53355.0,370300,370301,null,370301,10564.41829486759,742.0,90.0,0.0,12132681,8.957654915493631,5175.0,Oply,car
26936899,twoway,63384.0,70564.0,110655,152242,null,152242,7611.626555996164,652.0,1114.0,0.0,12133651,8.79692473558219,7180.0,Oply,car
29339050,twoway,75104.0,82133.0,490737,274193,null,274193,8092.335541833355,708.0,302.0,0.0,12133613,8.726590084563954,7029.0,Oply,car
27467290,twoway,55307.0,63512.0,363105,255316,null,255316,5259.397229009245,501.0,278.0,0.0,12132611,13.193473270269926,8205.0,Oply,car
29892267,twoway,59189.0,64750.0,151011,320455,null,320455,8492.455041361649,744.0,135.0,0.0,12103613,8.613142178777302,5561.0,Oply,car
26881418,twoway,47469.0,53558.0,271783,484179,null,484179,15280.297811299,1273.0,321.0,0.0,12121631,8.96740314963463,6089.0,Oply,car
27929850,twoway,10267.0,15944.0,403421,153662,null,153662,1908.5467184449458,208.0,619.0,0.0,12103662,9.750033893862499,5677.0,Oply,car
28021956,twoway,67930.0,74290.0,421149,498129,null,16208,2937.7298000827845,239.0,976.0,0.0,12107621,9.113956005875,6360.0,Oply,car
29466065,twoway,63200.0,73687.0,241416,346913,null,346913,13246.908194952523,1788.0,1001.0,0.0,12133733,13.65838719,10487.0,Oply,car
26785687,twoway,38544.0,40422.0,484179,484179,null,484179,5048.474765741955,435.0,1.0,0.0,12121633,4.8841422462,1878.0,Oply,car
27723100,twoway,64213.0,68277.0,129560,410043,null,410043,8120.6102494137895,634.0,253.0,0.0,12096511,9.1425676813625,4064.0,Oply,car
27540731,twoway,48627.0,55158.0,450264,409369,null,409369,4500.697685326356,372.0,439.0,0.0,12121641,8.948045079603727,6531.0,Oply,car
29888398,twoway,43423.0,54171.0,65774,281994,null,281994,7291.803581235314,632.0,161.0,0.0,12095582,13.313080402825024,10748.0,Oply,car
27745497,twoway,71737.0,77911.0,255923,243383,null,243383,3998.0128531573087,336.0,206.0,0.0,12104631,9.0947976119,6174.0,Oply,car
26988047,twoway,42793.0,52647.0,289762,289762,null,289762,8418.78241926816,817.0,1.0,0.0,12131642,13.849621120737499,9854.0,Oply,car
26808788,twoway,79927.0,83742.0,81621,254295,null,254295,1002.8267765786858,127.0,147.0,0.0,12102661,4.63968473551813,3815.0,Oply,car
27014400,twoway,58220.0,62675.0,362975,282876,null,282876,5959.616975859893,462.0,366.0,0.0,12102672,8.820025723848149,4455.0,Oply,car
26696722,twoway,61703.0,67683.0,87970,36249,null,36249,16009.112091885729,1288.0,254.0,0.0,12111612,8.810932271897851,5980.0,Oply,car
28637895,twoway,73276.0,76498.0,96576,244185,null,244185,7482.438626306325,627.0,256.0,0.0,12096533,4.5835076283500005,3222.0,Oply,car
28637897,twoway,83926.0,85592.0,46022,373443,null,96576,3998.603371406949,333.0,1333.0,0.0,12102701,4.523291112375,1666.0,Oply,car
29317060,twoway,53396.0,58677.0,186275,126200,null,126200,957.9799598653508,92.0,135.0,0.0,12104712,8.90275337308516,5281.0,Oply,car
26695510,twoway,51420.0,57099.0,442585,20711,null,20711,7764.518381659546,683.0,248.0,0.0,12132623,8.724650325757557,5679.0,Oply,car
28763578,twoway,66682.0,73504.0,189969,286148,null,286148,7939.070728976415,684.0,314.0,0.0,12131681,9.121047781475001,6822.0,Oply,car
27941963,twoway,62772.0,70153.0,257116,282876,null,282876,9039.958315337664,705.0,839.0,0.0,12102672,9.38490136815,7381.0,Oply,car
26880579,twoway,43487.0,50811.0,189969,487115,null,487115,12434.129151558618,1064.0,915.0,0.0,12132692,9.499686187425,7324.0,Oply,car
26693570,twoway,78196.0,84580.0,286148,286148,null,286148,24364.61788993362,1492.0,1.0,0.0,12131681,9.064389306,6384.0,Oply,car
26880577,twoway,73214.0,82314.0,189969,286148,null,286148,14470.956196738858,1229.0,314.0,0.0,12131682,13.59213899645,9100.0,Oply,car
26871712,twoway,67016.0,72946.0,409844,139511,null,139511,6047.933228344402,481.0,172.0,0.0,12104692,9.1169686377,5930.0,Oply,car
27714502,twoway,43670.0,49703.0,37224,79825,null,79825,8987.131240580815,552.0,305.0,0.0,12120662,8.773776154023318,6033.0,Oply,car
28923301,twoway,65244.0,71230.0,271533,271647,null,271647,2068.2128493224986,203.0,660.0,0.0,12104641,9.1351706817,5986.0,Oply,car
27537343,twoway,68653.0,74398.0,295993,280126,null,280126,8958.61570590085,763.0,534.0,0.0,12103642,8.316782267488483,5745.0,Oply,car
28031638,twoway,27095.0,32890.0,220151,255488,null,255488,7466.127237118196,649.0,431.0,0.0,12103681,9.479467306312502,5795.0,Oply,car
28479717,twoway,50009.0,57409.0,501129,501127,null,501127,2388.70678813989,216.0,297.0,0.0,12133672,8.970019229124514,7400.0,Oply,car
32921140,twoway,68298.0,72388.0,184728,126200,null,126200,957.9799598653508,92.0,185.0,0.0,12104711,8.766711732148014,4090.0,Oply,car
27618139,twoway,42725.0,46775.0,89257,126200,null,126200,723.9532372441286,97.0,386.0,0.0,12104711,8.985965713657189,4050.0,Oply,car
31449559,twoway,60675.0,68058.0,316087,486024,null,486024,12973.5537484499,1117.0,401.0,0.0,12132661,9.402103515000002,7383.0,Oply,car
26811922,twoway,69093.0,74943.0,490737,274193,null,274193,8700.338227182383,772.0,302.0,0.0,12133613,8.758281120746922,5850.0,Oply,car
26695508,twoway,41176.0,48032.0,442585,20711,null,20711,7594.09983122146,674.0,248.0,0.0,12132622,8.796744663974982,6856.0,Oply,car
26696718,twoway,43353.0,48922.0,87970,36249,null,36249,4974.565947152786,369.0,254.0,0.0,12111611,8.780637852362382,5569.0,Oply,car
28677063,twoway,64786.0,70590.0,187450,301163,null,301163,6040.244505948072,496.0,912.0,0.0,12133641,9.1354699982,5804.0,Oply,car
26691261,twoway,61025.0,66406.0,175197,1384,null,1384,3882.352924463764,330.0,121.0,0.0,12102642,9.1646150421875,5381.0,Oply,car
27514106,twoway,72323.0,77973.0,192706,282876,null,282876,6845.777041070199,577.0,169.0,0.0,12102672,9.0913687501,5650.0,Oply,car
28920154,twoway,47968.0,50637.0,7101,7103,null,7103,11271.090700117715,855.0,122.0,0.0,12120632,4.523542731276046,2669.0,Oply,car
27217556,twoway,72790.0,77923.0,70032,414631,null,414631,10813.39050224398,861.0,67.0,0.0,12120622,8.738759071232893,5133.0,Oply,car
28751477,twoway,75281.0,81813.0,65774,172623,null,172623,6562.2957190883635,561.0,739.0,0.0,12104672,8.72314126937284,6532.0,Oply,car
28416528,twoway,10054.0,46285.0,295993,110,null,110,53933.85448095357,2755.0,351.0,0.0,12103631,46.090697944375,36231.0,Oply,car
29550622,twoway,13851.0,37617.0,37224,79825,null,79825,4064.3962754534605,333.0,305.0,0.0,12120662,30.949556102663028,23766.0,Oply,car
26696719,twoway,59755.0,61800.0,87970,36249,null,36249,4278.954334728431,312.0,254.0,0.0,12111611,4.485632173632996,2045.0,Oply,car
28926807,twoway,65221.0,70565.0,108588,152242,null,152242,5343.695086644073,467.0,259.0,0.0,12133652,9.1364994331625,5344.0,Oply,car
28587458,twoway,51391.0,55959.0,424627,454386,null,454386,8718.732880332784,748.0,356.0,0.0,12122612,9.2906662223375,4568.0,Oply,car
34889448,twoway,71622.0,76916.0,267465,66928,null,66928,1468.8576424164812,163.0,251.0,0.0,12108611,9.097964853075,5294.0,Oply,car
27092681,twoway,74473.0,80301.0,456888,60605,null,60605,7480.036258932351,614.0,266.0,0.0,12107632,8.732244997082306,5828.0,Oply,car
27609897,twoway,60430.0,64240.0,288059,403375,null,403375,5136.481403080022,452.0,453.0,0.0,12132641,4.7396386569086735,3810.0,Oply,car
26691130,twoway,8189.0,40720.0,362976,282876,null,282876,13087.809895859611,1037.0,409.0,0.0,12102671,39.901328855083726,32531.0,Oply,car
26829324,twoway,37001.0,38836.0,364183,20711,null,20711,7387.64840487102,637.0,92.0,0.0,12132621,4.612222995070504,1835.0,Oply,car
28553452,twoway,71471.0,77374.0,131673,131665,null,131665,7175.453772693442,628.0,361.0,0.0,12131613,8.54577868139178,5903.0,Oply,car
26996423,twoway,77613.0,84224.0,136309,42301,null,42301,7372.882212474054,623.0,326.0,0.0,12104663,8.51694475111313,6611.0,Oply,car
27000398,twoway,46536.0,50291.0,131675,131665,null,131665,5546.621219241882,523.0,316.0,0.0,12131614,4.822136758622066,3755.0,Oply,car
32879200,twoway,62024.0,67591.0,402907,373984,null,373984,6211.284302697339,526.0,302.0,0.0,12104681,8.805015543852516,5567.0,Oply,car
26933106,twoway,10154.0,14030.0,186265,126200,null,126200,1242.0828296979575,128.0,266.0,0.0,12104714,5.597423560050001,3876.0,Oply,car
28160720,twoway,13038.0,44222.0,258131,139511,null,139511,22590.173939537308,1683.0,385.0,0.0,12104691,39.628625722628065,31184.0,Oply,car
26933107,twoway,58864.0,67518.0,186265,126200,null,126200,5426.332240872702,444.0,266.0,0.0,12104713,13.152325398842754,8654.0,Oply,car
32265607,twoway,8786.0,43136.0,37224,79825,null,79825,10340.615896112115,890.0,305.0,0.0,12120661,43.053152199686004,34350.0,Oply,car
27114762,twoway,47884.0,49223.0,111171,66928,null,131675,2646.0813306417376,209.0,1130.0,0.0,12108612,4.81871593525,1339.0,Oply,car
27003666,twoway,28370.0,32980.0,180209,423936,null,423936,4268.565564502193,331.0,275.0,0.0,12102633,9.469352715375,4610.0,Oply,car
27468661,twoway,76070.0,82637.0,37224,79825,null,79825,18473.155827609426,1240.0,305.0,0.0,12120663,8.720336798364434,6567.0,Oply,car
29059307,twoway,52804.0,58582.0,11624,42301,null,42301,9488.903920605904,813.0,163.0,0.0,12104663,8.914375581200536,5778.0,Oply,car
27152218,twoway,54696.0,65120.0,286148,286148,null,286148,11029.158397397878,934.0,1.0,0.0,12131681,13.209474195698073,10424.0,Oply,car
26795573,twoway,70822.0,77174.0,65774,172623,null,172623,8968.041147080257,781.0,739.0,0.0,12104671,8.750990145120378,6352.0,Oply,car
26793155,twoway,73758.0,79491.0,333278,316629,null,316629,6638.462490822154,533.0,368.0,0.0,12122632,8.735892242591225,5733.0,Oply,car
27875548,twoway,56315.0,62271.0,291599,281413,null,281413,8994.408370037123,752.0,338.0,0.0,12102681,9.201962933625001,5956.0,Oply,car
29059300,twoway,48470.0,59880.0,11624,42301,null,42301,6848.621925444391,603.0,163.0,0.0,12104662,17.206932719401504,11410.0,Oply,car
27308508,twoway,55997.0,63104.0,108588,152242,null,152242,8119.629516030775,658.0,259.0,0.0,12133652,9.2142658545,7107.0,Oply,car
28053912,twoway,55528.0,61543.0,289774,289762,null,289762,12188.903652895013,840.0,290.0,0.0,12131641,8.858687889132858,6015.0,Oply,car
30892513,twoway,54896.0,60290.0,236327,487115,null,487115,6267.4142407448135,479.0,297.0,0.0,12132691,8.872978333323267,5394.0,Oply,car
26658417,twoway,20942.0,49263.0,358470,152242,null,152242,13928.325497775799,1123.0,390.0,0.0,12133652,35.163942685125605,28321.0,Oply,car
27050544,twoway,88746.0,88997.0,131665,131665,null,419114,3110.4759644366577,250.0,1.0,0.0,12131611,0.2843997977277719,251.0,Oply,car
27669894,twoway,56705.0,57663.0,500879,501127,null,501127,4036.6408703252464,433.0,326.0,0.0,12133671,4.6932907879375,958.0,Oply,car
26960595,twoway,39084.0,46301.0,110827,66928,null,66928,4909.934479051149,415.0,253.0,0.0,12108612,9.408020535899999,7217.0,Oply,car
28506440,twoway,75186.0,78042.0,267467,66928,null,66928,6283.055995658148,559.0,171.0,0.0,12108612,4.572009261225,2856.0,Oply,car
27152217,twoway,32979.0,49667.0,286148,487115,null,487115,13939.10985136763,1157.0,946.0,0.0,12132691,22.06603900482117,16688.0,Oply,car
27982110,twoway,37263.0,43897.0,60517,289762,null,289762,17258.974171004968,1451.0,318.0,0.0,12131643,9.401569005675,6634.0,Oply,car
29515595,twoway,69923.0,75824.0,363801,172623,null,172623,5936.380150373874,505.0,224.0,0.0,12104674,8.551837998601131,5901.0,Oply,car
26800101,twoway,75240.0,79432.0,21203,456157,null,456157,5596.276766855875,477.0,778.0,0.0,12103624,8.524665430080685,4192.0,Oply,car
28856788,twoway,57357.0,64074.0,487060,469756,null,469756,15135.579253835835,1237.0,403.0,0.0,12132671,8.828067911552733,6717.0,Oply,car
28068296,twoway,39135.0,49094.0,229018,414631,null,414631,6767.3343022891895,500.0,91.0,0.0,12120622,13.347871797797463,9959.0,Oply,car
26951895,twoway,55260.0,58589.0,148466,316629,null,316629,3563.407534075101,321.0,426.0,0.0,12122631,4.7182457385,3329.0,Oply,car
29832428,twoway,9171.0,42904.0,281750,153662,null,153662,226281.8816306694,9552.0,806.0,0.0,12103661,44.047640636328794,33733.0,Oply,car
27248587,twoway,65450.0,72039.0,289774,289762,null,289762,15654.38428487259,1279.0,290.0,0.0,12131642,8.58172152985569,6589.0,Oply,car
28176764,twoway,76631.0,78238.0,98440,316629,null,316629,6503.859234504115,535.0,158.0,0.0,12122631,4.5644094915124995,1607.0,Oply,car
26725247,twoway,88086.0,88573.0,180209,423936,null,256822,2535.4579881974755,212.0,275.0,0.0,12102631,4.21824408362367,487.0,Oply,car
26795596,twoway,53533.0,59371.0,224879,414631,null,414631,6684.6001771335905,499.0,232.0,0.0,12120621,8.896413067430379,5838.0,Oply,car
29612713,twoway,58114.0,60848.0,132980,427832,null,427832,4541.5896877162795,368.0,316.0,0.0,12121652,4.4921576052016094,2734.0,Oply,car
26716528,twoway,64051.0,70084.0,280055,320455,null,320455,4947.221608026489,453.0,234.0,0.0,12103612,9.143542935537502,6033.0,Oply,car
27418930,twoway,54235.0,57694.0,50756,484179,null,484179,2891.9832258399056,255.0,259.0,0.0,12121631,4.7379491473125,3459.0,Oply,car
26762749,twoway,11889.0,50519.0,105073,105073,null,105073,8604.38885138859,714.0,1.0,0.0,12096521,47.2033552302063,38630.0,Oply,car
26760447,twoway,62702.0,69843.0,75101,346913,null,346913,5184.2409624557295,461.0,366.0,0.0,12133734,8.80098203796481,7141.0,Oply,car
29324096,twoway,71299.0,77331.0,373950,280126,null,280126,12826.853769580463,1011.0,318.0,0.0,12103643,8.54754024170244,6032.0,Oply,car
33490036,twoway,51136.0,56746.0,456159,320455,null,320455,6544.62684175869,578.0,522.0,0.0,12103612,8.73237237875589,5610.0,Oply,car
33490035,twoway,53324.0,62871.0,456159,456157,null,456157,5730.084599936788,466.0,145.0,0.0,12103622,12.932696775691305,9547.0,Oply,car
27669776,twoway,66621.0,68121.0,267467,66928,null,66928,6239.323714406884,555.0,171.0,0.0,12108611,4.6191200467125,1500.0,Oply,car
27452087,twoway,75956.0,78971.0,21203,456157,null,456157,11524.595172724097,947.0,778.0,0.0,12103622,4.3910028156312695,3015.0,Oply,car
33141345,twoway,68119.0,73742.0,255099,255488,null,255488,4660.545981963814,446.0,271.0,0.0,12103681,9.1211102891125,5623.0,Oply,car
26841100,twoway,34686.0,55240.0,440138,486024,null,486024,10701.581738335106,846.0,244.0,0.0,12132663,27.4459764852,20554.0,Oply,car
34726521,twoway,45462.0,51613.0,498129,454386,null,454386,6407.253353269824,527.0,382.0,0.0,12122613,8.765034147405574,6151.0,Oply,car
28960673,twoway,54178.0,59480.0,440255,126200,null,126200,957.9799598653508,92.0,127.0,0.0,12104711,9.24467573575,5302.0,Oply,car
26736115,twoway,54067.0,60980.0,61447,257127,null,257127,12339.444211899212,981.0,174.0,0.0,12095571,8.885577333471867,6913.0,Oply,car
29017550,twoway,22624.0,28772.0,487247,469756,null,469756,7943.7092527336845,759.0,234.0,0.0,12132671,9.160132800752875,6148.0,Oply,car
26880919,twoway,53913.0,59071.0,389093,87195,null,87195,12208.789937420013,878.0,149.0,0.0,12133621,8.895436708060698,5158.0,Oply,car
29197333,twoway,59610.0,67788.0,241416,301163,null,301163,6021.803606590844,445.0,196.0,0.0,12133643,13.677792688875,8178.0,Oply,car
28376733,twoway,39571.0,44416.0,290432,286148,null,286148,5398.9976288585,461.0,1069.0,0.0,12131681,9.3673214593,4845.0,Oply,car
29101995,twoway,56708.0,63115.0,43312,380534,null,380534,6230.68682492455,506.0,205.0,0.0,12120652,8.839852747077662,6407.0,Oply,car
26772894,twoway,58509.0,65086.0,108943,301163,null,301163,14629.858286659926,1157.0,912.0,0.0,12133642,8.82140143166882,6577.0,Oply,car
29530837,twoway,57319.0,65885.0,472270,1825,null,1825,8880.825626984077,770.0,245.0,0.0,12107641,13.6885701645875,8566.0,Oply,car
27445225,twoway,13351.0,35437.0,498129,454386,null,454386,48596.61882929025,2291.0,382.0,0.0,12122611,30.250635011043315,22086.0,Oply,car
31427807,twoway,18985.0,54825.0,485280,485280,null,485280,41539.49648865977,3012.0,1.0,0.0,12131621,42.85940202153262,35840.0,Oply,car
31958582,twoway,62129.0,97406.0,342369,13762,null,13762,13248.261678361188,1066.0,364.0,0.0,12133682,45.195210185125,35277.0,Oply,car
27401242,twoway,34909.0,40696.0,186265,126200,null,126200,2479.4362128017938,244.0,266.0,0.0,12104714,9.4290667961875,5787.0,Oply,car
30265930,twoway,63626.0,69822.0,419130,272361,null,272361,12069.727726767693,982.0,150.0,0.0,12102621,9.151226761425,6196.0,Oply,car
26843420,twoway,51960.0,57391.0,195752,255316,null,255316,10879.651432275547,937.0,389.0,0.0,12132613,9.274462228500001,5431.0,Oply,car
28517648,twoway,73810.0,78856.0,96210,410043,null,410043,24104.45557358665,1584.0,690.0,0.0,12096511,8.734899171592163,5046.0,Oply,car
29866529,twoway,80768.0,85564.0,456014,456157,null,456157,12197.381282528491,997.0,383.0,0.0,12103621,8.503222939855137,4796.0,Oply,car
28563789,twoway,64384.0,71640.0,350145,275690,null,275690,7225.861237005175,640.0,223.0,0.0,12131651,9.215038246400002,7256.0,Oply,car
27258130,twoway,76049.0,82164.0,320524,280126,null,280126,4338.256622922324,371.0,284.0,0.0,12103642,8.721019271021941,6115.0,Oply,car
27686196,twoway,39126.0,46430.0,272414,153662,null,153662,7691.901293910318,663.0,203.0,0.0,12103662,9.510025232924999,7304.0,Oply,car
32950700,twoway,44932.0,47030.0,60517,289762,null,289762,15881.022470232954,1293.0,318.0,0.0,12131643,4.8357992557000005,2098.0,Oply,car
27694923,twoway,74867.0,81391.0,275609,456157,null,456157,6111.18100064807,520.0,1034.0,0.0,12103623,8.390472663237563,6524.0,Oply,car
29644324,twoway,61758.0,67564.0,363141,244185,null,244185,4654.478739792129,370.0,368.0,0.0,12096532,8.60539819413378,5806.0,Oply,car
27694922,twoway,60826.0,64862.0,275609,485280,null,485280,4251.49868656954,423.0,334.0,0.0,12131623,8.609464585387613,4036.0,Oply,car
31502089,twoway,22901.0,47878.0,257254,445439,null,445439,104839.83329106227,5745.0,1123.0,0.0,12133691,30.807959818983825,24977.0,Oply,car
27961511,twoway,56757.0,62217.0,363105,255316,null,255316,10768.470428386121,953.0,278.0,0.0,12132612,9.1941246109125,5460.0,Oply,car
26770364,twoway,6842.0,38389.0,97547,286148,null,286148,5586.817612784332,515.0,683.0,0.0,12131681,39.766003861252216,31547.0,Oply,car
28631277,twoway,69115.0,74629.0,492426,42301,null,42301,6587.370969499648,607.0,227.0,0.0,12104661,9.110139720500001,5514.0,Oply,car
26886277,twoway,48244.0,57597.0,373950,280126,null,280126,26738.680853239264,1856.0,318.0,0.0,12103642,12.609039647248894,9353.0,Oply,car
32796888,twoway,58801.0,64069.0,255282,255316,null,255316,3887.216145713344,389.0,165.0,0.0,12132613,9.181359549862501,5268.0,Oply,car
27979046,twoway,51764.0,55219.0,43312,380534,null,380534,8126.782476878431,688.0,205.0,0.0,12120651,4.586630555332228,3455.0,Oply,car
31179974,twoway,70864.0,74276.0,447997,501127,null,501127,4028.160784076337,432.0,330.0,0.0,12133673,4.318925449357577,3412.0,Oply,car
32796891,twoway,75483.0,76321.0,271533,271647,null,255282,1955.2012998213427,178.0,660.0,0.0,12104641,4.569607077525,838.0,Oply,car
29013173,twoway,67703.0,74083.0,442311,42301,null,42301,10099.9920187941,827.0,331.0,0.0,12104662,8.764152148705437,6380.0,Oply,car
27006872,twoway,62907.0,68075.0,109084,254295,null,254295,7762.400196728874,704.0,529.0,0.0,12102661,8.79849189702102,5168.0,Oply,car
27401241,twoway,51757.0,52126.0,64827,409369,null,186265,2490.339781303853,175.0,194.0,0.0,12121642,4.773476046675,369.0,Oply,car
35062651,twoway,60153.0,66128.0,333278,316629,null,316629,6362.403554388707,535.0,368.0,0.0,12122631,8.814726839343457,5975.0,Oply,car
32073692,twoway,26898.0,31109.0,500682,423936,null,423936,3306.4150240553763,257.0,288.0,0.0,12102632,9.11696184867752,4211.0,Oply,car
28931088,twoway,64633.0,71890.0,75117,243383,null,243383,4628.188703772527,431.0,1286.0,0.0,12104632,9.208640581262502,7257.0,Oply,car
32899898,twoway,67633.0,73534.0,406139,474619,null,474619,3700.9292855580443,332.0,485.0,0.0,12105613,8.565294886154767,5901.0,Oply,car
32073694,twoway,66838.0,74135.0,500682,423936,null,423936,3059.0454252890854,239.0,288.0,0.0,12102632,8.887973604426247,7297.0,Oply,car
27880711,twoway,82535.0,88673.0,460492,13928,null,13928,13549.464542695527,1121.0,165.0,0.0,12121611,9.0396610933125,6138.0,Oply,car
27387432,twoway,32734.0,34878.0,316087,486024,null,486024,10918.242528965216,787.0,401.0,0.0,12132662,4.745045228122775,2144.0,Oply,car
26809327,twoway,71434.0,72915.0,370300,370301,null,370301,7513.135494941704,572.0,90.0,0.0,12132681,4.593754604950001,1481.0,Oply,car
29189505,twoway,57998.0,61679.0,281415,281413,null,281413,3720.0580032062417,294.0,128.0,0.0,12102682,4.780482525175,3681.0,Oply,car
27102936,twoway,64842.0,70233.0,363105,255316,null,255316,2935.255907978199,295.0,278.0,0.0,12132611,8.780089472592636,5391.0,Oply,car
27890637,twoway,70408.0,71534.0,271533,153662,null,458353,3622.8296963574035,338.0,788.0,0.0,12103662,4.418219083194729,1126.0,Oply,car
27361282,twoway,54817.0,60219.0,145422,254295,null,254295,3966.395974504124,375.0,358.0,0.0,12102662,8.873512402385229,5402.0,Oply,car
26841256,twoway,4238.0,8132.0,333278,316629,null,316629,6073.385521151941,503.0,368.0,0.0,12122631,5.518653042254765,3894.0,Oply,car
27168629,twoway,33219.0,42168.0,432545,487115,null,487115,23031.888698262883,1384.0,801.0,0.0,12132692,13.9443618258,8949.0,Oply,car
27525081,twoway,55977.0,60200.0,37224,79825,null,79825,8060.644977421048,597.0,305.0,0.0,12120662,8.85908891415508,4223.0,Oply,car
26736267,twoway,56079.0,61632.0,376898,486024,null,486024,7519.670610171714,759.0,481.0,0.0,12132663,9.210300360975001,5553.0,Oply,car
28176452,twoway,72262.0,78376.0,500682,423936,null,423936,5748.5474071349245,454.0,288.0,0.0,12102631,9.092521118625,6114.0,Oply,car
26902340,twoway,60737.0,67444.0,216425,186265,null,409369,17091.134226114253,1225.0,1305.0,0.0,12121642,8.81405999665647,6707.0,Oply,car
26698061,twoway,19970.0,30108.0,364319,280126,null,280126,2060.2289608716214,225.0,612.0,0.0,12103641,12.837038688105974,10138.0,Oply,car
26845977,twoway,28959.0,34889.0,60517,289762,null,289762,4836.449070759084,497.0,318.0,0.0,12131642,9.098027248090178,5930.0,Oply,car
29178520,twoway,47995.0,52511.0,93823,456157,null,456157,1925.6112618279517,235.0,343.0,0.0,12103623,8.957018629669431,4516.0,Oply,car
26738200,twoway,59989.0,71172.0,79496,445439,null,445439,12201.272752138007,1002.0,201.0,0.0,12133691,17.478550099100854,11183.0,Oply,car
27129189,twoway,38259.0,43642.0,498129,454386,null,454386,3844.0391905856577,341.0,382.0,0.0,12122612,8.823414707160355,5383.0,Oply,car
26738201,twoway,43829.0,55818.0,79496,445439,null,445439,16660.135989701317,1103.0,201.0,0.0,12133692,18.348530822475002,11989.0,Oply,car
33670722,twoway,74399.0,78675.0,375437,337736,null,337736,10567.204426998996,931.0,359.0,0.0,12102702,9.085973513925,4276.0,Oply,car
27641061,twoway,11171.0,45495.0,209248,346913,null,346913,35456.54004388109,2529.0,259.0,0.0,12133731,42.28746536647326,34324.0,Oply,car
27186044,twoway,12389.0,38575.0,90114,16208,null,16208,5050.447808040405,416.0,616.0,0.0,12107621,36.7313953292125,26186.0,Oply,car
28176454,twoway,75124.0,80895.0,500682,423936,null,423936,2637.2532420316065,235.0,288.0,0.0,12102633,8.725862344483168,5771.0,Oply,car
28588940,twoway,56728.0,62007.0,370300,370301,null,370301,2801.9293534489802,265.0,90.0,0.0,12132682,8.838126852201173,5279.0,Oply,car
28932186,twoway,79241.0,79823.0,299824,280126,null,7101,2912.497890505319,263.0,319.0,0.0,12103644,4.280258003546404,582.0,Oply,car
27916966,twoway,60444.0,65906.0,267467,66928,null,66928,6700.6065966628,606.0,171.0,0.0,12108611,9.171098788950001,5462.0,Oply,car
27916969,twoway,45544.0,51029.0,267467,66928,null,66928,5194.037348883757,451.0,171.0,0.0,12108611,9.333111158700001,5485.0,Oply,car
29388617,twoway,42548.0,47144.0,342369,13762,null,13762,6781.03195705944,542.0,364.0,0.0,12133682,8.784276285874768,4596.0,Oply,car
26531740,twoway,62261.0,69754.0,243379,243383,null,243383,12533.377793498583,1055.0,168.0,0.0,12104631,9.52317701265,7493.0,Oply,car
27164255,twoway,61130.0,66820.0,209241,487115,null,487115,6661.076476089111,604.0,252.0,0.0,12132691,9.162549364500002,5690.0,Oply,car
29784866,twoway,63668.0,64622.0,61743,427832,null,412100,5397.473735447607,422.0,532.0,0.0,12121651,4.465235332516208,954.0,Oply,car
27176351,twoway,60532.0,70760.0,132622,456157,null,456157,9950.524021309404,828.0,445.0,0.0,12103621,13.676504615199999,10228.0,Oply,car
28869916,twoway,8007.0,36608.0,356662,274193,null,274193,17466.045101270647,1068.0,178.0,0.0,12133611,34.602597339454235,28601.0,Oply,car
26905504,twoway,44695.0,59405.0,36249,36249,null,36249,8254.956213344594,717.0,1.0,0.0,12111612,21.970284397107733,14710.0,Oply,car
26820227,twoway,60588.0,70619.0,378949,370301,null,370301,6372.493710438314,487.0,94.0,0.0,12132681,13.674699489149999,10031.0,Oply,car
31701197,twoway,53948.0,65412.0,460492,13928,null,13928,2722.1716371008897,252.0,165.0,0.0,12121611,18.2590096458,11464.0,Oply,car
29384495,twoway,62257.0,67549.0,356662,274193,null,274193,8485.558725546554,776.0,178.0,0.0,12133612,8.802323673531399,5292.0,Oply,car
28626918,twoway,71878.0,77454.0,362771,281994,null,281994,7162.319201972938,621.0,233.0,0.0,12095581,9.0939725786,5576.0,Oply,car
29028763,twoway,66357.0,72893.0,342369,469756,null,469756,3260.688679856563,299.0,1204.0,0.0,12132672,8.772734084180998,6536.0,Oply,car
27358290,twoway,14543.0,45658.0,403683,403375,null,403375,38930.98132841735,2084.0,323.0,0.0,12132641,39.60345546688061,31115.0,Oply,car
34864815,twoway,50072.0,53582.0,332454,255316,null,255316,3476.6232058264577,371.0,252.0,0.0,12132612,4.607026098458383,3510.0,Oply,car
27469913,twoway,47681.0,54085.0,257108,131665,null,131665,5126.832376486296,427.0,98.0,0.0,12131611,9.327050449675001,6404.0,Oply,car
28686595,twoway,57472.0,62706.0,485278,456157,null,456157,3701.559732733465,327.0,813.0,0.0,12103624,8.82896693231395,5234.0,Oply,car
26531738,twoway,36575.0,43960.0,243379,243383,null,243383,12237.955849641025,1029.0,168.0,0.0,12104631,9.649278743125002,7385.0,Oply,car
33624130,twoway,80881.0,81470.0,436770,42301,null,11624,526.2058393622426,61.0,528.0,0.0,12104661,4.5470402450375005,589.0,Oply,car
27397894,twoway,52087.0,55541.0,50756,484179,null,484179,6324.560728193376,585.0,259.0,0.0,12121632,4.7670527821,3454.0,Oply,car
27397893,twoway,33632.0,38812.0,50756,484179,null,484179,9350.552036012974,693.0,259.0,0.0,12121631,8.863714501541283,5180.0,Oply,car
32394521,twoway,61501.0,67049.0,501129,501127,null,501127,5435.664399766873,461.0,297.0,0.0,12133672,8.608208034236906,5548.0,Oply,car
26758312,twoway,64287.0,70043.0,356979,42301,null,42301,8477.110875311966,727.0,327.0,0.0,12104663,8.588359366871863,5756.0,Oply,car
31574958,twoway,79323.0,83967.0,61449,257127,null,257127,3035.3976888033276,306.0,156.0,0.0,12095571,8.709373807241082,4644.0,Oply,car
29366096,twoway,55700.0,60169.0,21199,485280,null,485280,12852.734585319196,1048.0,126.0,0.0,12131621,9.21627105,4469.0,Oply,car
27820663,twoway,0.0,29787.0,500682,423936,null,423936,15609.856292930961,1261.0,288.0,0.0,12102631,38.94721304235449,29787.0,Oply,car
27397896,twoway,38984.0,45843.0,50756,484179,null,484179,7380.303996667659,647.0,259.0,0.0,12121631,9.390487206100001,6859.0,Oply,car
26749823,twoway,84795.0,87784.0,270940,276589,null,343967,5208.9525591247875,397.0,2592.0,0.0,12102621,4.5172324850625,2989.0,Oply,car
31420147,twoway,71375.0,77266.0,153656,153654,null,153654,1613.8367914140788,149.0,162.0,0.0,12103671,8.746947499215306,5891.0,Oply,car
26768583,twoway,56757.0,58349.0,289218,286148,null,286148,1140.5893155014842,118.0,233.0,0.0,12131682,4.687956821625,1592.0,Oply,car
26992920,twoway,50933.0,57636.0,294765,403375,null,403375,4445.083567230522,441.0,141.0,0.0,12132642,8.938132865979602,6703.0,Oply,car
28546282,twoway,49177.0,50280.0,308605,16208,null,498129,1681.9039757340454,168.0,935.0,0.0,12107621,4.7997905242875,1103.0,Oply,car
28078003,twoway,62680.0,72400.0,316087,486024,null,486024,8911.709680020831,668.0,401.0,0.0,12132663,13.661634661499999,9720.0,Oply,car
28665783,twoway,68360.0,69084.0,444375,7103,null,255282,4735.626996969674,394.0,330.0,0.0,12120632,4.3330847308778235,724.0,Oply,car
28161672,twoway,58632.0,63914.0,391664,172623,null,172623,4745.674241291074,420.0,191.0,0.0,12104671,9.180852681,5282.0,Oply,car
27120453,twoway,74919.0,81334.0,362878,281994,null,281994,8049.484385224936,732.0,629.0,0.0,12095583,9.07876257435,6415.0,Oply,car
29334495,twoway,74616.0,80826.0,415458,153654,null,153654,13322.021631553815,1104.0,198.0,0.0,12103672,9.081929703000002,6210.0,Oply,car
26931742,twoway,58808.0,66927.0,332439,7103,null,7103,17400.492964035016,1325.0,889.0,0.0,12120633,12.644568304944793,8119.0,Oply,car
28203261,twoway,54473.0,62066.0,375437,337736,null,337736,989.0438587462588,154.0,359.0,0.0,12102701,13.211017939222593,7593.0,Oply,car
26992808,twoway,78422.0,85402.0,131675,131665,null,131665,9345.770523585397,758.0,316.0,0.0,12131613,9.063312329224999,6980.0,Oply,car
27723099,twoway,64585.0,69993.0,129560,454386,null,454386,3979.1781000923274,358.0,391.0,0.0,12122612,8.78388074097872,5408.0,Oply,car
26992807,twoway,53473.0,59342.0,131675,131665,null,131665,9021.933194604602,747.0,316.0,0.0,12131614,8.900406227442621,5869.0,Oply,car
32371751,twoway,63759.0,69672.0,100067,410043,null,410043,7707.547669698854,593.0,310.0,0.0,12096512,8.792244830359943,5913.0,Oply,car
34462705,twoway,69971.0,75548.0,125553,105073,null,105073,4757.136902809995,369.0,142.0,0.0,12096522,8.75062962822245,5577.0,Oply,car
27317964,twoway,60838.0,64735.0,257303,131665,null,131665,5761.44772138532,476.0,234.0,0.0,12131614,5.027323658699999,3897.0,Oply,car
27382060,twoway,48461.0,55586.0,434340,79825,null,79825,8163.783458703198,642.0,127.0,0.0,12120663,8.951362797741048,7125.0,Oply,car
29658513,twoway,63306.0,67081.0,254293,254295,null,254295,7145.586870435415,609.0,165.0,0.0,12102662,4.8705245316,3775.0,Oply,car
29838166,twoway,73447.0,78478.0,440255,337736,null,337736,1563.903409212628,173.0,783.0,0.0,12102701,8.734256558063633,5031.0,Oply,car
28663372,twoway,68838.0,75641.0,125457,244185,null,244185,6565.68110942381,548.0,238.0,0.0,12096531,8.762578605479332,6803.0,Oply,car
29040308,twoway,78828.0,79531.0,255299,105073,null,151019,2360.4894482545997,188.0,515.0,0.0,12096522,4.5573264366,703.0,Oply,car
28301823,twoway,73085.0,79692.0,36144,280126,null,280126,7428.96080309951,610.0,301.0,0.0,12103641,9.088408329875,6607.0,Oply,car
31091680,twoway,77223.0,80641.0,242977,255316,null,255316,4621.661065139081,447.0,336.0,0.0,12132611,4.562327947800001,3418.0,Oply,car
32289422,twoway,41233.0,53281.0,354404,474619,null,474619,11985.013708158596,1079.0,146.0,0.0,12105613,17.25608512987818,12048.0,Oply,car
27010839,twoway,70238.0,75979.0,320475,280126,null,280126,8663.230786018596,738.0,102.0,0.0,12103644,8.412743205561576,5741.0,Oply,car
33937858,twoway,69867.0,76009.0,320425,320455,null,320455,10007.258794073852,893.0,283.0,0.0,12103611,9.105739542900002,6142.0,Oply,car
27461086,twoway,66849.0,71837.0,165624,1384,null,1384,3220.439788521568,277.0,157.0,0.0,12102641,8.76573726568134,4988.0,Oply,car
29553139,twoway,74488.0,80743.0,145341,105073,null,105073,6364.361378310297,528.0,288.0,0.0,12096523,8.731509901721275,6255.0,Oply,car
28344632,twoway,67642.0,71550.0,186265,126200,null,126200,2859.177293112543,275.0,266.0,0.0,12104713,9.118758685400001,3908.0,Oply,car
27609177,twoway,73500.0,77450.0,294765,403375,null,403375,7522.892144571702,679.0,141.0,0.0,12132641,8.732557380160978,3950.0,Oply,car
27611477,twoway,65996.0,71798.0,65774,281994,null,281994,7452.070591394104,680.0,161.0,0.0,12095581,9.129537905250002,5802.0,Oply,car
28597553,twoway,76160.0,84934.0,382149,274193,null,274193,46702.56172951306,3269.0,91.0,0.0,12133611,13.575721824,8774.0,Oply,car
28203594,twoway,17907.0,53872.0,120291,456157,null,456157,10641.869733149606,839.0,522.0,0.0,12103621,42.17808184949848,35965.0,Oply,car
26973124,twoway,19751.0,26223.0,288069,109148,null,109148,6599.287372225392,578.0,310.0,0.0,12121621,9.204290387957077,6472.0,Oply,car
29328839,twoway,54277.0,59837.0,498129,454386,null,454386,6461.267732199315,515.0,382.0,0.0,12122613,9.2421443170875,5560.0,Oply,car
34873633,twoway,65934.0,73848.0,241416,301163,null,301163,9460.109219056834,853.0,196.0,0.0,12133642,13.634404174125,7914.0,Oply,car
29507668,twoway,66520.0,72708.0,384112,105073,null,105073,10228.946898820312,869.0,152.0,0.0,12096521,8.571412071199001,6188.0,Oply,car
27146767,twoway,75736.0,76475.0,307754,222465,null,186275,3082.1975419655837,255.0,484.0,0.0,12102691,4.5686982131,739.0,Oply,car
28581140,twoway,37194.0,48474.0,60517,289762,null,289762,16538.95541941625,1411.0,318.0,0.0,12131641,17.2987567656266,11280.0,Oply,car
28581141,twoway,69660.0,76129.0,60517,289762,null,289762,15283.117695748857,1293.0,318.0,0.0,12131643,8.751439898874228,6469.0,Oply,car
27155595,twoway,63772.0,74032.0,172623,172623,null,172623,6551.799355138058,590.0,1.0,0.0,12104673,13.120944961001339,10260.0,Oply,car
27179424,twoway,69699.0,74612.0,197453,257127,null,257127,2581.5302021675584,212.0,895.0,0.0,12095572,8.751226866161817,4913.0,Oply,car
27875160,twoway,65908.0,73670.0,359317,244185,null,244185,6694.44234773395,565.0,217.0,0.0,12096534,13.106367660881345,7762.0,Oply,car
34731144,twoway,29367.0,35848.0,501129,501127,null,501127,27896.45872218437,1916.0,297.0,0.0,12133671,8.8841150536549,6481.0,Oply,car
34668948,twoway,68233.0,73619.0,157720,484179,null,484179,3877.938641047261,335.0,365.0,0.0,12121631,8.567757677790603,5386.0,Oply,car
27581445,twoway,21880.0,27958.0,97168,484179,null,484179,14222.774906589064,983.0,118.0,0.0,12121631,8.959966837589421,6078.0,Oply,car
27581443,twoway,34276.0,38695.0,97168,484179,null,484179,15653.252303880212,1308.0,118.0,0.0,12121632,9.060300447304368,4419.0,Oply,car
26914028,twoway,50742.0,63057.0,342369,13762,null,13762,8244.578380556104,639.0,364.0,0.0,12133683,17.193771829786847,12315.0,Oply,car
27581444,twoway,22978.0,32776.0,97168,484179,null,484179,16040.110149398959,1179.0,118.0,0.0,12121632,13.48392652680681,9798.0,Oply,car
32837292,twoway,37018.0,42350.0,356662,274193,null,274193,3043.937473850612,309.0,178.0,0.0,12133612,8.840556692425643,5332.0,Oply,car
27678044,twoway,77404.0,80262.0,257116,131665,null,131665,5815.992411779439,481.0,193.0,0.0,12131611,4.385950819761298,2858.0,Oply,car
27065446,twoway,51226.0,55828.0,361058,244185,null,244185,7369.845653468099,625.0,324.0,0.0,12096533,8.586011955121588,4602.0,Oply,car
27946745,twoway,5090.0,30790.0,331193,254295,null,254295,7561.322061520205,728.0,567.0,0.0,12102661,35.46232834099281,25700.0,Oply,car
34898743,twoway,73018.0,73655.0,342717,126200,null,172611,5134.129950939899,420.0,217.0,0.0,12104711,4.58430790615,637.0,Oply,car
35171953,twoway,9409.0,45498.0,337570,126200,null,126200,5148.062111010363,417.0,1011.0,0.0,12104712,43.14347575876393,36089.0,Oply,car
28581372,twoway,62579.0,67967.0,409479,172623,null,172623,2141.949595628667,225.0,135.0,0.0,12104672,8.601884427491251,5388.0,Oply,car
27901678,twoway,14557.0,46775.0,257303,131665,null,131665,7891.55495746449,653.0,234.0,0.0,12131611,38.06540077234044,32218.0,Oply,car
26859171,twoway,49096.0,61186.0,36249,36249,null,36249,5872.356991604036,472.0,1.0,0.0,12111613,17.60648584262658,12090.0,Oply,car
27403032,twoway,17622.0,47336.0,224883,414631,null,414631,109038.03352660226,5262.0,408.0,0.0,12120621,38.65032441434385,29714.0,Oply,car
27006343,twoway,5347.0,11351.0,141142,152242,null,152242,8049.127411980421,650.0,471.0,0.0,12133651,9.475346472495282,6004.0,Oply,car
33038387,twoway,41090.0,46824.0,125496,244185,null,244185,6235.670635627815,505.0,201.0,0.0,12096532,8.797380945922013,5734.0,Oply,car
28111597,twoway,45914.0,58388.0,993,30901,null,30901,2384.0342281207663,253.0,786.0,0.0,12133712,18.339175944075002,12474.0,Oply,car
27056720,twoway,38699.0,46347.0,97168,484179,null,484179,7303.243818139073,602.0,118.0,0.0,12121632,13.894596406775001,7648.0,Oply,car
29420913,twoway,66285.0,72534.0,342369,13762,null,13762,8564.419755574174,570.0,364.0,0.0,12133683,9.126698899500001,6249.0,Oply,car
32840598,twoway,55763.0,62019.0,87197,87195,null,87195,17262.975772522972,1346.0,171.0,0.0,12133622,9.2141219912875,6256.0,Oply,car
34688641,twoway,66663.0,72046.0,129560,454386,null,454386,3211.752326268238,261.0,391.0,0.0,12122613,9.122266202175,5383.0,Oply,car
31136697,twoway,42395.0,48947.0,415458,153654,null,153654,6718.938090496208,645.0,198.0,0.0,12103672,8.995568410598619,6552.0,Oply,car
28338904,twoway,73493.0,79673.0,21199,485280,null,485280,4557.204400395528,476.0,126.0,0.0,12131622,9.0852489091875,6180.0,Oply,car
31882954,twoway,30512.0,35945.0,422625,30901,null,30901,10905.995733881347,857.0,123.0,0.0,12133712,9.449215804,5433.0,Oply,car
29151115,twoway,59731.0,65351.0,189969,487115,null,487115,7239.018026072368,614.0,915.0,0.0,12132692,9.1725506427625,5620.0,Oply,car
29612570,twoway,76583.0,76819.0,342364,13762,null,488928,2290.6063895723346,185.0,51.0,0.0,12133683,0.354756185875,236.0,Oply,car
29150141,twoway,85554.0,93881.0,94475,94799,null,255099,8712.516231739572,723.0,7604.0,0.0,12108611,12.996450893718253,8327.0,Oply,car
27359048,twoway,10894.0,43268.0,367895,8897,null,8897,12585.160316063071,1031.0,311.0,0.0,12133631,41.266934731575,32374.0,Oply,car
27014091,twoway,82160.0,82527.0,168485,153654,null,296749,1996.9342547595584,181.0,186.0,0.0,12103671,4.362103486882165,367.0,Oply,car
28661153,twoway,86237.0,86829.0,402902,60605,null,106927,3433.064159631069,267.0,325.0,0.0,12107631,4.33125165572547,592.0,Oply,car
34693504,twoway,41724.0,47014.0,423291,20711,null,20711,8252.27258629158,878.0,120.0,0.0,12132623,8.99343662323504,5290.0,Oply,car
27413174,twoway,55221.0,65566.0,280460,474619,null,474619,7260.143717524724,593.0,290.0,0.0,12105611,12.687774134424394,10345.0,Oply,car
26918640,twoway,73910.0,77655.0,373443,251159,null,251159,3725.4266056399133,336.0,232.0,0.0,12104702,4.575889483009562,3745.0,Oply,car
26823114,twoway,53517.0,60507.0,172623,172623,null,172623,5674.259555417136,480.0,1.0,0.0,12104674,8.695011530524315,6990.0,Oply,car
27051499,twoway,57001.0,63462.0,79823,79825,null,79825,14515.97303106275,1107.0,112.0,0.0,12120663,9.1892926748875,6461.0,Oply,car
27159863,twoway,70241.0,77209.0,363141,244185,null,244185,4132.052016764531,375.0,368.0,0.0,12096532,8.750888036524024,6968.0,Oply,car
26675332,twoway,10581.0,36015.0,243379,243383,null,243383,3194.020370445553,304.0,168.0,0.0,12104631,31.297898196935517,25434.0,Oply,car
27454232,twoway,60120.0,60600.0,316616,126200,null,343630,4283.887027186436,348.0,132.0,0.0,12104712,4.486342823503799,480.0,Oply,car
27104043,twoway,63139.0,69466.0,442585,20711,null,20711,11885.496176380939,1042.0,248.0,0.0,12132621,8.80089831756907,6327.0,Oply,car
26918639,twoway,82375.0,83106.0,316616,337736,null,373443,990.8893841481407,116.0,615.0,0.0,12102701,4.360475590298363,731.0,Oply,car
29016709,twoway,63554.0,73080.0,425792,286148,null,286148,7281.853320458037,576.0,458.0,0.0,12131682,13.6574617844,9526.0,Oply,car
27679382,twoway,25401.0,31451.0,442311,42301,null,42301,6123.665070138227,555.0,331.0,0.0,12104661,8.919905279007263,6050.0,Oply,car
26842995,twoway,47358.0,53607.0,348211,251159,null,251159,3725.4266056399133,336.0,264.0,0.0,12104702,9.331900277175,6249.0,Oply,car
27056719,twoway,23160.0,33456.0,97168,484179,null,484179,9862.438702765363,823.0,118.0,0.0,12121633,14.0222997915,10296.0,Oply,car
29700592,twoway,66015.0,73042.0,379132,487115,null,487115,6916.246519923725,598.0,1039.0,0.0,12132692,9.1282787505,7027.0,Oply,car
29130643,twoway,9475.0,45669.0,425793,286148,null,286148,28405.67545408033,1921.0,477.0,0.0,12131682,46.0525547278125,36194.0,Oply,car
26970177,twoway,57667.0,59547.0,195855,274193,null,274193,7675.726530058173,653.0,256.0,0.0,12133612,4.496274128406797,1880.0,Oply,car
28894009,twoway,68880.0,73509.0,189969,487115,null,487115,4126.5356842386855,377.0,915.0,0.0,12132691,9.114471933,4629.0,Oply,car
32425013,twoway,9122.0,36698.0,440255,126200,null,126200,228681.92238085376,9499.0,127.0,0.0,12104711,34.02123007616017,27576.0,Oply,car
29773584,twoway,54780.0,57805.0,21199,485280,null,485280,4512.647930556523,469.0,126.0,0.0,12131623,4.73043557175,3025.0,Oply,car
29888922,twoway,81525.0,85424.0,405192,301163,null,301163,2309.8630820905114,224.0,409.0,0.0,12133643,4.622198088538789,3899.0,Oply,car
29013791,twoway,69624.0,75290.0,406139,474619,null,474619,3547.481714315855,369.0,485.0,0.0,12105612,8.752543839906407,5666.0,Oply,car
29553323,twoway,72995.0,78832.0,280124,280126,null,280126,6607.687252148075,568.0,171.0,0.0,12103645,8.737572761878551,5837.0,Oply,car
29096296,twoway,72384.0,79853.0,157720,484179,null,484179,14890.189045644158,1222.0,365.0,0.0,12121632,9.426223245600001,7469.0,Oply,car
28149139,twoway,33912.0,40120.0,439576,243383,null,243383,3984.8351433332296,348.0,421.0,0.0,12104632,9.431294172300001,6208.0,Oply,car
27178170,twoway,53657.0,59880.0,125553,105073,null,105073,14372.84808498365,1221.0,142.0,0.0,12096523,8.695750494848676,6223.0,Oply,car
26847666,twoway,46687.0,47501.0,415693,251159,null,376898,6270.201977560121,516.0,298.0,0.0,12104701,4.637134667729654,814.0,Oply,car
29524878,twoway,53921.0,59487.0,333278,316629,null,316629,6216.032710869139,539.0,368.0,0.0,12122632,8.89362217124066,5566.0,Oply,car
29051260,twoway,69005.0,69615.0,46022,126200,null,280055,5050.28721207347,432.0,178.0,0.0,12104712,4.6072620496875,610.0,Oply,car
27178172,twoway,76417.0,81960.0,125553,105073,null,105073,4738.840219680109,370.0,142.0,0.0,12096521,8.718849896012989,5543.0,Oply,car
28286168,twoway,57632.0,62786.0,131675,131665,null,131665,4415.02118786706,424.0,316.0,0.0,12131613,8.824920662851696,5154.0,Oply,car
26788238,twoway,63106.0,73120.0,370300,370301,null,370301,4252.382041446546,392.0,90.0,0.0,12132682,13.6602848116,10014.0,Oply,car
27030498,twoway,16120.0,48602.0,402707,7103,null,7103,221953.3059555248,9077.0,502.0,0.0,12120631,38.14925951450092,32482.0,Oply,car
28674767,twoway,72254.0,78778.0,288069,109148,null,109148,3246.829393207842,289.0,310.0,0.0,12121622,8.741095778867438,6524.0,Oply,car
26768742,twoway,77661.0,82491.0,282000,172623,null,172623,6562.2957190883635,561.0,324.0,0.0,12104673,8.517107256676844,4830.0,Oply,car
27008203,twoway,67674.0,76535.0,282261,245646,null,245646,5533.176017806521,448.0,446.0,0.0,12131661,13.094313546383303,8861.0,Oply,car
35031325,twoway,74442.0,77178.0,270940,110655,null,276589,384.181835865022,28.0,2708.0,0.0,12102621,4.5805249281750005,2736.0,Oply,car
29567250,twoway,49462.0,55816.0,487423,469756,null,469756,13328.599647097357,1065.0,321.0,0.0,12132672,8.94367534005949,6354.0,Oply,car
27093968,twoway,61721.0,70662.0,174221,414631,null,414631,13992.042446424763,837.0,798.0,0.0,12120623,13.139487406169108,8941.0,Oply,car
29052345,twoway,64615.0,70162.0,501129,501127,null,501127,5187.314767175299,441.0,297.0,0.0,12133671,8.782532182795427,5547.0,Oply,car
27878009,twoway,52052.0,54865.0,209248,346913,null,346913,6425.631215732676,514.0,259.0,0.0,12133734,4.479757020799604,2813.0,Oply,car
27635062,twoway,57473.0,63262.0,248694,301163,null,301163,6018.367278087764,461.0,292.0,0.0,12133641,8.625721641981558,5789.0,Oply,car
27493290,twoway,19928.0,23665.0,136810,427832,null,427832,4541.5896877162795,368.0,196.0,0.0,12121651,5.030741895796098,3737.0,Oply,car
28684560,twoway,53277.0,63855.0,78291,376898,null,251159,8850.89733050806,762.0,6090.0,0.0,12104701,13.7669472591,10578.0,Oply,car
27578648,twoway,41968.0,50657.0,20711,20711,null,20711,19039.575633411383,1169.0,1.0,0.0,12132621,13.855980189799999,8689.0,Oply,car
26710753,twoway,16977.0,45659.0,341904,486024,null,486024,24193.496915184794,1788.0,1014.0,0.0,12132661,34.43193906978625,28682.0,Oply,car
32757889,twoway,53227.0,59527.0,210921,244185,null,244185,8697.433746605884,748.0,370.0,0.0,12096534,8.702324492280797,6300.0,Oply,car
27138138,twoway,65857.0,71229.0,403683,403375,null,403375,2259.021901647337,268.0,323.0,0.0,12132642,8.775546397216138,5372.0,Oply,car
27138137,twoway,41516.0,44780.0,403683,403375,null,403375,8675.620748792167,695.0,323.0,0.0,12132642,4.85551476095,3264.0,Oply,car
31352862,twoway,56080.0,62386.0,344210,281994,null,281994,5067.1895167529965,451.0,274.0,0.0,12095581,9.208587843000002,6306.0,Oply,car
32262119,twoway,73068.0,78674.0,108943,152242,null,152242,8049.127411980421,650.0,295.0,0.0,12133651,8.736429286215051,5606.0,Oply,car
27764486,twoway,60995.0,68044.0,108588,346913,null,346913,4446.557713220453,380.0,723.0,0.0,12133732,8.60983367119476,7049.0,Oply,car
27578650,twoway,61670.0,67981.0,20711,20711,null,20711,18674.09874082809,1173.0,1.0,0.0,12132622,8.609830500354493,6311.0,Oply,car
29158287,twoway,50008.0,56578.0,408992,281994,null,281994,4346.36045200809,401.0,268.0,0.0,12095583,9.2997456958,6570.0,Oply,car
26792880,twoway,65729.0,68730.0,126872,13928,null,13928,3215.111602200912,284.0,288.0,0.0,12121611,4.6266152244375,3001.0,Oply,car
28763585,twoway,59112.0,62050.0,189969,286148,null,286148,11392.343923235334,959.0,314.0,0.0,12131682,4.6672408566,2938.0,Oply,car
26803144,twoway,16753.0,20645.0,362976,282876,null,282876,6228.533302103216,486.0,409.0,0.0,12102672,5.5028808083375,3892.0,Oply,car
26771946,twoway,71798.0,79195.0,413333,131665,null,131665,6200.885635345282,517.0,275.0,0.0,12131614,8.973485288805039,7397.0,Oply,car
28021892,twoway,66914.0,75602.0,229018,414631,null,414631,9191.041991281409,728.0,91.0,0.0,12120621,13.094331718252144,8688.0,Oply,car
29695577,twoway,67552.0,73259.0,500682,423936,null,423936,3924.602089085354,340.0,288.0,0.0,12102633,9.1182248668,5707.0,Oply,car
27269838,twoway,64162.0,67396.0,409844,139511,null,139511,1090.6796942464955,103.0,172.0,0.0,12104691,4.639625871300001,3234.0,Oply,car
27695237,twoway,74016.0,77627.0,409816,139511,null,139511,3345.846866523157,295.0,185.0,0.0,12104692,4.591643028,3611.0,Oply,car
31059622,twoway,11735.0,46257.0,270630,30901,null,30901,22231.850775714265,1163.0,1172.0,0.0,12133711,43.98243791577026,34522.0,Oply,car
27501481,twoway,71699.0,77275.0,50756,484179,null,484179,4901.640584280601,420.0,259.0,0.0,12121633,8.745072551747956,5576.0,Oply,car
27859526,twoway,80126.0,80525.0,127904,369565,null,1484,1700.4301813904938,169.0,230.0,0.0,12096541,4.55180078395,399.0,Oply,car
28709493,twoway,89364.0,89992.0,36588,13928,null,421149,3344.8867217809347,257.0,371.0,0.0,12121611,4.480486264800001,628.0,Oply,car
29053336,twoway,65558.0,71448.0,27478,380534,null,380534,4443.188310732028,334.0,458.0,0.0,12120651,8.780609750504135,5890.0,Oply,car
27803022,twoway,74897.0,84297.0,108588,152242,null,152242,9178.66460081924,789.0,259.0,0.0,12133652,13.5840434415875,9400.0,Oply,car
29149572,twoway,70955.0,76350.0,255282,255316,null,255316,8249.546093364188,713.0,165.0,0.0,12132611,9.101111277125,5395.0,Oply,car
29429347,twoway,59087.0,66585.0,344210,281994,null,281994,4716.7655266458605,406.0,274.0,0.0,12095583,9.551426649887501,7498.0,Oply,car
27501479,twoway,62165.0,67994.0,50756,484179,null,484179,2891.9832258399056,255.0,259.0,0.0,12121633,8.601751463589364,5829.0,Oply,car
33046421,twoway,70021.0,73248.0,66928,66928,null,66928,5194.037348883757,451.0,1.0,0.0,12108612,4.420353953286058,3227.0,Oply,car
26790583,twoway,71623.0,77384.0,255282,454386,null,454386,3844.0391905856577,341.0,369.0,0.0,12122612,9.097127442025,5761.0,Oply,car
28881428,twoway,16822.0,51312.0,271533,272361,null,272361,236088.0290051647,10171.0,164.0,0.0,12102621,43.90207580037641,34490.0,Oply,car
26981940,twoway,45846.0,54248.0,484179,484179,null,484179,10200.150641968612,888.0,1.0,0.0,12121633,13.303638548556027,8402.0,Oply,car
27837361,twoway,18879.0,22716.0,135310,474619,null,474619,3366.739308028085,322.0,421.0,0.0,12105611,4.978014100804827,3837.0,Oply,car
27837360,twoway,55438.0,61382.0,135310,474619,null,474619,4580.38656509799,424.0,421.0,0.0,12105612,8.660136515367855,5944.0,Oply,car
27338884,twoway,20616.0,32073.0,392193,172623,null,172623,7070.462958791231,596.0,312.0,0.0,12104672,17.43882165859878,11457.0,Oply,car
27129519,twoway,48922.0,49673.0,271533,271647,null,231202,1102.3187864733611,91.0,660.0,0.0,12104641,4.7997048365,751.0,Oply,car
27230595,twoway,21678.0,34588.0,152242,152242,null,152242,8562.540989142453,740.0,1.0,0.0,12133651,18.553288964175,12910.0,Oply,car
32882895,twoway,29406.0,36349.0,60503,289762,null,289762,17072.605435429698,1441.0,496.0,0.0,12131643,9.454720864575,6943.0,Oply,car
26806990,twoway,45921.0,51954.0,110655,346913,null,346913,1971.3195044077697,167.0,286.0,0.0,12133732,8.619137450282265,6033.0,Oply,car
29020396,twoway,51571.0,58529.0,186265,126200,null,126200,28348.10804280943,2022.0,266.0,0.0,12104713,8.7198359332846,6958.0,Oply,car
34477979,twoway,53341.0,64871.0,456888,60605,null,60605,5928.351425532978,479.0,266.0,0.0,12107631,17.563157617353028,11530.0,Oply,car
31996068,twoway,59950.0,65767.0,280055,320455,null,320455,10148.517523914377,916.0,234.0,0.0,12103611,8.820215014148593,5817.0,Oply,car
27429421,twoway,56052.0,62425.0,280124,280126,null,280126,8663.230786018596,736.0,171.0,0.0,12103643,8.512268792111312,6373.0,Oply,car
27570300,twoway,61991.0,67635.0,267467,66928,null,66928,4909.934479051149,415.0,171.0,0.0,12108612,9.160064249875001,5644.0,Oply,car
27349416,twoway,57735.0,62907.0,165624,1384,null,1384,3869.4031976921065,325.0,157.0,0.0,12102641,8.825880472840824,5172.0,Oply,car
26835484,twoway,67311.0,73358.0,152060,8897,null,8897,12239.089457238468,1053.0,1248.0,0.0,12133631,9.117473481112501,6047.0,Oply,car
27526704,twoway,17343.0,52181.0,255282,255316,null,255316,24715.670130364022,1976.0,165.0,0.0,12132611,42.88736333656962,34838.0,Oply,car
29324652,twoway,42469.0,50749.0,117807,105073,null,105073,7853.258828675895,677.0,719.0,0.0,12096522,13.322628043330498,8280.0,Oply,car
27619635,twoway,59009.0,64846.0,281928,274193,null,274193,6836.053965576079,601.0,89.0,0.0,12133613,9.1738962167125,5837.0,Oply,car
26871562,twoway,67579.0,71319.0,7101,7103,null,7103,1620.962195098064,187.0,122.0,0.0,12120631,4.428957833796687,3740.0,Oply,car
28471169,twoway,68973.0,72584.0,275609,485280,null,485280,4512.647930556523,469.0,334.0,0.0,12131622,4.339481065833868,3611.0,Oply,car
33804623,twoway,47837.0,51997.0,456153,456157,null,456157,2112.7637133113217,228.0,153.0,0.0,12103622,8.757652167025938,4160.0,Oply,car
27878187,twoway,51606.0,57423.0,291599,281413,null,281413,8994.408370037123,753.0,338.0,0.0,12102682,8.921564610479559,5817.0,Oply,car
27724934,twoway,3375.0,34354.0,282009,172623,null,172623,13045.454089862715,1070.0,144.0,0.0,12104671,38.27611567279204,30979.0,Oply,car
29874702,twoway,65722.0,71698.0,466218,59637,null,59637,5927.185732136948,619.0,209.0,0.0,12131632,8.77854237592565,5976.0,Oply,car
27884962,twoway,39217.0,42434.0,413333,131665,null,131665,5259.081934696897,437.0,275.0,0.0,12131612,4.577670507216594,3217.0,Oply,car
28894500,twoway,70041.0,77582.0,280460,474619,null,474619,4465.700149269999,492.0,290.0,0.0,12105611,13.606460221987499,7541.0,Oply,car
32349529,twoway,57439.0,62798.0,153658,153662,null,153662,3146.6441985749047,314.0,193.0,0.0,12103661,8.830725980034487,5359.0,Oply,car
28917399,twoway,56365.0,65949.0,363789,139511,null,139511,3656.715953982522,304.0,471.0,0.0,12104692,13.173554630534998,9584.0,Oply,car
29103673,twoway,80865.0,86398.0,379094,370301,null,370301,2425.174187744526,253.0,519.0,0.0,12132681,8.701309878193419,5533.0,Oply,car
28100296,twoway,70154.0,70601.0,271533,272361,null,110655,3242.6564178225317,283.0,164.0,0.0,12102621,4.598646179225001,447.0,Oply,car
26836584,twoway,61466.0,67935.0,408992,281994,null,281994,5191.699598636127,437.0,268.0,0.0,12095582,9.16331340925,6469.0,Oply,car
27388060,twoway,54992.0,60504.0,65774,281994,null,281994,7291.803581235314,632.0,161.0,0.0,12095582,8.87063070093424,5512.0,Oply,car
27379595,twoway,64582.0,68079.0,97168,484179,null,484179,3001.8269544752156,298.0,118.0,0.0,12121632,4.455077906828596,3497.0,Oply,car
27878178,twoway,38359.0,46403.0,291599,281413,null,281413,8386.46817122372,707.0,338.0,0.0,12102681,13.356345567387057,8044.0,Oply,car
27707022,twoway,45458.0,50773.0,405204,139511,null,139511,3029.572660488357,240.0,232.0,0.0,12104691,9.333793397775,5315.0,Oply,car
27078343,twoway,51465.0,52159.0,390166,145569,null,390166,900.4229067030033,79.0,615.0,0.0,12102611,4.59640350537817,694.0,Oply,car
32742233,twoway,59251.0,64240.0,321827,42301,null,42301,9488.903920605904,813.0,173.0,0.0,12104661,8.811234379217357,4989.0,Oply,car
30578496,twoway,56311.0,63533.0,414280,244185,null,244185,6161.246516330453,499.0,417.0,0.0,12096531,8.674601285321309,7222.0,Oply,car
29279706,twoway,63574.0,68939.0,359317,244185,null,244185,4702.393509263269,373.0,217.0,0.0,12096533,8.596047703268686,5365.0,Oply,car
31066366,twoway,52984.0,59394.0,376896,486024,null,486024,14370.406531098095,1266.0,230.0,0.0,12132661,9.2703294103,6410.0,Oply,car
28161884,twoway,53119.0,57911.0,465470,59637,null,59637,28460.01615978808,1194.0,358.0,0.0,12131631,8.9083906545641,4792.0,Oply,car
28799455,twoway,61739.0,68487.0,36154,280126,null,280126,7137.922127092504,591.0,201.0,0.0,12103641,8.606811913267086,6748.0,Oply,car
34013823,twoway,7605.0,43715.0,267467,66928,null,66928,134466.2957403284,5043.0,171.0,0.0,12108611,44.215320286595244,36110.0,Oply,car
27463342,twoway,62118.0,67569.0,362771,222465,null,222465,7577.129911423788,674.0,698.0,0.0,12102691,8.805769568243592,5451.0,Oply,car
29102238,twoway,60775.0,67952.0,184728,126200,null,126200,1242.0828296979575,128.0,185.0,0.0,12104711,8.812445999389015,7177.0,Oply,car
26724981,twoway,62856.0,69715.0,42467,423936,null,423936,5156.222958019345,407.0,362.0,0.0,12102631,8.597771054954121,6859.0,Oply,car
26769971,twoway,76851.0,80598.0,281926,373984,null,373984,7416.535428474741,652.0,560.0,0.0,12104681,4.7520603167625,3747.0,Oply,car
26769973,twoway,66564.0,75002.0,281926,274193,null,274193,8949.400665128182,803.0,132.0,0.0,12133611,13.100496849254604,8438.0,Oply,car
28850628,twoway,55864.0,59667.0,117807,110,null,110,9413.113425516265,811.0,334.0,0.0,12103631,4.9643818357,3803.0,Oply,car
27210770,twoway,57393.0,66294.0,186275,378375,null,378375,13792.14874439778,1003.0,587.0,0.0,12106612,13.157859435983536,8901.0,Oply,car
29879138,twoway,51166.0,61479.0,362810,131675,null,66928,4120.835608174223,380.0,2696.0,0.0,12108612,13.264399967265,10313.0,Oply,car
27348893,twoway,83767.0,84297.0,363071,66928,null,65774,1821.3238413182894,158.0,372.0,0.0,12108612,4.5247950652625,530.0,Oply,car
33753371,twoway,85289.0,87344.0,271533,255282,null,100067,1103.8799322247203,102.0,1953.0,0.0,12104641,4.513251069250001,2055.0,Oply,car
26956602,twoway,57604.0,63605.0,422296,414631,null,414631,9639.41845781534,712.0,244.0,0.0,12120622,8.826638553452623,6001.0,Oply,car
28021586,twoway,69581.0,75850.0,434340,79825,null,79825,14564.263921389938,1119.0,127.0,0.0,12120662,9.1064667357125,6269.0,Oply,car
28021587,twoway,65754.0,72160.0,434340,79825,null,79825,14919.316985316662,1177.0,127.0,0.0,12120663,9.1298059398,6406.0,Oply,car
28471173,twoway,57202.0,60846.0,275609,456157,null,456157,4170.2298484773355,361.0,1034.0,0.0,12103623,4.448578781137053,3644.0,Oply,car
29597072,twoway,74600.0,75511.0,234405,289762,null,186275,7609.124361189735,623.0,288.0,0.0,12131641,4.400199511919723,911.0,Oply,car
28471172,twoway,75607.0,80212.0,275609,485280,null,485280,3268.997116334616,375.0,334.0,0.0,12131621,9.0739748043875,4605.0,Oply,car
33753369,twoway,55222.0,61352.0,100067,410043,null,410043,4858.752507082204,451.0,310.0,0.0,12096511,8.867402057404012,6130.0,Oply,car
26808914,twoway,52574.0,57398.0,323482,403375,null,403375,6061.443765467826,545.0,143.0,0.0,12132641,9.275438945500001,4824.0,Oply,car
26790781,twoway,83174.0,84233.0,190666,66928,null,94799,7473.231804180306,642.0,417.0,0.0,12108611,4.354425872296231,1059.0,Oply,car
31128650,twoway,80295.0,85474.0,342717,172611,null,408992,2981.0188076432128,261.0,4918.0,0.0,12104711,9.0553701459375,5179.0,Oply,car
