personID,carsharingType,startTime,endTIme,startLink,pickupLink,dropoffLink,endLink,distance,inVehicleTime,accessTime,egressTime,vehicleID,cost,bookingTime,companyID,vehicleType
28168859,twoway,27768.0,38309.0,255623,254295,null,254295,7799.130088976969,663.0,233.0,0.0,12102662,16.50285000000007,10541.0,Oply,car
27469913,twoway,53751.0,59325.0,257108,131665,null,131665,5126.832376486296,427.0,98.0,0.0,12131613,11.44116097174876,5574.0,Oply,car
28686595,twoway,62633.0,66545.0,485278,485280,null,485280,3034.6370500806943,349.0,119.0,0.0,12131621,11.425345530033875,3912.0,Oply,car
27518969,twoway,72028.0,78521.0,87197,87195,null,87195,16888.3340517456,1318.0,171.0,0.0,12133621,11.951099999999979,6493.0,Oply,car
27941778,twoway,60625.0,66412.0,186275,126200,null,126200,1388.4536732175247,124.0,135.0,0.0,12104712,11.952149999999989,5787.0,Oply,car
33624130,twoway,81075.0,85806.0,436770,288069,null,11624,5283.667422690176,410.0,4321.0,0.0,12104661,10.89553499999998,4731.0,Oply,car
28704786,twoway,12201.0,32724.0,280055,320455,null,320455,7318.102341265547,605.0,234.0,0.0,12103611,31.108753878789543,20523.0,Oply,car
28919026,twoway,12714.0,40292.0,440255,126200,null,126200,232197.36991468028,9841.0,127.0,0.0,12104712,44.12372999999986,27578.0,Oply,car
27397893,twoway,32880.0,38540.0,50756,484179,null,484179,9586.530856825635,690.0,259.0,0.0,12121632,10.53895721535728,5660.0,Oply,car
27076531,twoway,71590.0,72301.0,425787,42301,null,288069,4873.242142577192,362.0,349.0,0.0,12104661,5.601094545464279,711.0,Oply,car
31574958,twoway,80547.0,84175.0,61449,229018,null,257127,2193.495431060974,212.0,2006.0,0.0,12095571,5.528459999999997,3628.0,Oply,car
27711422,twoway,62893.0,63593.0,444459,7103,null,37224,3958.319466693262,287.0,413.0,0.0,12120632,5.524841843368253,700.0,Oply,car
27820663,twoway,0.0,26768.0,500682,423936,null,423936,15609.856292930961,1261.0,288.0,0.0,12102631,42.11303352489741,26768.0,Oply,car
27139995,twoway,71156.0,71938.0,378661,286148,null,8869,2227.818794822684,254.0,528.0,0.0,12131682,5.948774999999997,782.0,Oply,car
27878663,twoway,51217.0,56796.0,73280,280126,null,280126,7786.343305102473,642.0,201.0,0.0,12103641,11.092567574323779,5579.0,Oply,car
28124925,twoway,64973.0,69922.0,294765,403375,null,403375,5635.4489741916295,524.0,141.0,0.0,12132642,11.385174435836465,4949.0,Oply,car
31420149,twoway,42612.0,47746.0,153656,153654,null,153654,741.4538069700269,77.0,162.0,0.0,12103671,11.597250000000006,5134.0,Oply,car
26992920,twoway,50908.0,61593.0,294765,403375,null,403375,4325.881222844042,445.0,141.0,0.0,12132641,17.486537863552098,10685.0,Oply,car
26691992,twoway,75157.0,81364.0,13015,36125,null,36125,6421.679941306005,629.0,390.0,0.0,12133722,11.201679337216383,6207.0,Oply,car
28151723,twoway,49486.0,53326.0,257108,131665,null,131665,6122.420958398229,557.0,98.0,0.0,12131612,6.01049292651449,3840.0,Oply,car
28560801,twoway,69305.0,72890.0,363789,139511,null,139511,3235.895413244451,256.0,471.0,0.0,12104692,5.973975000000003,3585.0,Oply,car
28665783,twoway,69950.0,70674.0,444375,7103,null,255282,4735.626996969674,394.0,330.0,0.0,12120631,5.488070365097732,724.0,Oply,car
28168860,twoway,75765.0,81445.0,255623,255488,null,255488,8242.85548024667,725.0,373.0,0.0,12103681,11.116896123332499,5680.0,Oply,car
28161672,twoway,57854.0,64471.0,391664,172623,null,172623,4858.7010373851635,416.0,191.0,0.0,12104674,11.46749423306904,6617.0,Oply,car
27120453,twoway,79266.0,85125.0,362878,282876,null,282876,7376.649669844385,628.0,242.0,0.0,12102671,11.051249999999973,5859.0,Oply,car
29884705,twoway,37147.0,43270.0,272414,153662,null,153662,13088.843298422533,1108.0,203.0,0.0,12103661,11.194365000000017,6123.0,Oply,car
28008802,twoway,58963.0,65545.0,354404,474619,null,474619,14753.697669463872,1210.0,146.0,0.0,12105611,11.437314540319953,6582.0,Oply,car
29312809,twoway,56351.0,82442.0,342369,13762,null,13762,100886.08602529355,4931.0,364.0,0.0,12133683,45.455914529462135,26091.0,Oply,car
32107184,twoway,72189.0,77636.0,175197,1384,null,1384,2999.693581464773,282.0,121.0,0.0,12102642,11.478133173916303,5447.0,Oply,car
26782308,twoway,61653.0,68772.0,8869,8897,null,8897,3105.9477537017597,340.0,181.0,0.0,12133632,11.399506836278777,7119.0,Oply,car
29312807,twoway,11684.0,47699.0,342369,13762,null,13762,100886.08602529355,4931.0,364.0,0.0,12133681,52.191143166501476,36015.0,Oply,car
26944055,twoway,6037.0,33833.0,285022,275690,null,275690,12910.283976946426,1232.0,843.0,0.0,12131651,42.4461104365838,27796.0,Oply,car
34462705,twoway,75157.0,80593.0,125553,105073,null,105073,4757.136902809995,369.0,142.0,0.0,12096523,11.201679337216383,5436.0,Oply,car
34839634,twoway,43545.0,48935.0,184728,126200,null,126200,957.9799598653508,92.0,185.0,0.0,12104711,11.216112670056132,5390.0,Oply,car
27502285,twoway,55637.0,62348.0,220140,274193,null,274193,6763.09489595625,609.0,139.0,0.0,12133612,12.215700000000012,6711.0,Oply,car
27502283,twoway,64674.0,70547.0,220140,274193,null,274193,7856.0094240867475,673.0,139.0,0.0,12133612,11.849354999999981,5873.0,Oply,car
27382060,twoway,47965.0,52315.0,434340,79825,null,79825,8163.783458703198,642.0,127.0,0.0,12120662,11.501852287324322,4350.0,Oply,car
27583167,twoway,68784.0,76090.0,267414,211949,null,211949,2214.1268465046605,256.0,405.0,0.0,12122642,11.45230576024764,7306.0,Oply,car
29838166,twoway,72267.0,78018.0,440255,126200,null,126200,1242.0828296979575,128.0,127.0,0.0,12104711,11.474802404799435,5751.0,Oply,car
34617832,twoway,9794.0,13203.0,169381,172623,null,172623,2206.2496159615503,221.0,690.0,0.0,12104672,5.266652264052271,3409.0,Oply,car
29414923,twoway,73485.0,74317.0,137540,257127,null,229018,2520.3843293912146,220.0,612.0,0.0,12095571,6.018389999999996,832.0,Oply,car
28254074,twoway,69245.0,77187.0,65774,281994,null,281994,7498.247730463858,677.0,161.0,0.0,12095582,17.18737423741892,7942.0,Oply,car
29040308,twoway,82272.0,82975.0,255299,105073,null,151019,2360.4894482545997,188.0,515.0,0.0,12096522,5.252925694491794,703.0,Oply,car
32922029,twoway,49936.0,55659.0,229018,414631,null,414631,6976.013208127115,539.0,91.0,0.0,12120623,12.004650000000034,5723.0,Oply,car
28347468,twoway,40339.0,45893.0,110827,66928,null,66928,5194.037348883757,451.0,253.0,0.0,12108612,11.019395427366,5554.0,Oply,car
32289422,twoway,43142.0,47947.0,354404,474619,null,474619,12115.774086851157,1069.0,146.0,0.0,12105612,10.745809623561652,4805.0,Oply,car
27461086,twoway,65543.0,70503.0,165624,1384,null,1384,3220.439788521568,277.0,157.0,0.0,12102641,11.385174435836465,4960.0,Oply,car
26951903,twoway,70173.0,74769.0,105073,105073,null,105073,7692.574924069827,612.0,1.0,0.0,12096521,11.48974039962665,4596.0,Oply,car
29776267,twoway,22540.0,34293.0,60517,289762,null,289762,19564.78167831663,1647.0,318.0,0.0,12131641,20.926313969698388,11753.0,Oply,car
26814681,twoway,72306.0,80040.0,165624,1384,null,1384,5765.498849645986,507.0,157.0,0.0,12102641,17.522924999999994,7734.0,Oply,car
29732087,twoway,59707.0,65313.0,356662,274193,null,274193,4886.348975668256,419.0,178.0,0.0,12133611,12.109649999999977,5606.0,Oply,car
27073240,twoway,63634.0,73954.0,365912,20711,null,20711,6042.215485897661,652.0,632.0,0.0,12132621,17.819549999999985,10320.0,Oply,car
27609177,twoway,70298.0,75908.0,294765,403375,null,403375,7689.135746067523,676.0,141.0,0.0,12132641,11.488125481266954,5610.0,Oply,car
27611477,twoway,64360.0,73284.0,65774,281994,null,281994,7518.611756450749,681.0,161.0,0.0,12095581,17.129237176469935,8924.0,Oply,car
27619637,twoway,76718.0,80217.0,281928,274193,null,274193,4698.701835183989,462.0,89.0,0.0,12133612,5.8810499999999974,3499.0,Oply,car
32674453,twoway,78520.0,84051.0,500682,423936,null,423936,6288.891720397883,509.0,288.0,0.0,12102632,10.72871012262123,5531.0,Oply,car
26934002,twoway,61384.0,65122.0,280124,280126,null,280126,6434.524507273471,543.0,171.0,0.0,12103643,5.748478406464691,3738.0,Oply,car
26754953,twoway,16621.0,41672.0,299480,262858,null,262858,10964.421076460529,907.0,374.0,0.0,12133701,36.943377058326995,25051.0,Oply,car
26934001,twoway,54369.0,61121.0,280124,280126,null,280126,7689.583379263022,675.0,171.0,0.0,12103642,11.474200831457697,6752.0,Oply,car
29507668,twoway,65821.0,73334.0,384112,105073,null,105073,10228.946898820312,863.0,152.0,0.0,12096523,17.158406639341912,7513.0,Oply,car
28154652,twoway,59184.0,64586.0,257108,131665,null,131665,2472.169724756712,270.0,98.0,0.0,12131611,11.697863003232056,5402.0,Oply,car
28339980,twoway,12703.0,48826.0,60303,486024,null,486024,7531.938263151588,704.0,1098.0,0.0,12132661,52.463746665712,36123.0,Oply,car
27155595,twoway,64768.0,71780.0,172623,172623,null,172623,6551.799355138058,590.0,1.0,0.0,12104673,11.386890286593642,7012.0,Oply,car
27357049,twoway,12864.0,45817.0,405193,301163,null,301163,12106.04742784783,934.0,455.0,0.0,12133641,53.51233849638108,32953.0,Oply,car
27694315,twoway,34430.0,37612.0,275688,275690,null,275690,6677.827397916023,557.0,162.0,0.0,12131652,5.281994224966268,3182.0,Oply,car
28662617,twoway,44519.0,48230.0,476663,66928,null,66928,6096.643005371105,533.0,177.0,0.0,12108611,5.977544999999994,3711.0,Oply,car
27619640,twoway,50570.0,56997.0,281928,274193,null,274193,6658.954696723188,612.0,89.0,0.0,12133611,11.53960100398217,6427.0,Oply,car
34668948,twoway,70020.0,71750.0,157720,484179,null,484179,3877.938641047261,335.0,365.0,0.0,12121631,5.70257952526885,1730.0,Oply,car
29892267,twoway,61530.0,66358.0,151011,320455,null,320455,8923.129325247097,759.0,135.0,0.0,12103613,11.396276999559388,4828.0,Oply,car
27581445,twoway,21607.0,29960.0,97168,484179,null,484179,14222.774906589064,983.0,118.0,0.0,12121631,15.61525121425766,8353.0,Oply,car
27190372,twoway,12918.0,44782.0,13015,36125,null,36125,18102.34614897585,1405.0,390.0,0.0,12133721,47.910590436195484,31864.0,Oply,car
27581443,twoway,28196.0,37188.0,97168,7103,null,7103,13238.583621354408,1101.0,914.0,0.0,12120632,15.501118658073006,8992.0,Oply,car
26914028,twoway,51661.0,59094.0,342369,13762,null,13762,8244.578380556104,639.0,364.0,0.0,12133682,11.559118202232055,7433.0,Oply,car
32837292,twoway,38941.0,45809.0,356662,274193,null,274193,2984.9507523539114,310.0,178.0,0.0,12133612,11.345670000000004,6868.0,Oply,car
27437561,twoway,58534.0,69419.0,241416,301163,null,301163,13256.204355355914,1063.0,196.0,0.0,12133641,17.45757026547506,10885.0,Oply,car
27946745,twoway,10969.0,39182.0,331193,254295,null,254295,7561.322061520205,728.0,567.0,0.0,12102661,42.36475892421438,28213.0,Oply,car
28076797,twoway,29073.0,36513.0,481187,322830,null,322830,4019.5167198306262,378.0,692.0,0.0,12132651,10.726809616907394,7440.0,Oply,car
34898743,twoway,80809.0,83911.0,342717,267467,null,172611,3506.9725859959517,309.0,2793.0,0.0,12104711,5.514179999999997,3102.0,Oply,car
28581372,twoway,64653.0,70303.0,409479,172623,null,172623,2141.949595628667,225.0,135.0,0.0,12104671,11.130093158250228,5650.0,Oply,car
27901678,twoway,11194.0,47218.0,257303,131665,null,131665,7891.55495746449,655.0,234.0,0.0,12131611,52.15169258774451,36024.0,Oply,car
28111597,twoway,56907.0,57803.0,993,30901,null,993,736.0479544591594,110.0,786.0,0.0,12133711,5.886377421081413,896.0,Oply,car
26712590,twoway,18907.0,42871.0,316631,316629,null,316629,8289.267326799833,689.0,75.0,0.0,12122632,37.01998474801494,23964.0,Oply,car
27006342,twoway,55733.0,57745.0,141142,152242,null,152242,11270.325450392827,988.0,471.0,0.0,12133652,5.795538263348677,2012.0,Oply,car
27005815,twoway,39032.0,45069.0,137569,257127,null,257127,13270.583581673587,1060.0,113.0,0.0,12095571,11.352600000000004,6037.0,Oply,car
29888398,twoway,46371.0,53885.0,65774,281994,null,281994,7343.145875749736,632.0,161.0,0.0,12095582,17.204734609785632,7514.0,Oply,car
29420913,twoway,66237.0,72142.0,342369,13762,null,13762,7919.042789430512,562.0,364.0,0.0,12133681,11.38517443583647,5905.0,Oply,car
26808788,twoway,81356.0,85300.0,81621,254295,null,254295,1002.8267765786858,127.0,147.0,0.0,12102661,10.460129012924757,3944.0,Oply,car
29183476,twoway,91571.0,92136.0,270934,271647,null,118082,3192.7107265930163,257.0,308.0,0.0,12104641,5.238450000000003,565.0,Oply,car
32840598,twoway,56649.0,60612.0,87197,87195,null,87195,17281.60712756984,1344.0,171.0,0.0,12133622,12.215700000000021,3963.0,Oply,car
31882953,twoway,43082.0,48913.0,422625,30901,null,30901,7243.061041346581,630.0,123.0,0.0,12133712,11.175436913871357,5831.0,Oply,car
28052230,twoway,74937.0,82354.0,1825,1825,null,1825,10927.541431967273,950.0,1.0,0.0,12107641,12.055050000000026,7417.0,Oply,car
26696720,twoway,66862.0,73222.0,87970,36249,null,36249,16017.17674148115,1063.0,254.0,0.0,12111612,11.1447884988372,6360.0,Oply,car
28338904,twoway,71595.0,75897.0,21199,485280,null,485280,4557.204400395528,476.0,126.0,0.0,12131622,11.488125481266916,4302.0,Oply,car
31882954,twoway,36095.0,41510.0,422625,30901,null,30901,10911.271625617706,852.0,123.0,0.0,12133711,10.729820378993535,5415.0,Oply,car
27579935,twoway,59791.0,65400.0,65774,281994,null,281994,2516.5518008388412,243.0,161.0,0.0,12095583,11.364725475407159,5609.0,Oply,car
26693570,twoway,83835.0,90611.0,286148,8869,null,286148,24118.56046816123,1495.0,1377.0,0.0,12131682,10.291067247144397,6776.0,Oply,car
26880577,twoway,70554.0,74714.0,189969,286148,null,286148,14470.956196738858,1229.0,314.0,0.0,12131681,11.488125481266946,4160.0,Oply,car
29612570,twoway,76320.0,76556.0,342364,13762,null,488928,2290.6063895723346,185.0,51.0,0.0,12133682,0.28977691316743404,236.0,Oply,car
28923301,twoway,65678.0,69046.0,271533,272361,null,272361,1429.0129628461652,178.0,164.0,0.0,12102621,5.639294912048369,3368.0,Oply,car
29150141,twoway,84529.0,86796.0,94475,65774,null,255099,1991.018488566307,210.0,2057.0,0.0,12108611,5.402460000000006,2267.0,Oply,car
28170067,twoway,52404.0,59068.0,172623,172623,null,172623,6260.763372162217,514.0,1.0,0.0,12104673,11.112069070715267,6664.0,Oply,car
27936841,twoway,50445.0,55929.0,476663,66928,null,66928,1676.6913470522288,198.0,177.0,0.0,12108612,11.53960100398217,5484.0,Oply,car
28677063,twoway,60647.0,65945.0,187450,346913,null,346913,3874.990244795422,331.0,193.0,0.0,12133731,11.044056389270288,5298.0,Oply,car
28661153,twoway,85947.0,86539.0,402902,60605,null,106927,3433.064159631069,267.0,325.0,0.0,12107632,5.034485608067646,592.0,Oply,car
34693504,twoway,39491.0,47803.0,423291,20711,null,20711,8252.27258629158,878.0,120.0,0.0,12132621,16.65182693638569,8312.0,Oply,car
28920154,twoway,43854.0,46794.0,7101,7103,null,7103,11272.385283863881,855.0,122.0,0.0,12120633,5.396839173950188,2940.0,Oply,car
28150949,twoway,80118.0,80936.0,415935,243383,null,243379,137.6708309113431,27.0,791.0,0.0,12104631,5.553449999999997,818.0,Oply,car
27051499,twoway,59722.0,65772.0,79823,79825,null,79825,14375.487872662132,1111.0,112.0,0.0,12120662,12.109649999999977,6050.0,Oply,car
28751477,twoway,73016.0,77040.0,65774,281994,null,281994,6658.567116356582,602.0,161.0,0.0,12095583,11.895659999999985,4024.0,Oply,car
27217556,twoway,73238.0,80656.0,70032,414631,null,414631,10986.524209337065,860.0,67.0,0.0,12120623,11.78769283698999,7418.0,Oply,car
26918639,twoway,83541.0,84272.0,316616,337736,null,373443,990.8893841481407,116.0,615.0,0.0,12102701,5.219012408938242,731.0,Oply,car
29550622,twoway,17677.0,24225.0,37224,79825,null,79825,4064.3962754534605,333.0,305.0,0.0,12120662,10.984049999999996,6548.0,Oply,car
26696719,twoway,56638.0,65785.0,87970,36249,null,36249,4278.954334728431,314.0,254.0,0.0,12111611,17.02292473362214,9147.0,Oply,car
28008795,twoway,29216.0,35010.0,354404,474619,null,474619,19179.24032685852,1525.0,146.0,0.0,12105614,10.62515348280594,5794.0,Oply,car
27092681,twoway,77029.0,82943.0,456888,60605,null,60605,7480.036258932351,614.0,266.0,0.0,12107631,10.688937061300722,5914.0,Oply,car
27548451,twoway,77987.0,83316.0,231205,272361,null,272361,1561.8417193412718,171.0,247.0,0.0,12102621,10.804106623539418,5329.0,Oply,car
28825607,twoway,10752.0,42533.0,414280,244185,null,244185,11275.825631132124,870.0,417.0,0.0,12096532,46.7562341840508,31781.0,Oply,car
27981722,twoway,71437.0,77267.0,356662,274193,null,274193,8098.3682229138985,778.0,178.0,0.0,12133611,11.48812548126692,5830.0,Oply,car
31309706,twoway,53073.0,62080.0,60593,211949,null,211949,10260.5394645756,845.0,491.0,0.0,12122641,17.1105050184626,9007.0,Oply,car
28038048,twoway,53552.0,54540.0,255446,251159,null,409844,661.2865896206588,57.0,931.0,0.0,12104701,5.781811457291285,988.0,Oply,car
27056719,twoway,22691.0,29933.0,97168,484179,null,484179,9862.438702765363,823.0,118.0,0.0,12121632,10.721340000000005,7242.0,Oply,car
29700592,twoway,70469.0,74115.0,379132,370301,null,370301,8971.55335155569,719.0,115.0,0.0,12132682,6.029625000000002,3646.0,Oply,car
29130643,twoway,6135.0,36054.0,425793,286148,null,286148,28405.67545408033,1921.0,477.0,0.0,12131681,47.72023193454655,29919.0,Oply,car
27021081,twoway,74052.0,76585.0,280126,280126,null,280126,11706.771503103077,1037.0,1.0,0.0,12103642,5.656423982170896,2533.0,Oply,car
27820616,twoway,8003.0,39961.0,39770,66928,null,66928,10242.631884714345,827.0,632.0,0.0,12108611,47.77342330801897,31958.0,Oply,car
26933106,twoway,10102.0,15125.0,186265,126200,null,126200,1242.0828296979575,128.0,266.0,0.0,12104711,10.85164578275288,5023.0,Oply,car
29553323,twoway,72305.0,77757.0,280124,280126,null,280126,6607.687252148075,568.0,171.0,0.0,12103641,11.209388821551684,5452.0,Oply,car
32265607,twoway,7741.0,40324.0,37224,79825,null,79825,10340.615896112115,890.0,305.0,0.0,12120661,48.036049406264056,32583.0,Oply,car
28794839,twoway,62434.0,68181.0,105073,105073,null,105073,10131.394713591391,776.0,1.0,0.0,12096522,11.159582465871079,5747.0,Oply,car
27468661,twoway,67449.0,74035.0,37224,79825,null,79825,18473.155827609426,1240.0,305.0,0.0,12120662,11.917500000000013,6586.0,Oply,car
27166063,twoway,74203.0,74624.0,280059,320455,null,93351,711.880293596762,85.0,336.0,0.0,12103611,5.653070682976557,421.0,Oply,car
26795573,twoway,73436.0,78991.0,65774,281994,null,281994,7431.706565407212,676.0,161.0,0.0,12095581,11.871404999999992,5555.0,Oply,car
27909088,twoway,52323.0,58863.0,291118,501127,null,501127,6543.808310125927,630.0,338.0,0.0,12133671,11.289177617087649,6540.0,Oply,car
26937102,twoway,73306.0,80410.0,254293,254295,null,254295,3558.46041118363,318.0,165.0,0.0,12102662,11.878334999999991,7104.0,Oply,car
32367789,twoway,70608.0,74796.0,421149,410043,null,410043,2899.0061905803295,266.0,127.0,0.0,12096511,11.951100000000018,4188.0,Oply,car
27178172,twoway,79779.0,86078.0,125553,105073,null,105073,4738.840219680109,370.0,142.0,0.0,12096521,10.582761875863946,6299.0,Oply,car
27030498,twoway,11227.0,44500.0,402707,7103,null,7103,221953.3059555248,9077.0,502.0,0.0,12120631,51.30833998364056,33273.0,Oply,car
27050544,twoway,81079.0,81330.0,131665,131665,null,419114,3110.4759644366577,250.0,1.0,0.0,12131611,0.3524559320030233,251.0,Oply,car
27669894,twoway,52669.0,58665.0,500879,501127,null,501127,4036.6408703252464,433.0,326.0,0.0,12133672,11.586938298400664,5996.0,Oply,car
34974198,twoway,67951.0,74328.0,379132,370301,null,370301,17267.458728237514,1228.0,115.0,0.0,12132681,11.959500000000025,6377.0,Oply,car
27008203,twoway,68162.0,75479.0,282261,245646,null,245646,5533.176017806521,448.0,446.0,0.0,12131661,11.347663100094831,7317.0,Oply,car
27149052,twoway,72317.0,73146.0,185953,119231,null,389729,6429.956795036571,434.0,395.0,0.0,12133661,5.621214340630321,829.0,Oply,car
35031325,twoway,76180.0,76728.0,270940,272361,null,276589,3177.603758405953,252.0,296.0,0.0,12102622,5.698643161767094,548.0,Oply,car
28629970,twoway,13935.0,52899.0,108588,152242,null,152242,233344.92581921397,10168.0,259.0,0.0,12133651,59.360967200804744,38964.0,Oply,car
27493290,twoway,19066.0,25284.0,136810,427832,null,427832,4541.5896877162795,368.0,196.0,0.0,12121651,10.442465843365618,6218.0,Oply,car
27885453,twoway,72460.0,78210.0,460492,13928,null,13928,6667.316584206356,574.0,165.0,0.0,12121611,11.926844999999979,5750.0,Oply,car
26710753,twoway,13532.0,44610.0,341904,486024,null,486024,24193.496915184794,1788.0,1014.0,0.0,12132662,47.92673961979243,31078.0,Oply,car
34836079,twoway,10112.0,42317.0,210921,244185,null,244185,23251.84489717548,1436.0,370.0,0.0,12096531,45.978707148927356,32205.0,Oply,car
27472250,twoway,55636.0,60910.0,272414,153662,null,153662,1552.2498014414023,173.0,203.0,0.0,12103661,12.215700000000012,5274.0,Oply,car
28856788,twoway,60322.0,65008.0,487060,469756,null,469756,15085.94426873012,1230.0,403.0,0.0,12132672,11.539601003982128,4686.0,Oply,car
28068296,twoway,44279.0,49950.0,229018,414631,null,414631,6767.3343022891895,500.0,91.0,0.0,12120621,11.039159574215502,5671.0,Oply,car
27288123,twoway,66530.0,73001.0,389093,87195,null,87195,16344.996218471017,995.0,149.0,0.0,12133622,11.385174435836474,6471.0,Oply,car
28176764,twoway,75105.0,76938.0,98440,316629,null,316629,6503.859234504115,535.0,158.0,0.0,12122631,5.759505397448031,1833.0,Oply,car
26725247,twoway,88806.0,89293.0,180209,423936,null,256822,2535.4579881974755,212.0,275.0,0.0,12102631,5.035517310318104,487.0,Oply,car
28149915,twoway,62083.0,69781.0,19642,36125,null,36125,2583.3095712599275,337.0,223.0,0.0,12133721,17.156690788584754,7698.0,Oply,car
27578650,twoway,62481.0,68505.0,20711,20711,null,20711,18907.185499021485,1171.0,1.0,0.0,12132622,11.422115693314488,6024.0,Oply,car
26914128,twoway,58215.0,64197.0,172993,456157,null,456157,1029.5892808435856,116.0,107.0,0.0,12103624,11.271088735320491,5982.0,Oply,car
26769145,twoway,58766.0,61241.0,340768,7103,null,7103,12841.214889745634,1065.0,877.0,0.0,12120634,5.716558046699512,2475.0,Oply,car
27571220,twoway,44379.0,50065.0,65774,281994,null,281994,8172.772702574597,736.0,161.0,0.0,12095581,11.052375518099078,5686.0,Oply,car
26793058,twoway,55231.0,60548.0,8869,8897,null,8897,2645.1050170786334,293.0,181.0,0.0,12133631,11.742475122918597,5317.0,Oply,car
26917075,twoway,70883.0,76782.0,255623,254295,null,254295,4304.205628417255,404.0,233.0,0.0,12102661,11.95110000000001,5899.0,Oply,car
26995486,twoway,62377.0,68013.0,456159,456157,null,456157,9983.740145453852,834.0,145.0,0.0,12103621,11.158004442720802,5636.0,Oply,car
29374788,twoway,66138.0,70114.0,175197,1384,null,1384,782.1099817951717,97.0,121.0,0.0,12102642,11.84399999999998,3976.0,Oply,car
27714563,twoway,71964.0,78545.0,125553,105073,null,105073,4066.4518398930973,316.0,142.0,0.0,12096522,11.95109999999998,6581.0,Oply,car
29549838,twoway,9185.0,37272.0,131721,410043,null,410043,4603.169701449471,376.0,630.0,0.0,12096511,44.21024999999976,28087.0,Oply,car
28021892,twoway,64366.0,71877.0,229018,414631,null,414631,9191.041991281409,728.0,91.0,0.0,12120621,16.73789430210319,7511.0,Oply,car
27564566,twoway,9809.0,38510.0,137569,257127,null,257127,6524.999360539933,556.0,113.0,0.0,12095571,44.15774999999981,28701.0,Oply,car
27695237,twoway,72182.0,78457.0,409816,409844,null,251159,3129.1029159069044,302.0,249.0,0.0,12104701,11.478133173916303,6275.0,Oply,car
29313639,twoway,10700.0,45780.0,291599,281413,null,281413,18002.909257558484,1324.0,338.0,0.0,12102681,53.33752358394425,35080.0,Oply,car
30961056,twoway,23778.0,41055.0,166319,474619,null,474619,98233.04289074724,4282.0,316.0,0.0,12105613,25.69001963362933,17277.0,Oply,car
27636011,twoway,56084.0,62010.0,384112,105073,null,105073,10319.534262829786,871.0,152.0,0.0,12096521,11.474200831457722,5926.0,Oply,car
27859526,twoway,85079.0,85478.0,127904,369565,null,1484,1700.4301813904938,169.0,230.0,0.0,12096541,5.177932923163546,399.0,Oply,car
28709493,twoway,83728.0,85117.0,36588,280126,null,421149,2827.3241745661003,235.0,1154.0,0.0,12103643,5.012175639723309,1389.0,Oply,car
29053336,twoway,70074.0,75128.0,27478,380534,null,380534,4454.388679551904,333.0,458.0,0.0,12120652,11.230396254739809,5054.0,Oply,car
33490036,twoway,49655.0,54296.0,456159,456157,null,456157,5596.276766855875,477.0,145.0,0.0,12103623,11.275961673204087,4641.0,Oply,car
27669776,twoway,68355.0,73220.0,267467,254295,null,254295,8186.179233421954,714.0,977.0,0.0,12102662,11.53152641218371,4865.0,Oply,car
35207267,twoway,59836.0,60344.0,419993,251159,null,85834,1817.0297491687231,139.0,369.0,0.0,12104702,5.91161052045162,508.0,Oply,car
27452087,twoway,73640.0,81015.0,21203,485280,null,485280,12145.183892731236,1011.0,300.0,0.0,12131621,12.143249999999997,7375.0,Oply,car
26841100,twoway,45287.0,52290.0,440138,486024,null,486024,9724.260322060305,846.0,244.0,0.0,12132663,11.3920378388652,7003.0,Oply,car
28960673,twoway,53370.0,58707.0,440255,126200,null,126200,957.9799598653508,92.0,127.0,0.0,12104712,11.66808794597523,5337.0,Oply,car
28721633,twoway,71322.0,78731.0,257108,131665,null,131665,7265.0730405590775,609.0,98.0,0.0,12131613,11.867631295794803,7409.0,Oply,car
29281011,twoway,65727.0,71158.0,476663,66928,null,66928,6833.099415323384,573.0,177.0,0.0,12108611,11.843999999999975,5431.0,Oply,car
29017550,twoway,21886.0,27985.0,487247,469756,null,469756,7943.7092527336845,759.0,234.0,0.0,12132671,10.283396384935836,6099.0,Oply,car
26880919,twoway,53147.0,61435.0,389093,87195,null,87195,12208.789937420013,878.0,149.0,0.0,12133621,17.512275624909705,8288.0,Oply,car
26790584,twoway,60493.0,61881.0,255282,255316,null,255316,3105.408535173519,329.0,165.0,0.0,12132612,5.722306448694994,1388.0,Oply,car
26790583,twoway,72738.0,78385.0,255282,255316,null,255316,5231.900932349348,525.0,165.0,0.0,12132611,11.448156251864505,5647.0,Oply,car
26981940,twoway,47953.0,51107.0,484179,484179,null,484179,10752.570536778449,897.0,1.0,0.0,12121631,5.757789546690851,3154.0,Oply,car
27837361,twoway,19657.0,23494.0,135310,474619,null,474619,3366.739308028085,322.0,421.0,0.0,12105612,5.515190910221035,3837.0,Oply,car
27445225,twoway,15701.0,31832.0,498129,454386,null,454386,48596.61882929025,2291.0,382.0,0.0,12122611,25.77168233165611,16131.0,Oply,car
29058491,twoway,58262.0,63080.0,440255,126200,null,126200,26682.875668806348,1975.0,127.0,0.0,12104711,12.196065000000006,4818.0,Oply,car
27937195,twoway,58426.0,61980.0,450264,409369,null,409369,4014.2754271556323,326.0,439.0,0.0,12121641,5.811070250898119,3554.0,Oply,car
27181130,twoway,64048.0,64935.0,350145,275690,null,275690,6211.483253953812,510.0,223.0,0.0,12131651,5.658270202774764,887.0,Oply,car
34356365,twoway,63263.0,67173.0,476663,222465,null,222465,6058.438415322473,476.0,848.0,0.0,12102692,11.890410000000017,3910.0,Oply,car
27570300,twoway,61276.0,65148.0,267467,66928,null,66928,4909.934479051149,415.0,171.0,0.0,12108611,6.422114999999997,3872.0,Oply,car
27410516,twoway,62919.0,63876.0,36012,8897,null,257303,6009.483680677093,522.0,435.0,0.0,12133631,5.979120000000003,957.0,Oply,car
27526704,twoway,16117.0,46772.0,255282,255316,null,255316,24706.27932707617,1976.0,165.0,0.0,12132611,46.899637037832306,30655.0,Oply,car
32950700,twoway,46917.0,53959.0,60517,289762,null,289762,15881.022470232954,1293.0,318.0,0.0,12131642,11.440081660066037,7042.0,Oply,car
26871562,twoway,71327.0,74324.0,7101,7103,null,7103,1620.962195098064,187.0,122.0,0.0,12120633,5.5017505192828,2997.0,Oply,car
33804623,twoway,48251.0,50442.0,456153,456157,null,456157,2112.7637133113217,228.0,153.0,0.0,12103622,5.643010785393532,2191.0,Oply,car
29874703,twoway,51876.0,56950.0,466218,59637,null,59637,10724.41363876615,821.0,209.0,0.0,12131631,11.275961673204074,5074.0,Oply,car
31502089,twoway,17230.0,52731.0,257254,445439,null,445439,104839.83329106227,5745.0,1123.0,0.0,12133691,52.649756144550956,35501.0,Oply,car
27724934,twoway,7695.0,42168.0,282009,172623,null,172623,13041.234188323504,1070.0,144.0,0.0,12104671,51.19152505003171,34473.0,Oply,car
28769279,twoway,78923.0,79482.0,127362,16208,null,117806,2157.5375768847543,214.0,345.0,0.0,12107622,5.642174999999998,559.0,Oply,car
29874702,twoway,68096.0,71738.0,466218,59637,null,59637,5927.185732136948,619.0,209.0,0.0,12131632,5.73335261074695,3642.0,Oply,car
29610543,twoway,43757.0,49510.0,382149,373984,null,373984,7852.577663244324,646.0,721.0,0.0,12104681,11.24316255258099,5753.0,Oply,car
27059728,twoway,54571.0,59993.0,37224,79825,null,79825,5236.3864008906885,425.0,305.0,0.0,12120661,11.742475122918588,5422.0,Oply,car
26812631,twoway,46457.0,54480.0,244181,244185,null,244185,8413.330876773278,712.0,160.0,0.0,12096532,17.905230000000028,8023.0,Oply,car
27379595,twoway,63737.0,69609.0,97168,484179,null,484179,3001.8269544752156,298.0,118.0,0.0,12121632,11.416059749465624,5872.0,Oply,car
27078343,twoway,55454.0,56148.0,390166,145569,null,390166,900.4229067030033,79.0,615.0,0.0,12102611,6.029099999999995,694.0,Oply,car
27207355,twoway,60794.0,67733.0,43312,380534,null,380534,9031.292527573663,787.0,205.0,0.0,12120651,11.197060515690152,6939.0,Oply,car
27169370,twoway,45904.0,51586.0,229018,414631,null,414631,10075.38505046245,812.0,91.0,0.0,12120622,11.410912197194097,5682.0,Oply,car
27880711,twoway,81838.0,87063.0,460492,13928,null,13928,13599.793314217664,1120.0,165.0,0.0,12121611,10.853954999999987,5225.0,Oply,car
28563090,twoway,53050.0,58649.0,460492,13928,null,13928,10017.008115949788,807.0,165.0,0.0,12121611,12.103140000000009,5599.0,Oply,car
26809327,twoway,63827.0,69875.0,370300,370301,null,370301,7513.135494941704,572.0,90.0,0.0,12132682,11.414343898708449,6048.0,Oply,car
32083237,twoway,43750.0,49196.0,125457,244185,null,244185,9462.646021182412,745.0,238.0,0.0,12096533,10.807612873319759,5446.0,Oply,car
27010232,twoway,69928.0,76703.0,125496,244185,null,244185,26276.038888467476,1722.0,201.0,0.0,12096531,11.050847955177813,6775.0,Oply,car
27010231,twoway,63038.0,69566.0,125496,244185,null,244185,26438.049260978896,1734.0,201.0,0.0,12096533,10.993604756814724,6528.0,Oply,car
29189504,twoway,68149.0,76464.0,281415,281413,null,281413,6755.4520784360675,575.0,128.0,0.0,12102681,17.26398192710691,8315.0,Oply,car
28600680,twoway,44504.0,51548.0,125457,244185,null,244185,6669.932926209678,564.0,238.0,0.0,12096534,11.065591461982656,7044.0,Oply,car
33250299,twoway,56118.0,62296.0,66928,66928,null,66928,24260.932753719637,1720.0,1.0,0.0,12108612,12.21570000000002,6178.0,Oply,car
31066366,twoway,53086.0,59648.0,376896,486024,null,486024,14805.745370746296,1267.0,230.0,0.0,12132661,11.634275592819161,6562.0,Oply,car
28014482,twoway,55939.0,62033.0,151009,320455,null,320455,10291.361663906457,929.0,143.0,0.0,12103612,11.47420083145772,6094.0,Oply,car
26841256,twoway,3529.0,7412.0,333278,316629,null,316629,6073.385521151941,503.0,368.0,0.0,12122631,5.524332911317715,3883.0,Oply,car
28720334,twoway,54559.0,59545.0,476665,66928,null,66928,5810.251932263372,489.0,127.0,0.0,12108611,12.215699999999995,4986.0,Oply,car
28600679,twoway,44743.0,50514.0,125457,244185,null,244185,6854.802365960097,609.0,238.0,0.0,12096531,11.351362082680433,5771.0,Oply,car
26736267,twoway,51290.0,57651.0,376898,486024,null,486024,7519.670610171714,759.0,481.0,0.0,12132662,11.539601003982165,6361.0,Oply,car
26902340,twoway,62821.0,81288.0,216425,409369,null,409369,18124.952338811305,1239.0,462.0,0.0,12121642,33.05682345780764,18467.0,Oply,car
26738201,twoway,44533.0,56371.0,79496,445439,null,445439,16660.135989701317,1103.0,201.0,0.0,12133692,22.870675674768986,11838.0,Oply,car
29189507,twoway,57242.0,62582.0,281415,281413,null,281413,3578.2249664596443,332.0,128.0,0.0,12102682,11.742475122918613,5340.0,Oply,car
27395057,twoway,65608.0,71901.0,136810,427832,null,427832,11611.355666104104,1017.0,196.0,0.0,12121652,11.385174435836465,6293.0,Oply,car
33178899,twoway,12797.0,49085.0,359302,456157,null,456157,14164.119098067225,1108.0,379.0,0.0,12103621,51.89872110574118,36288.0,Oply,car
28588940,twoway,53112.0,62159.0,370300,370301,null,370301,2801.9293534489802,265.0,90.0,0.0,12132681,17.512275624909705,9047.0,Oply,car
28932186,twoway,72043.0,72625.0,299824,280126,null,7101,2912.497890505319,263.0,319.0,0.0,12103644,5.5215430827846115,582.0,Oply,car
28304073,twoway,31852.0,38657.0,421149,454386,null,454386,4216.99368316687,374.0,596.0,0.0,12122612,10.317312609410255,6805.0,Oply,car
27916966,twoway,62815.0,69047.0,267467,66928,null,66928,6707.672492689133,612.0,171.0,0.0,12108612,11.89083000000002,6232.0,Oply,car
26921647,twoway,80268.0,80733.0,342717,126200,null,267467,2906.804402627746,248.0,217.0,0.0,12104711,5.546309999999997,465.0,Oply,car
26531740,twoway,62443.0,68681.0,243379,243383,null,243383,12532.698982536389,1053.0,168.0,0.0,12104631,11.420500774954794,6238.0,Oply,car
32847487,twoway,30864.0,36630.0,189968,286148,null,286148,3336.4927173351316,314.0,254.0,0.0,12131682,11.039490000000013,5766.0,Oply,car
28517561,twoway,56552.0,62006.0,460492,36125,null,36125,8085.358842207145,707.0,1065.0,0.0,12133722,11.742475122918613,5454.0,Oply,car
27348893,twoway,83968.0,84498.0,363071,66928,null,65774,1821.3238413182894,158.0,372.0,0.0,12108611,5.417580000000006,530.0,Oply,car
33753371,twoway,89548.0,92605.0,271533,276589,null,100067,4631.901413194328,368.0,2689.0,0.0,12102622,5.035517310318104,3057.0,Oply,car
28021585,twoway,74600.0,78522.0,434340,79825,null,79825,14375.487872662132,1111.0,127.0,0.0,12120662,11.732490000000018,3922.0,Oply,car
28869916,twoway,15444.0,43979.0,356662,274193,null,274193,16355.471078260649,1080.0,178.0,0.0,12133611,42.432080833334055,28535.0,Oply,car
27889513,twoway,49342.0,54561.0,241416,301163,null,301163,1559.7930667562878,154.0,196.0,0.0,12133642,11.53960100398218,5219.0,Oply,car
29597072,twoway,75636.0,76547.0,234405,289762,null,186275,7609.124361189735,623.0,288.0,0.0,12131641,5.744062740633464,911.0,Oply,car
28625941,twoway,61490.0,67545.0,391664,172623,null,172623,7070.267706243924,582.0,191.0,0.0,12104672,11.134334095466624,6055.0,Oply,car
33224363,twoway,72024.0,82043.0,90114,16208,null,16208,13504.375594412,1124.0,616.0,0.0,12107621,16.877915506742703,10019.0,Oply,car
26790781,twoway,89049.0,91192.0,190666,255099,null,94799,8879.843548328945,740.0,1403.0,0.0,12108611,5.238449999999998,2143.0,Oply,car
27524777,twoway,0.0,36800.0,135310,474619,null,474619,101287.96315725255,4280.0,421.0,0.0,12105611,55.7306196131139,36800.0,Oply,car
