personID,carsharingType,startTime,endTIme,startLink,pickupLink,dropoffLink,endLink,distance,inVehicleTime,accessTime,egressTime,vehicleID,cost,bookingTime,companyID,vehicleType
29374161,twoway,36510.0,38684.0,356662,373984,null,373984,6839.869506671422,556.0,779.0,0.0,12104681,5.066400000000005,2174.0,Oply,car
34864816,twoway,40381.0,46138.0,332454,255316,null,255316,5722.263441876909,536.0,252.0,0.0,12132611,11.169100000000034,5757.0,Oply,car
28686595,twoway,57533.0,63478.0,485278,485280,null,485280,3034.6370500806943,349.0,119.0,0.0,12131621,12.575999999999985,5945.0,Oply,car
27518969,twoway,68844.0,74669.0,87197,87195,null,87195,16888.3340517456,1318.0,171.0,0.0,12133622,12.156199999999997,5825.0,Oply,car
27714263,twoway,54650.0,60088.0,286607,337736,null,337736,2466.509065699978,255.0,139.0,0.0,12102702,12.575999999999965,5438.0,Oply,car
27941778,twoway,63768.0,67097.0,186275,378375,null,378375,2451.1349390905066,194.0,587.0,0.0,12106611,5.919000000000004,3329.0,Oply,car
33624130,twoway,79952.0,80541.0,436770,42301,null,11624,526.2058393622426,61.0,528.0,0.0,12104662,5.260800000000005,589.0,Oply,car
28704786,twoway,18384.0,40068.0,280055,320455,null,320455,7318.102341265547,605.0,234.0,0.0,12103612,30.52999999999989,21684.0,Oply,car
28919026,twoway,8594.0,48186.0,440255,126200,null,126200,232197.36991468028,9841.0,127.0,0.0,12104712,57.872000000000064,39592.0,Oply,car
26863191,twoway,14305.0,38917.0,993,30901,null,30901,13550.607413796046,1033.0,786.0,0.0,12133711,35.8999999999999,24612.0,Oply,car
27397893,twoway,31167.0,36771.0,50756,484179,null,484179,9350.552036012974,693.0,259.0,0.0,12121631,10.322699999999992,5604.0,Oply,car
27076531,twoway,71617.0,72328.0,425787,42301,null,288069,4873.242142577192,362.0,349.0,0.0,12104661,6.015899999999996,711.0,Oply,car
31574958,twoway,82699.0,89492.0,61449,257127,null,257127,3035.3976888033276,306.0,156.0,0.0,12095571,9.892400000000018,6793.0,Oply,car
27820663,twoway,1027.0,32090.0,500682,423936,null,423936,15609.856292930961,1261.0,288.0,0.0,12102631,46.07089999999993,31063.0,Oply,car
27139995,twoway,63038.0,70237.0,8869,8897,null,8897,2669.5944218821783,279.0,181.0,0.0,12133631,11.979000000000019,7199.0,Oply,car
26473092,twoway,74251.0,82307.0,488014,427832,null,427832,3996.5225909711926,357.0,1138.0,0.0,12121652,16.87899999999995,8056.0,Oply,car
33635719,twoway,44937.0,54363.0,382149,274193,null,274193,8790.66014941951,784.0,91.0,0.0,12133612,17.892399999999967,9426.0,Oply,car
28124925,twoway,64078.0,71346.0,294765,403375,null,403375,5587.588982097379,525.0,141.0,0.0,12132641,12.120900000000013,7268.0,Oply,car
27387288,twoway,53669.0,60384.0,368156,8897,null,8897,6295.893392772544,597.0,149.0,0.0,12133632,12.496199999999966,6715.0,Oply,car
28665783,twoway,72055.0,72779.0,444375,7103,null,255282,4735.626996969674,394.0,330.0,0.0,12120634,6.038999999999994,724.0,Oply,car
27884882,twoway,54903.0,61414.0,257108,131665,null,131665,3586.148565676877,333.0,98.0,0.0,12131612,12.575999999999967,6511.0,Oply,car
28058533,twoway,70622.0,71211.0,255482,255488,null,73280,5370.553247050126,459.0,130.0,0.0,12103682,5.963100000000003,589.0,Oply,car
28168860,twoway,75719.0,81730.0,255623,254295,null,254295,7151.98105100855,609.0,233.0,0.0,12102662,11.362399999999978,6011.0,Oply,car
28161672,twoway,59371.0,64537.0,391664,172623,null,172623,4797.0165358055,418.0,191.0,0.0,12104674,12.480299999999984,5166.0,Oply,car
26527238,twoway,57700.0,62199.0,375437,337736,null,337736,3783.6223699866664,367.0,359.0,0.0,12102701,12.572699999999983,4499.0,Oply,car
28008802,twoway,64010.0,70296.0,354404,474619,null,474619,14753.697669463872,1210.0,146.0,0.0,12105613,11.926200000000014,6286.0,Oply,car
32107184,twoway,69680.0,76131.0,175197,1384,null,1384,2808.312650382582,281.0,121.0,0.0,12102641,12.10859999999999,6451.0,Oply,car
32870411,twoway,35379.0,41846.0,60517,289762,null,289762,15881.022470232954,1293.0,318.0,0.0,12131641,10.47100000000003,6467.0,Oply,car
34839634,twoway,44365.0,49594.0,184728,378375,null,378375,2020.6612257383329,162.0,756.0,0.0,12106612,11.733699999999976,5229.0,Oply,car
34305629,twoway,76744.0,81792.0,493753,16208,null,16208,3107.870960506066,279.0,852.0,0.0,12107621,11.063599999999973,5048.0,Oply,car
33262080,twoway,48956.0,50353.0,257108,131665,null,131665,9021.933194604602,747.0,98.0,0.0,12131611,6.121499999999997,1397.0,Oply,car
27382060,twoway,49125.0,56519.0,434340,79825,null,79825,8163.783458703198,642.0,127.0,0.0,12120662,12.483899999999986,7394.0,Oply,car
26699107,twoway,73278.0,77697.0,321827,42301,null,42301,8768.689985073597,760.0,173.0,0.0,12104662,11.937299999999992,4419.0,Oply,car
27810840,twoway,84353.0,89251.0,316616,11624,null,124850,9177.49462021641,745.0,4153.0,0.0,12104712,9.628999999999984,4898.0,Oply,car
29838166,twoway,74932.0,79550.0,440255,126200,null,126200,1242.0828296979575,128.0,127.0,0.0,12104712,11.578199999999988,4618.0,Oply,car
29658515,twoway,44049.0,48999.0,254293,254295,null,254295,7145.586870435415,609.0,165.0,0.0,12102662,11.667199999999978,4950.0,Oply,car
28663372,twoway,68737.0,71621.0,125457,244185,null,244185,6517.76633995267,545.0,238.0,0.0,12096531,6.107500000000007,2884.0,Oply,car
28254074,twoway,70595.0,76702.0,65774,172623,null,172623,8956.283704114774,779.0,739.0,0.0,12104671,12.077999999999985,6107.0,Oply,car
27219414,twoway,82597.0,83104.0,316616,126200,null,11624,4263.372276424194,375.0,132.0,0.0,12104712,5.053600000000003,507.0,Oply,car
28347468,twoway,34962.0,39903.0,110827,66928,null,66928,5194.037348883757,451.0,253.0,0.0,12108612,10.401000000000026,4941.0,Oply,car
32289422,twoway,45499.0,52168.0,354404,474619,null,474619,11918.775981401028,1078.0,146.0,0.0,12105614,11.906399999999975,6669.0,Oply,car
27899804,twoway,70925.0,77067.0,281928,42301,null,42301,7923.666502618179,666.0,869.0,0.0,12104663,12.077999999999985,6142.0,Oply,car
26790176,twoway,6202.0,41660.0,428820,105073,null,105073,14541.821620539851,1133.0,537.0,0.0,12096521,51.81710000000005,35458.0,Oply,car
27461086,twoway,66092.0,73092.0,165624,1384,null,1384,3220.439788521568,277.0,157.0,0.0,12102642,11.879999999999999,7000.0,Oply,car
26951903,twoway,71937.0,77557.0,105073,105073,null,105073,7692.574924069827,612.0,1.0,0.0,12096522,12.077999999999989,5620.0,Oply,car
29776267,twoway,24241.0,35048.0,60517,289762,null,289762,19382.68956478297,1642.0,318.0,0.0,12131641,15.11479999999998,10807.0,Oply,car
26814681,twoway,73176.0,78948.0,165624,1384,null,1384,5765.498849645986,507.0,157.0,0.0,12102642,11.950699999999992,5772.0,Oply,car
27609177,twoway,69831.0,74900.0,294765,403375,null,403375,7689.135746067523,676.0,141.0,0.0,12132642,12.101799999999988,5069.0,Oply,car
27770973,twoway,47365.0,51148.0,460492,13928,null,13928,4143.479191603002,336.0,165.0,0.0,12121611,6.306299999999991,3783.0,Oply,car
27611477,twoway,65825.0,70683.0,65774,281994,null,281994,7518.611756450749,681.0,161.0,0.0,12095582,11.879999999999995,4858.0,Oply,car
27619637,twoway,74264.0,79859.0,281928,274193,null,274193,4787.813571900478,460.0,89.0,0.0,12133612,11.76079999999999,5595.0,Oply,car
29838398,twoway,61445.0,65001.0,228879,337736,null,337736,8507.931464646917,814.0,681.0,0.0,12102702,6.124799999999996,3556.0,Oply,car
26934003,twoway,68416.0,73222.0,280124,280126,null,280126,2025.9833556048663,191.0,171.0,0.0,12103643,12.18,4806.0,Oply,car
26973124,twoway,21087.0,27350.0,288069,109148,null,109148,6599.287372225392,578.0,310.0,0.0,12121621,9.73829999999999,6263.0,Oply,car
26884554,twoway,27955.0,35143.0,445439,445439,null,445439,8330.34044360642,710.0,1.0,0.0,12133693,10.331999999999995,7188.0,Oply,car
27725729,twoway,49117.0,59108.0,487423,469756,null,469756,13622.547916684203,1133.0,321.0,0.0,12132672,18.39499999999998,9991.0,Oply,car
28154652,twoway,58563.0,66680.0,257108,131665,null,131665,2472.169724756712,270.0,98.0,0.0,12131613,18.369399999999974,8117.0,Oply,car
26628524,twoway,3327.0,36267.0,13015,36125,null,36125,19543.479080653786,1721.0,390.0,0.0,12133721,51.300000000000026,32940.0,Oply,car
27179425,twoway,30934.0,37077.0,197453,423936,null,423936,5067.879640265327,438.0,222.0,0.0,12102632,10.34949999999999,6143.0,Oply,car
34731144,twoway,32390.0,37521.0,501129,501127,null,501127,27896.45872218437,1916.0,297.0,0.0,12133671,10.18870000000001,5131.0,Oply,car
28662617,twoway,45509.0,51788.0,476663,66928,null,66928,6096.643005371105,533.0,177.0,0.0,12108612,11.906399999999975,6279.0,Oply,car
34668948,twoway,68764.0,74078.0,157720,484179,null,484179,3877.938641047261,335.0,365.0,0.0,12121632,12.159599999999998,5314.0,Oply,car
29892267,twoway,57520.0,62678.0,151011,320455,null,320455,8727.168925750948,748.0,135.0,0.0,12103611,12.575999999999985,5158.0,Oply,car
27581445,twoway,26175.0,27405.0,97168,484179,null,484179,14222.774906589064,983.0,118.0,0.0,12121632,4.946200000000003,1230.0,Oply,car
27581444,twoway,27972.0,36910.0,97168,484179,null,484179,16040.110149398959,1180.0,118.0,0.0,12121632,15.422999999999961,8938.0,Oply,car
27678044,twoway,77181.0,80958.0,257116,131665,null,131665,5815.992411779439,482.0,193.0,0.0,12131612,6.055899999999998,3777.0,Oply,car
27437561,twoway,55304.0,65508.0,241416,301163,null,301163,13189.09270943143,1063.0,196.0,0.0,12133641,18.64469999999996,10204.0,Oply,car
27946745,twoway,4518.0,34103.0,331193,254295,null,254295,7574.228557701047,732.0,567.0,0.0,12102661,46.360500000000044,29585.0,Oply,car
35171953,twoway,8724.0,43900.0,337570,378375,null,378375,5607.83546147318,438.0,1093.0,0.0,12106611,52.18350000000003,35176.0,Oply,car
28971239,twoway,70217.0,76258.0,356662,373984,null,373984,7416.535428474741,647.0,779.0,0.0,12104681,12.077999999999985,6041.0,Oply,car
27072893,twoway,68443.0,85751.0,403976,222465,null,222465,3941.3641557811734,317.0,240.0,0.0,12102692,28.598999999999997,17308.0,Oply,car
28342276,twoway,3507.0,39167.0,308788,36125,null,36125,14607.672185128204,1220.0,773.0,0.0,12133722,51.30000000000001,35660.0,Oply,car
27415808,twoway,17690.0,30141.0,419028,8897,null,8897,9263.594627206854,823.0,557.0,0.0,12133632,20.258999999999993,12451.0,Oply,car
31113577,twoway,61668.0,72087.0,157720,484179,null,484179,7286.982301319029,671.0,365.0,0.0,12121631,17.99490000000002,10419.0,Oply,car
28111597,twoway,46472.0,57828.0,993,186275,null,30901,6575.944041491747,540.0,5627.0,0.0,12133711,24.455399999999976,11356.0,Oply,car
29688821,twoway,33630.0,39112.0,189968,286148,null,286148,7287.0556318614035,578.0,254.0,0.0,12131682,10.248000000000015,5482.0,Oply,car
27177719,twoway,40027.0,40574.0,332546,139511,null,65774,1606.6081748746028,122.0,425.0,0.0,12104691,5.5409999999999995,547.0,Oply,car
27745497,twoway,69305.0,74556.0,255923,243383,null,243383,3972.878208097874,337.0,206.0,0.0,12104631,12.128999999999992,5251.0,Oply,car
26808788,twoway,83853.0,87420.0,81621,254295,null,254295,1002.8267765786858,127.0,147.0,0.0,12102661,4.9822000000000015,3567.0,Oply,car
29183476,twoway,84770.0,85335.0,270934,271647,null,118082,3192.7107265930163,257.0,308.0,0.0,12104641,4.931400000000001,565.0,Oply,car
29317060,twoway,48440.0,56513.0,186275,126200,null,126200,957.9799598653508,92.0,135.0,0.0,12104712,18.295199999999966,8073.0,Oply,car
31882953,twoway,45073.0,50736.0,422625,30901,null,30901,7243.061041346581,630.0,123.0,0.0,12133712,11.883299999999974,5663.0,Oply,car
28052230,twoway,71425.0,77191.0,1825,1825,null,1825,10903.231211715703,954.0,1.0,0.0,12107641,12.077999999999985,5766.0,Oply,car
34688641,twoway,62453.0,69081.0,129560,410043,null,410043,3252.797299953024,256.0,253.0,0.0,12096511,11.945000000000014,6628.0,Oply,car
26696720,twoway,70429.0,73732.0,87970,36249,null,36249,16017.17674148115,1063.0,254.0,0.0,12111613,5.949900000000006,3303.0,Oply,car
28338904,twoway,71564.0,77259.0,21199,485280,null,485280,4557.204400395528,476.0,126.0,0.0,12131622,12.077999999999985,5695.0,Oply,car
34837247,twoway,17661.0,31662.0,132628,320455,null,320455,7166.854356975282,601.0,592.0,0.0,12103611,20.258999999999993,14001.0,Oply,car
31882954,twoway,35325.0,42206.0,422625,30901,null,30901,10905.995733881347,851.0,123.0,0.0,12133712,10.46100000000003,6881.0,Oply,car
26693570,twoway,74518.0,81632.0,286148,286148,null,286148,24161.875355504613,1491.0,1.0,0.0,12131681,11.694399999999991,7114.0,Oply,car
29612570,twoway,74881.0,75117.0,342364,13762,null,488928,2290.6063895723346,185.0,51.0,0.0,12133681,0.3069,236.0,Oply,car
28923301,twoway,60951.0,69320.0,271533,272361,null,272361,1429.0129628461652,178.0,164.0,0.0,12102621,18.084500000000013,8369.0,Oply,car
28031638,twoway,18293.0,29238.0,220151,255488,null,255488,7555.738307419271,652.0,431.0,0.0,12103681,15.261900000000033,10945.0,Oply,car
28479717,twoway,51482.0,54980.0,501129,501127,null,501127,2388.70678813989,216.0,297.0,0.0,12133672,6.038999999999998,3498.0,Oply,car
27359048,twoway,11262.0,47314.0,367895,8897,null,8897,12585.160316063071,1031.0,311.0,0.0,12133631,52.46770000000005,36052.0,Oply,car
26850596,twoway,65628.0,74293.0,201743,257127,null,257127,11929.179936273196,1006.0,324.0,0.0,12095571,17.961899999999982,8665.0,Oply,car
27936841,twoway,50906.0,55380.0,476663,66928,null,66928,1676.6913470522288,198.0,177.0,0.0,12108611,12.17699999999998,4474.0,Oply,car
28677063,twoway,62334.0,67807.0,187450,346913,null,346913,3874.990244795422,331.0,193.0,0.0,12133733,11.938200000000013,5473.0,Oply,car
28661153,twoway,89258.0,89850.0,402902,60605,null,106927,3433.064159631069,267.0,325.0,0.0,12107632,4.640999999999998,592.0,Oply,car
27413174,twoway,53342.0,60541.0,280460,474619,null,474619,7260.143717524724,593.0,290.0,0.0,12105611,12.429699999999967,7199.0,Oply,car
28172938,twoway,49484.0,56050.0,11624,42301,null,42301,8768.689985073597,760.0,163.0,0.0,12104661,12.176999999999989,6566.0,Oply,car
28920154,twoway,46494.0,50361.0,7101,7103,null,7103,11271.600986285412,856.0,122.0,0.0,12120632,6.411899999999989,3867.0,Oply,car
27051499,twoway,58407.0,65762.0,79823,79825,null,79825,14343.277878670673,1107.0,112.0,0.0,12120661,12.830099999999982,7355.0,Oply,car
26675332,twoway,13520.0,36610.0,243379,243383,null,243383,3194.020370445553,304.0,168.0,0.0,12104631,36.03,23090.0,Oply,car
27217556,twoway,71078.0,74470.0,70032,414631,null,414631,10813.39050224398,861.0,67.0,0.0,12120622,5.986199999999999,3392.0,Oply,car
28751477,twoway,74464.0,81121.0,65774,281994,null,281994,6658.567116356582,600.0,161.0,0.0,12095582,11.694399999999991,6657.0,Oply,car
28416528,twoway,8926.0,44959.0,295993,110,null,110,53933.85448095357,2755.0,351.0,0.0,12103631,52.28240000000003,36033.0,Oply,car
26918639,twoway,77269.0,78000.0,316616,337736,null,373443,990.8893841481407,116.0,615.0,0.0,12102701,5.7689999999999975,731.0,Oply,car
26696719,twoway,58340.0,61591.0,87970,36249,null,36249,4278.954334728431,312.0,254.0,0.0,12111612,6.437999999999996,3251.0,Oply,car
27092681,twoway,74274.0,78163.0,456888,60605,null,60605,7480.036258932351,614.0,266.0,0.0,12107631,6.609899999999999,3889.0,Oply,car
34889448,twoway,80220.0,84554.0,267465,66928,null,66928,1468.8576424164812,163.0,251.0,0.0,12108611,10.210000000000008,4334.0,Oply,car
27090278,twoway,51553.0,57259.0,341841,13928,null,13928,3434.245704138504,265.0,179.0,0.0,12121611,12.176999999999975,5706.0,Oply,car
27056719,twoway,20613.0,31053.0,97168,484179,null,484179,9862.438702765363,823.0,118.0,0.0,12121631,14.918999999999977,10440.0,Oply,car
29130643,twoway,11472.0,36928.0,425793,286148,null,286148,28405.67545408033,1921.0,477.0,0.0,12131681,36.52280000000013,25456.0,Oply,car
32425013,twoway,5598.0,36612.0,440255,126200,null,126200,228681.92238085376,9499.0,127.0,0.0,12104711,46.47090000000012,31014.0,Oply,car
27706475,twoway,62190.0,69294.0,257303,131665,null,131665,3703.319452765471,420.0,234.0,0.0,12131611,11.93140000000001,7104.0,Oply,car
26933106,twoway,11418.0,16978.0,186265,337736,null,337736,1563.903409212628,173.0,779.0,0.0,12102701,10.812000000000008,5560.0,Oply,car
27387271,twoway,73164.0,78979.0,460492,36125,null,36125,5889.465278236922,547.0,1065.0,0.0,12133722,11.950699999999992,5815.0,Oply,car
29553323,twoway,72131.0,77876.0,280124,390166,null,280126,7313.654187504357,602.0,570.0,0.0,12103642,12.06459999999999,5745.0,Oply,car
28971240,twoway,67891.0,73352.0,356662,274193,null,274193,9289.784148228196,765.0,178.0,0.0,12133612,12.090000000000005,5461.0,Oply,car
27166063,twoway,74290.0,74711.0,280059,320455,null,93351,711.880293596762,85.0,336.0,0.0,12103612,6.111599999999998,421.0,Oply,car
26795573,twoway,69016.0,76367.0,65774,281994,null,281994,7498.247730463858,678.0,161.0,0.0,12095583,12.350599999999995,7351.0,Oply,car
27339817,twoway,63897.0,66715.0,172993,456157,null,456157,9796.294343985233,818.0,107.0,0.0,12103623,5.899000000000004,2818.0,Oply,car
26937102,twoway,74717.0,81063.0,254293,254295,null,254295,3558.46041118363,318.0,165.0,0.0,12102661,11.62799999999999,6346.0,Oply,car
27178172,twoway,77807.0,82634.0,125553,105073,null,105073,4738.840219680109,370.0,142.0,0.0,12096523,10.780799999999978,4827.0,Oply,car
26788238,twoway,59724.0,63376.0,370300,370301,null,370301,4252.382041446546,392.0,90.0,0.0,12132682,6.490299999999991,3652.0,Oply,car
27030498,twoway,9033.0,47642.0,402707,7103,null,7103,221953.3059555248,9077.0,502.0,0.0,12120631,57.942000000000085,38609.0,Oply,car
27050544,twoway,81755.0,82006.0,131665,131665,null,419114,3110.4759644366577,250.0,1.0,0.0,12131611,0.3428,251.0,Oply,car
27669894,twoway,59949.0,65748.0,500879,501127,null,501127,4028.160784076337,432.0,326.0,0.0,12133673,12.296999999999988,5799.0,Oply,car
34974198,twoway,65516.0,73904.0,379132,370301,null,370301,17267.458728237514,1228.0,115.0,0.0,12132681,17.955299999999983,8388.0,Oply,car
26768742,twoway,81380.0,86174.0,282000,172623,null,172623,6562.2957190883635,561.0,324.0,0.0,12104672,10.03980000000001,4794.0,Oply,car
27008203,twoway,68853.0,74791.0,282261,245646,null,245646,5533.176017806521,448.0,446.0,0.0,12131661,12.156199999999997,5938.0,Oply,car
27149052,twoway,73695.0,74520.0,185953,119231,null,389729,6434.938079179863,430.0,395.0,0.0,12133661,6.131399999999994,825.0,Oply,car
35031325,twoway,82116.0,82660.0,270940,272361,null,276589,2754.7970712822,248.0,296.0,0.0,12102621,5.0808000000000035,544.0,Oply,car
28744279,twoway,45005.0,47180.0,392197,172623,null,172623,7139.932814828954,597.0,477.0,0.0,12104672,5.7419999999999956,2175.0,Oply,car
27493290,twoway,20648.0,24757.0,136810,427832,null,427832,4541.5896877162795,368.0,196.0,0.0,12121651,9.785199999999994,4109.0,Oply,car
27305231,twoway,55447.0,62613.0,8200,378375,null,378375,9098.769171139807,697.0,141.0,0.0,12106613,12.575999999999974,7166.0,Oply,car
26710753,twoway,10479.0,41049.0,341904,486024,null,486024,24193.496915184794,1788.0,1014.0,0.0,12132661,46.7406000000001,30570.0,Oply,car
27966449,twoway,69858.0,76289.0,280124,280126,null,280126,10857.37556464504,992.0,171.0,0.0,12103644,12.09839999999999,6431.0,Oply,car
28068296,twoway,41785.0,47214.0,229018,414631,null,414631,6767.3343022891895,500.0,91.0,0.0,12120621,11.322600000000019,5429.0,Oply,car
29145679,twoway,68916.0,72212.0,356662,274193,null,274193,5268.850471218866,489.0,178.0,0.0,12133611,6.087400000000007,3296.0,Oply,car
27153677,twoway,55763.0,57845.0,448610,251159,null,251159,6061.090227798723,539.0,576.0,0.0,12104702,6.137999999999994,2082.0,Oply,car
28176764,twoway,75619.0,79568.0,98440,316629,null,316629,6503.859234504115,535.0,158.0,0.0,12122632,11.378999999999978,3949.0,Oply,car
26725247,twoway,89033.0,89520.0,180209,423936,null,256822,2535.4579881974755,212.0,275.0,0.0,12102631,4.6409999999999965,487.0,Oply,car
28149915,twoway,63868.0,71430.0,19642,36125,null,36125,2583.3095712599275,337.0,223.0,0.0,12133721,17.91900000000002,7562.0,Oply,car
26941387,twoway,14383.0,39873.0,364319,280126,null,280126,11261.454523519318,900.0,612.0,0.0,12103641,36.328299999999885,25490.0,Oply,car
27578650,twoway,61641.0,68209.0,20711,20711,null,20711,17039.715934578016,1170.0,1.0,0.0,12132622,11.9008,6568.0,Oply,car
27602493,twoway,12255.0,49253.0,494984,79825,null,79825,61409.520573727976,2406.0,524.0,0.0,12120661,58.64039999999999,36998.0,Oply,car
29374788,twoway,64977.0,69394.0,175197,1384,null,1384,782.1099817951717,97.0,121.0,0.0,12102641,11.879999999999999,4417.0,Oply,car
27714563,twoway,79987.0,84918.0,125553,105073,null,105073,4066.4518398930973,316.0,142.0,0.0,12096521,10.250000000000007,4931.0,Oply,car
26803144,twoway,16656.0,20553.0,362976,282876,null,282876,6225.3191235920885,484.0,409.0,0.0,12102671,5.785000000000007,3897.0,Oply,car
31306889,twoway,59199.0,66824.0,403976,222465,null,222465,2571.59070048616,217.0,240.0,0.0,12102691,18.40339999999995,7625.0,Oply,car
27564566,twoway,12653.0,35698.0,137569,257127,null,257127,6524.999360539933,556.0,113.0,0.0,12095571,36.180000000000106,23045.0,Oply,car
27269838,twoway,67972.0,74340.0,409844,139511,null,139511,1090.6796942464955,103.0,172.0,0.0,12104692,12.100000000000005,6368.0,Oply,car
27695237,twoway,74118.0,79412.0,409816,65774,null,139511,3382.2656110454795,300.0,1656.0,0.0,12104691,11.793999999999992,5294.0,Oply,car
30961056,twoway,19980.0,45316.0,166319,474619,null,474619,98233.04289074724,4279.0,316.0,0.0,12105612,36.193499999999844,25336.0,Oply,car
27859526,twoway,81425.0,81824.0,127904,369565,null,1484,1700.4301813904938,169.0,230.0,0.0,12096541,5.118200000000004,399.0,Oply,car
28709493,twoway,79739.0,81128.0,36588,280126,null,421149,2827.3241745661003,235.0,1154.0,0.0,12103643,5.287200000000005,1389.0,Oply,car
31224598,twoway,55859.0,61640.0,36249,36249,null,36249,7238.2449931525325,533.0,1.0,0.0,12111611,12.57599999999998,5781.0,Oply,car
27803022,twoway,79618.0,89897.0,108588,152242,null,152242,9178.66460081924,789.0,259.0,0.0,12133651,15.119400000000024,10279.0,Oply,car
27669776,twoway,66094.0,71937.0,267467,66928,null,66928,6234.629711870294,555.0,171.0,0.0,12108611,11.879999999999999,5843.0,Oply,car
27452087,twoway,78413.0,84012.0,21203,485280,null,485280,12145.183892731236,1011.0,300.0,0.0,12131621,10.61379999999999,5599.0,Oply,car
28721633,twoway,64125.0,69010.0,257108,131665,null,131665,7265.0730405590775,609.0,98.0,0.0,12131612,11.919600000000012,4885.0,Oply,car
29281011,twoway,67632.0,72769.0,476663,66928,null,66928,6734.685568474416,565.0,177.0,0.0,12108612,12.050000000000006,5137.0,Oply,car
29017550,twoway,21206.0,27224.0,487247,469756,null,469756,7979.286429164868,761.0,234.0,0.0,12132671,9.724899999999991,6018.0,Oply,car
26880919,twoway,56686.0,61671.0,389093,87195,null,87195,12208.789937420013,878.0,149.0,0.0,12133621,12.57599999999999,4985.0,Oply,car
33046421,twoway,73022.0,75471.0,66928,66928,null,66928,5194.037348883757,451.0,1.0,0.0,12108611,6.095099999999993,2449.0,Oply,car
35148997,twoway,17612.0,40778.0,204120,274193,null,274193,12014.080208015863,884.0,727.0,0.0,12133612,35.93509999999989,23166.0,Oply,car
27837361,twoway,17633.0,21531.0,135310,474619,null,474619,3366.739308028085,322.0,421.0,0.0,12105611,5.785000000000007,3898.0,Oply,car
28069800,twoway,22774.0,29282.0,444829,445439,null,445439,5912.219710896124,530.0,817.0,0.0,12133692,9.742599999999985,6508.0,Oply,car
27445225,twoway,11216.0,33082.0,498129,454386,null,454386,48596.61882929025,2291.0,382.0,0.0,12122611,31.466499999999993,21866.0,Oply,car
27494072,twoway,52088.0,55778.0,132633,320455,null,320455,10617.5072030508,884.0,104.0,0.0,12103613,6.141299999999995,3690.0,Oply,car
30265930,twoway,62111.0,67799.0,419130,272361,null,272361,12077.97326294737,986.0,150.0,0.0,12102622,11.92800000000001,5688.0,Oply,car
27937195,twoway,56749.0,63339.0,450264,409369,null,409369,4014.2754271556323,326.0,439.0,0.0,12121641,12.575999999999992,6590.0,Oply,car
26806990,twoway,47769.0,52754.0,110655,346913,null,346913,1971.3195044077697,167.0,286.0,0.0,12133732,12.084599999999988,4985.0,Oply,car
27181130,twoway,61538.0,65399.0,350145,275690,null,275690,6211.483253953812,510.0,223.0,0.0,12131651,6.517499999999997,3861.0,Oply,car
27349416,twoway,53165.0,59328.0,165624,1384,null,1384,3869.4031976921065,325.0,157.0,0.0,12102641,12.389799999999967,6163.0,Oply,car
27357950,twoway,69479.0,76289.0,61449,109148,null,109148,15946.285454200693,1313.0,881.0,0.0,12121622,12.122199999999992,6810.0,Oply,car
27410516,twoway,69831.0,70788.0,36012,8897,null,257303,6009.483680677093,522.0,435.0,0.0,12133632,5.986900000000007,957.0,Oply,car
28403639,twoway,68470.0,79704.0,419130,272361,null,272361,10027.714350055696,907.0,150.0,0.0,12102622,23.53900000000002,11234.0,Oply,car
26871562,twoway,68696.0,71940.0,7101,7103,null,7103,1620.962195098064,187.0,122.0,0.0,12120633,6.1142000000000065,3244.0,Oply,car
33804621,twoway,37610.0,41304.0,456153,456157,null,456157,3995.1018007959387,346.0,153.0,0.0,12103621,5.303800000000006,3694.0,Oply,car
29874703,twoway,50808.0,58593.0,466218,59637,null,59637,10724.41363876615,821.0,209.0,0.0,12131631,18.614999999999984,7785.0,Oply,car
31502089,twoway,15543.0,51638.0,257254,445439,null,445439,104839.83329106227,5745.0,1123.0,0.0,12133691,53.19429999999981,36095.0,Oply,car
27724934,twoway,18614.0,41027.0,282009,172623,null,172623,13041.234188323504,1070.0,144.0,0.0,12104671,35.981999999999864,22413.0,Oply,car
28384921,twoway,78103.0,78826.0,258376,66928,null,372689,2887.0825222442727,252.0,471.0,0.0,12108612,5.592699999999996,723.0,Oply,car
29874702,twoway,65324.0,71998.0,466218,59637,null,59637,5927.185732136948,619.0,209.0,0.0,12131632,11.879999999999994,6674.0,Oply,car
29610542,twoway,72420.0,79356.0,382149,274193,null,274193,10237.930248605415,919.0,91.0,0.0,12133611,12.03109999999999,6936.0,Oply,car
29610544,twoway,59668.0,65489.0,382149,274193,null,274193,4256.779312162617,380.0,91.0,0.0,12133611,12.396999999999986,5821.0,Oply,car
28074418,twoway,83887.0,84666.0,165777,254295,null,362975,1620.0056536524753,178.0,601.0,0.0,12102662,4.9788000000000014,779.0,Oply,car
27824160,twoway,42525.0,43926.0,49735,30901,null,186275,5336.363583566643,398.0,1003.0,0.0,12133711,5.540999999999998,1401.0,Oply,car
27972643,twoway,60135.0,66048.0,175197,1384,null,1384,3869.4031976921065,325.0,121.0,0.0,12102642,12.23699999999999,5913.0,Oply,car
29103673,twoway,83929.0,87745.0,379094,370301,null,370301,2425.174187744526,253.0,519.0,0.0,12132682,5.308000000000002,3816.0,Oply,car
27379595,twoway,62024.0,67885.0,97168,484179,null,484179,3001.8269544752156,298.0,118.0,0.0,12121632,11.921200000000008,5861.0,Oply,car
27078343,twoway,54859.0,55681.0,390166,280126,null,390166,746.3543630321357,84.0,738.0,0.0,12103642,6.137999999999994,822.0,Oply,car
32742233,twoway,61765.0,67582.0,321827,42301,null,42301,9488.903920605904,815.0,173.0,0.0,12104662,11.907600000000002,5817.0,Oply,car
27880711,twoway,79129.0,87079.0,460492,13928,null,13928,13599.793314217664,1120.0,165.0,0.0,12121611,15.259000000000023,7950.0,Oply,car
26809327,twoway,66648.0,69578.0,370300,370301,null,370301,7513.135494941704,578.0,90.0,0.0,12132682,5.939999999999995,2930.0,Oply,car
29201599,twoway,69377.0,74636.0,440255,126200,null,126200,1493.2078795547,148.0,127.0,0.0,12104712,12.125599999999993,5259.0,Oply,car
28563091,twoway,54157.0,61219.0,460492,36125,null,36125,12744.841467646069,1049.0,1065.0,0.0,12133722,12.575999999999965,7062.0,Oply,car
29189504,twoway,68052.0,74796.0,281415,281413,null,281413,6755.4520784360675,575.0,128.0,0.0,12102682,12.120000000000003,6744.0,Oply,car
33250299,twoway,55682.0,62638.0,66928,66928,null,66928,24260.932753719637,1721.0,1.0,0.0,12108612,12.575999999999977,6956.0,Oply,car
31471628,twoway,3140.0,37687.0,151643,251159,null,251159,11023.57396457633,926.0,718.0,0.0,12104701,51.30000000000004,34547.0,Oply,car
32582061,twoway,56939.0,62598.0,391664,172623,null,172623,5718.839051410036,486.0,191.0,0.0,12104673,12.575999999999992,5659.0,Oply,car
26841256,twoway,0.0,5790.0,333278,316629,null,316629,6073.385521151941,503.0,368.0,0.0,12122631,9.579000000000002,5790.0,Oply,car
31397133,twoway,37229.0,40344.0,406139,474619,null,474619,6832.080214803605,673.0,485.0,0.0,12105613,5.106000000000006,3115.0,Oply,car
26845977,twoway,26207.0,35873.0,60517,289762,null,289762,4836.449070759084,497.0,318.0,0.0,12131642,15.329199999999958,9666.0,Oply,car
26738201,twoway,46978.0,53760.0,79496,445439,null,445439,16660.135989701317,1105.0,201.0,0.0,12133692,11.992199999999986,6782.0,Oply,car
27641061,twoway,11695.0,47465.0,209248,346913,null,346913,35456.54004388109,2529.0,259.0,0.0,12133731,52.442000000000036,35770.0,Oply,car
29189507,twoway,55721.0,61658.0,281415,281413,null,281413,3578.2249664596443,332.0,128.0,0.0,12102681,12.575999999999977,5937.0,Oply,car
34013823,twoway,9257.0,45067.0,267467,66928,null,66928,134466.2957403284,5043.0,171.0,0.0,12108611,52.21360000000005,35810.0,Oply,car
29102238,twoway,59677.0,65357.0,184728,126200,null,126200,1242.0828296979575,128.0,185.0,0.0,12104712,12.396999999999986,5680.0,Oply,car
28621337,twoway,56475.0,62028.0,1825,1825,null,1825,5288.527902050362,514.0,1.0,0.0,12107641,12.575999999999988,5553.0,Oply,car
28521381,twoway,55826.0,63675.0,456159,456157,null,456157,4928.120508687265,443.0,145.0,0.0,12103622,18.614999999999974,7849.0,Oply,car
28588940,twoway,57038.0,58947.0,370300,370301,null,370301,2801.9293534489802,265.0,90.0,0.0,12132681,6.338000000000007,1909.0,Oply,car
28932186,twoway,83443.0,84025.0,299824,280126,null,7101,2912.497890505319,263.0,319.0,0.0,12103644,5.006000000000002,582.0,Oply,car
27230124,twoway,28601.0,39381.0,319862,322830,null,322830,3679.0546120172644,367.0,1158.0,0.0,12132651,15.422999999999965,10780.0,Oply,car
28898446,twoway,70111.0,74181.0,460492,13928,null,13928,2442.994496431599,218.0,165.0,0.0,12121611,12.084799999999985,4070.0,Oply,car
26531740,twoway,61412.0,66365.0,243379,243383,null,243383,12177.205525697977,1054.0,168.0,0.0,12104632,11.887199999999996,4953.0,Oply,car
26858022,twoway,39784.0,49948.0,440138,486024,null,486024,6063.814936779313,604.0,244.0,0.0,12132662,17.061900000000044,10164.0,Oply,car
27591679,twoway,42786.0,48928.0,19642,36125,null,36125,9335.20081570448,837.0,223.0,0.0,12133721,11.434799999999994,6142.0,Oply,car
32847487,twoway,36021.0,41339.0,189968,487115,null,487115,3399.6586384039456,324.0,944.0,0.0,12132691,10.581000000000035,5318.0,Oply,car
33753371,twoway,85586.0,85967.0,271533,272361,null,100067,2495.4809224823985,217.0,164.0,0.0,12102622,4.885199999999999,381.0,Oply,car
27348893,twoway,86243.0,89358.0,363071,372689,null,65774,1274.8228538087528,106.0,3009.0,0.0,12108612,4.848900000000001,3115.0,Oply,car
28021585,twoway,74366.0,81138.0,434340,79825,null,79825,14343.277878670673,1107.0,127.0,0.0,12120662,11.72759999999999,6772.0,Oply,car
28021586,twoway,66785.0,73032.0,434340,79825,null,79825,14615.275853871386,1123.0,127.0,0.0,12120661,11.910000000000007,6247.0,Oply,car
28869916,twoway,16235.0,41233.0,356662,274193,null,274193,16355.471078260649,1080.0,178.0,0.0,12133611,35.780999999999835,24998.0,Oply,car
28021587,twoway,61869.0,72910.0,434340,79825,null,79825,14887.106991325203,1173.0,127.0,0.0,12120662,18.377700000000026,11041.0,Oply,car
29426711,twoway,83218.0,88884.0,394654,320455,null,320455,10228.244836793117,905.0,486.0,0.0,12103613,9.819000000000008,5666.0,Oply,car
26790781,twoway,86339.0,87398.0,190666,66928,null,94799,7473.231804180306,642.0,417.0,0.0,12108611,4.845600000000001,1059.0,Oply,car
