ID	X	Y	VOT	Score
26531740	4465991.5	5334462.5	11.52	-338.90042980889035
26628524	4467546.5	5336612.5	16.73	84.6136937281788
26658417	4463730.0	5332509.5	3.63	-382.82926120146374
26691130	4468232.5	5331538.5	12.2	35.510122994902574
26691261	4466125.5	5331315.0	4.29	-329.7356268157339
26693570	4465139.5	5334901.0	6.07	-321.26339819809493
26696719	4470141.946517644	5338581.665843665	3.77	-337.706855193431
26696720	4470141.946517644	5338581.665843665	3.77	-339.0672262114773
26696722	4470141.946517644	5338581.665843665	3.77	-337.4724466030263
26710753	4470896.0	5327902.5	10.92	83.86986249385856
26716528	4469009.0	5336631.5	7.34	-329.65466400632744
26725247	4465437.5	5331002.5	6.06	-312.81676456160176
26737443	4468987.0	5331267.0	1.68	-343.23572470461403
26738200	4477755.5	5332633.0	13.17	106.32723294700534
26738201	4477755.5	5332633.0	13.17	-347.2376594592606
26768583	4465316.0	5334906.5	0.26	118.01373783719832
26769049	4477578.5	5332589.5	21.7	111.97179710506896
26790176	4467815.5	5335654.0	7.53	91.44890848904858
26790583	4466824.0	5334674.0	11.48	-328.51880040464556
26790584	4466824.0	5334674.0	0.0	-335.1122704627467
26790781	4471377.0	5338365.5	6.37	-313.176828214553
26793058	4464242.0	5334301.0	5.52	110.37577117559805
26795573	4468640.5	5331483.5	4.29	-326.05564730708636
26803144	4468232.5	5331538.5	18.03	115.66778512639691
26807987	4467611.5	5335038.5	4.17	-325.0516428594869
26808788	4467964.5	5332576.5	6.43	125.38943072089184
26808914	4464566.0	5331416.0	1.78	-349.4388682641793
26809327	4465916.5	5336066.0	1.8	-327.8875981303015
26814681	4465935.5	5331231.5	14.0	-326.81794647421503
26841256	4471535.5	5331094.0	8.15	122.93019734981961
26845977	4473152.5	5327487.0	19.33	121.64728995496367
26863191	4473180.0	5337125.0	28.4	90.31556795558413
26863856	4465941.0	5336093.5	46.72	68.38537377368213
26871562	4468234.5	5338490.0	0.37	124.26809703173845
26880919	4467984.5	5340916.5	10.64	-381.91485190786875
26887705	4466770.842340299	5333066.291961809	0.41	-344.100524171483
26903727	4469834.0	5331155.5	5.7	-324.0472833606991
26905506	4469943.0	5338495.0	5.99	123.90293605920651
26914128	4468957.5	5336822.0	2.98	124.45168051444652
26917075	4467872.5	5332302.0	5.48	-319.9614433291817
26933106	4470918.5	5333071.5	8.83	118.53096269419174
26986814	4477319.197888911	5332827.204381688	6.94	114.67765145671457
26995486	4469023.5	5336892.5	5.28	-341.0687590010938
27008203	4471997.5	5335002.5	12.46	115.72674155814946
27010232	4468337.0	5335055.5	2.99	-324.32295161220827
27030498	4468127.0	5338083.0	0.0	-43.28177021903831
27044933	4469254.0	5330372.5	0.0	-362.9791252376738
27050544	4466967.0	5330646.0	9.46	99.1081039044541
27051499	4471095.0	5338383.5	0.0	-338.8196600718098
27056719	4468906.5	5338713.0	0.88	121.2880924269675
27072290	4463018.0	5327182.5	1.44	116.66160618938083
27088366	4461365.0	5327794.5	12.63	112.57046482498889
27092681	4470253.0	5331092.0	9.16	-322.00880925526184
27098904	4470967.5	5333084.0	14.74	-349.0541706843835
27120453	4468242.0	5331308.5	6.99	-315.6435985240321
27149052	4465391.5	5333085.5	13.64	-370.8645549728751
27160016	4465943.5	5331791.0	21.98	-337.7741443462544
27166063	4468829.5	5336736.5	5.06	115.61653205019988
27169370	4466531.5	5330599.0	2.52	2.512122374047152
27177849	4464956.0	5331088.0	6.65	-346.6800507161018
27178888	4461100.0	5328149.5	4.66	67.60109249514164
27179424	4466545.0	5332108.0	0.34	-330.0603915496528
27179425	4466545.0	5332108.0	0.34	108.73037056629488
27196598	4464725.46113447	5333744.618644142	28.23	120.17800863158891
27217556	4466478.5	5330608.0	8.26	-325.5756558963586
27236459	4468210.0	5340888.0	8.6	-392.79407703446554
27238700	4468810.5	5329973.5	7.51	-469.4065357161276
27277649	4463728.5	5333569.0	10.94	-346.2188824152724
27305231	4470813.0	5333900.0	11.04	-340.6499774428614
27332411	4471997.5	5335002.5	1.74	95.00848228826156
27339817	4468957.5	5336822.0	3.7	-339.2868907834718
27340041	4469081.5	5337705.5	3.35	-319.6857618381427
27348893	4468630.0	5331510.5	9.71	-317.2482459898608
27359048	4463827.0	5334370.0	12.43	106.29849124269427
27367425	4465609.5	5330429.5	4.28	118.0096240365168
27370254	4470616.9937197445	5328414.561499685	22.24	103.04386319566014
27379595	4468906.5	5338713.0	20.7	122.63039681007857
27429421	4468102.0	5336295.5	15.21	-343.05109569290073
27445140	4467329.0	5334327.0	0.25	-394.13591052082984
27445225	4466570.0	5334563.5	11.17	68.48056558457279
27461086	4465935.5	5331231.5	16.93	97.12897443959103
27493290	4464990.0	5328944.5	10.71	120.24515132791038
27502283	4469282.643137026	5330345.265639693	8.11	-332.4063783146763
27518969	4468210.0	5340888.0	21.37	-328.77759179330553
27536227	4468143.0	5334936.0	4.21	107.32906800984654
27548451	4466059.0	5333264.0	23.53	-316.1809302057843
27564566	4465979.5	5331786.5	5.74	88.28644987841373
27570300	4468636.0	5332758.0	30.74	-332.70578818095953
27578650	4461312.0	5338577.5	0.0	-336.0985388207268
27579935	4468653.0	5331453.5	1.61	62.95838158947413
27581445	4468906.5	5338713.0	7.65	119.08599886652965
27602493	4471178.5	5338681.0	8.37	120.44163002485617
27609177	4464748.0	5331573.0	2.4	-326.362106154362
27611477	4468630.0	5331510.5	0.0	-328.9603837944416
27619635	4469384.0	5330315.0	5.4	-334.6987348663675
27619637	4469384.0	5330315.0	5.4	-321.25755933450756
27641061	4464214.0	5333580.0	13.92	107.87510094502967
27678044	4467520.0	5331574.5	3.7	-321.3188910309898
27679380	4468946.0	5330774.5	9.31	-326.9947705723285
27695237	4469742.0	5332238.5	6.38	-319.5202882479389
27714263	4470320.5	5332891.5	17.64	-351.0927412523487
27714563	4467438.5	5335238.0	5.36	-321.1972521208657
27745497	4466080.5	5334603.5	2.39	112.99847523425382
27803022	4463746.0	5332915.5	0.24	-317.32652238227604
27820663	4466872.5	5331952.0	13.16	103.79661192070515
27837361	4459616.5	5334427.0	27.34	115.28629982657576
27840954	4461100.0	5328149.5	18.77	46.09638631828379
27846053	4468143.0	5334936.0	12.7	122.04194485025043
27859526	4467849.0	5335203.0	6.23	58.921760585987116
27875159	4468143.0	5334936.0	0.0	-400.9575661205104
27875160	4468143.0	5334936.0	0.0	-325.69250798264505
27878663	4468142.5	5336143.0	9.66	-347.78977286708897
27880711	4467699.5	5337129.0	2.76	-313.8224940933253
27905719	4466824.0	5334674.0	13.11	-351.85082273878993
27909088	4461156.0	5327915.0	11.59	54.45727712190093
27936841	4468833.0	5332710.0	9.02	55.849241625525636
27937195	4471754.0	5331637.5	0.0	121.88428013107922
27938546	4467991.5	5330460.5	7.05	-319.0195335490514
27941963	4467515.786013415	5331569.758670841	0.0	-333.29686619628393
27962967	4466297.5	5335445.0	0.07	-336.8545552135597
27981722	4469394.5	5330311.5	4.73	-322.12197891684207
28008795	4459932.0	5334202.5	3.81	113.60917691428692
28008802	4459932.0	5334202.5	3.81	-338.87929666475185
28021585	4471103.0	5338292.5	9.69	-321.5579010669478
28021586	4471103.0	5338292.5	9.69	-324.8396234447334
28021587	4471103.0	5338292.5	9.69	-335.38813004283134
28021892	4466478.0	5330591.0	10.06	-328.5284883134623
28021953	4467329.0	5334327.0	8.27	-413.99554446556965
28031638	4467447.0	5332278.0	8.67	113.27623668730772
28076797	4458045.5	5335036.5	1.27	122.26276637165479
28100296	4464163.5	5333523.5	6.13	-327.892933162944
28111597	4473180.5	5337142.5	19.44	121.79529406131225
28121110	4465266.0	5330841.5	1.99	-339.65281909576356
28121111	4465266.0	5330841.5	129.3	-332.7160562114324
28160401	4465941.0	5336093.5	0.84	-348.9440209554604
28168860	4467872.5	5332302.0	11.41	-317.97068946798737
28170067	4469128.0	5331131.5	2.97	-340.4106144716169
28176764	4471090.0	5331028.5	13.59	-318.8377021854409
28216613	4469214.5	5332287.0	5.51	-327.92601919164633
28254074	4468630.0	5331510.5	15.92	-326.19203760447107
28300745	4467836.0	5338778.5	20.37	-342.03622075077817
28338904	4469060.5	5337354.0	8.38	107.11551018517727
28376054	4467900.0	5335488.0	4.92	-335.8351169832788
28392302	4468817.5	5330665.5	4.73	106.52773118849913
28416528	4468197.0	5335935.0	24.58	98.89414752679455
28439751	4467409.5	5331590.5	15.95	90.03041494221549
28477222	4464191.2742062695	5334397.538140843	13.94	80.19620358562796
28479717	4461099.5	5328211.0	3.19	111.53676299391807
28497556	4468613.5	5332794.0	14.24	-343.073489692075
28506440	4468635.0	5332769.5	5.46	-322.56554358937626
28581372	4469074.5	5331287.5	7.56	91.24129181292487
28600679	4468384.5	5335173.0	45.67	-358.8295650785996
28625941	4469168.5	5331107.5	3.95	-334.0460901135771
28627736	4467329.0	5334327.0	7.42	81.88473902659237
28661153	4467952.5	5330437.0	9.55	-315.78595694409984
28663373	4468384.5	5335173.0	2.38	-347.0968069781854
28665783	4466830.0	5334689.5	6.9	-325.0085739108567
28677063	4463728.5	5333569.0	6.14	-339.28939082687555
28686595	4468905.0	5337504.5	13.02	84.67362662294235
28706072	4468480.5	5335186.5	6.93	120.15336365134384
28709493	4467335.0	5334291.5	0.87	-319.28947118768656
28720334	4468845.5	5332726.5	8.16	-342.7750368566025
28751477	4468653.0	5331453.5	6.71	-322.4496964045232
28811623	4468143.0	5334936.0	12.38	-349.3108861256072
28856788	4472948.5	5329238.5	6.1	-337.94693707630927
28869916	4469405.5	5330308.0	4.76	104.26899532517908
28881428	4466270.0	5333265.0	0.12	-483.1488606409966
28919026	4470984.0	5333230.5	10.16	-480.7012531264183
28920154	4468234.5	5338490.0	19.69	78.72877573709908
28921140	4468999.5	5335694.5	5.02	-348.1953845486799
28923301	4466270.0	5333265.0	8.09	97.18311089452357
28932186	4468234.5	5338490.0	11.96	-320.1911879865837
28960673	4470984.0	5333230.5	10.16	-343.537423300874
28971239	4469394.5	5330311.5	0.0	-329.7717612255442
29017550	4473507.804077431	5329195.598606492	16.74	123.81837828932181
29040308	4469004.5	5336202.5	11.65	51.464158874797754
29059307	4468828.5	5330680.5	9.1	-343.46055543781057
29102238	4471026.0	5333248.0	13.85	-340.52878997885244
29103088	4461624.5	5334203.5	6.1	-355.53038446167943
29130643	4465459.779596	5335060.417838222	32.41	85.66254262079858
29143337	4468361.0	5335461.0	2.77	-315.57792027539614
29145679	4469427.5	5330301.5	0.0	-326.96948338395123
29149572	4466824.0	5334674.0	13.11	-327.1709735925892
29158224	4461478.0	5327170.5	12.09	80.1190293779996
29183476	4467714.0	5335766.0	9.28	-310.86586528983025
29192140	4470560.308541009	5328401.650834243	21.45	-349.3813200545015
29197333	4463203.0	5333657.5	32.16	-371.9592427289452
29312807	4473289.0	5330207.0	5.75	71.97762569571458
29313639	4468127.5	5330975.5	15.16	113.68009979730537
29317060	4470867.5	5333320.5	15.06	-351.28592702679305
29334495	4465535.5	5333012.0	0.0	-320.26697292319835
29366096	4469060.5	5337354.0	2.29	-341.87148024777855
29466065	4463179.0	5333657.5	14.02	-341.7963768682627
29507695	4468958.5	5330584.5	13.86	-328.9333142931791
29549838	4467388.0	5334874.0	4.65	82.45436820833372
29550622	4471089.0	5338499.0	5.23	78.53923472056354
29553323	4468102.0	5336295.5	9.99	-326.42784170465734
29612570	4472830.5	5328909.0	3.36	115.10610195043216
29658513	4467977.5	5332542.0	1.61	-338.22845875652604
29694306	4467952.5	5332559.5	0.51	-331.2210365295575
29699359	4465941.0	5336093.5	12.65	-348.14513415879907
29755413	4468210.0	5340888.0	13.06	120.98097299676655
29773584	4469060.5	5337354.0	6.21	85.31415480902696
29838166	4470984.0	5333230.5	20.2	-321.2536670218242
29838398	4470911.611312586	5333090.102361757	6.75	-333.4926687228945
29874702	4463293.381195606	5327024.510790658	7.56	-326.6111508312859
29874703	4463293.381195606	5327024.510790658	7.76	114.51146180876908
30406769	4468595.0	5336651.0	13.28	-332.42910343559214
30437737	4473289.0	5330207.0	5.78	123.18387588527347
31059622	4473411.0	5337154.0	9.51	99.72574555487452
31066366	4470224.158412783	5327912.781712351	7.91	55.6096967655592
31136695	4465522.266072398	5332997.078101861	12.92	52.140412050282464
31179974	4461216.240013853	5328377.452037881	4.58	-323.49307016426263
31502089	4476696.817853239	5332329.524098559	8.42	-456.306801220044
31574958	4465785.5	5331948.5	6.86	-310.5800379261378
31882953	4472951.84800671	5336549.153881004	12.32	118.66723896521273
32022676	4470299.5	5331549.5	5.53	-314.6779811700323
32107184	4466125.5	5331315.0	17.33	-324.761936993992
32289422	4459932.0	5334202.5	1.3	69.35219343971312
32349529	4465638.0	5333112.5	0.04	58.38442626649335
32674453	4466901.5	5331929.5	20.09	-320.36686221793093
32742232	4468839.5	5330425.5	3.73	-346.6385074599583
32796888	4466837.0	5334703.0	6.55	88.02231576326227
32796891	4466837.0	5334703.0	15.03	-325.8748862500461
32801843	4467757.5	5337133.0	6.52	73.90271365982697
32837292	4469416.5	5330305.0	7.87	115.9353605587597
32921140	4471026.0	5333248.0	34.37	-329.2860141265197
32950700	4473121.3008332	5327551.300426523	2.18	-353.78297449373554
33008747	4467452.0	5335273.0	9.68	-335.682390599749
33025684	4469189.5	5338582.5	11.21	122.43549632904879
33262080	4467409.5	5331590.5	0.0	-351.87605780425
33624130	4468817.5	5330665.5	16.26	-323.44933703703913
33753371	4467514.5	5334534.5	2.19	-310.5263688624997
34477979	4470253.0	5331092.0	7.96	-340.82571863671785
34668948	4469189.5	5338582.5	11.5	79.46698376245598
34693504	4461297.880543533	5338516.778198144	15.63	122.4402042658095
34705142	4468999.5	5335694.5	14.28	56.20015460685229
34731144	4461094.0	5328213.5	20.93	-379.21546049798974
34839634	4471026.0	5333248.0	6.36	-370.0939498958154
34873633	4463155.0	5333658.5	28.61	-333.4139372865332
34974198	4465854.0	5336212.5	2.54	-328.2116171237413
35031325	4464280.5	5333585.5	11.85	-317.2942806196994
35171953	4471591.5	5333432.0	9.07	91.44767571442864
