ID	X	Y	VOT	Score
26531740	4465991.5	5334462.5	11.52	-338.90042980889035
26691992	4467546.5	5336612.5	6.2	-323.5604684784156
26693570	4465139.5	5334901.0	6.07	-321.26339819809493
26696719	4470141.946517644	5338581.665843665	3.77	-337.706855193431
26696720	4470141.946517644	5338581.665843665	3.77	-339.0672262114773
26710753	4470896.0	5327902.5	10.92	83.86986249385856
26712590	4471321.0	5331052.0	13.75	96.24724004746211
26725247	4465437.5	5331002.5	6.06	-312.81676456160176
26736267	4470209.5	5327866.0	4.68	89.3729329122142
26738201	4477755.5	5332633.0	13.17	-347.2376594592606
26754953	4474432.5	5329183.5	1.05	116.94589496950283
26769145	4468047.5	5337813.0	2.65	-336.86435640794826
26782308	4464242.0	5334301.0	5.52	75.27136245634026
26790583	4466824.0	5334674.0	11.48	-328.51880040464556
26790584	4466824.0	5334674.0	0.0	-335.1122704627467
26790781	4471377.0	5338365.5	6.37	-313.176828214553
26793058	4464242.0	5334301.0	5.52	110.37577117559805
26795573	4468640.5	5331483.5	4.29	-326.05564730708636
26808788	4467964.5	5332576.5	6.43	125.38943072089184
26809327	4465916.5	5336066.0	1.8	-327.8875981303015
26812631	4468163.0	5335010.5	2.93	-437.0004988372458
26814681	4465935.5	5331231.5	14.0	-326.81794647421503
26841100	4470001.362882931	5328435.6283215	9.2	-356.2193526973271
26841256	4471535.5	5331094.0	8.15	122.93019734981961
26871562	4468234.5	5338490.0	0.37	124.26809703173845
26880577	4465375.5	5334837.5	0.0	-319.9289553722663
26880919	4467984.5	5340916.5	10.64	-381.91485190786875
26902340	4471436.0	5332052.5	1.14	-409.73433443151015
26914028	4473289.0	5330207.0	8.42	116.1818533689001
26914128	4468957.5	5336822.0	2.98	124.45168051444652
26917075	4467872.5	5332302.0	5.48	-319.9614433291817
26918639	4469836.0	5332679.5	15.23	-315.79407444747505
26921647	4468623.226487304	5332790.492403411	7.37	-319.5506916476596
26933106	4470918.5	5333071.5	8.83	118.53096269419174
26934001	4468102.0	5336295.5	6.43	-342.71864084297187
26934002	4468102.0	5336295.5	9.91	-336.58690406581945
26937102	4467977.5	5332542.0	7.2	115.64847964585016
26944055	4473471.5	5331618.0	10.05	102.7712667685594
26951903	4467452.0	5335273.0	17.14	-351.0872452833965
26981940	4468909.5	5338644.5	3.12	-349.9675813658827
26992920	4464748.0	5331573.0	4.86	72.9944746893336
26995486	4469023.5	5336892.5	5.28	-341.0687590010938
27005815	4465979.5	5331786.5	2.33	-366.0524055091033
27006342	4463745.5	5333145.5	16.45	-378.3963420897304
27008203	4471997.5	5335002.5	12.46	115.72674155814946
27010231	4468337.0	5335055.5	11.25	-341.1123371065629
27010232	4468337.0	5335055.5	2.99	-324.32295161220827
27021081	4468061.0	5336303.0	1.86	-327.4790441400098
27030498	4468127.0	5338083.0	0.0	-43.28177021903831
27050544	4466967.0	5330646.0	9.46	99.1081039044541
27051499	4471095.0	5338383.5	0.0	-338.8196600718098
27056719	4468906.5	5338713.0	0.88	121.2880924269675
27059728	4471089.0	5338499.0	14.55	84.45492524468821
27073240	4460777.0	5338508.5	75.25	101.73570360987189
27076531	4465518.5	5331647.5	10.1	-328.9538861859181
27078343	4468496.0	5336122.5	13.92	124.75004240979908
27092681	4470253.0	5331092.0	9.16	-322.00880925526184
27120453	4468242.0	5331308.5	6.99	-315.6435985240321
27139995	4464242.0	5334301.0	28.99	106.92913935923164
27149052	4465391.5	5333085.5	13.64	-370.8645549728751
27155595	4469105.0	5331143.0	9.99	-324.7844165582072
27166063	4468829.5	5336736.5	5.06	115.61653205019988
27169370	4466531.5	5330599.0	2.52	2.512122374047152
27178172	4467438.5	5335238.0	23.7	-322.9191866844473
27181130	4472918.0	5332151.0	38.03	-332.52348941125035
27190372	4467551.5	5336592.5	6.51	107.71868024388719
27207355	4465229.5	5330842.5	11.97	102.45614573353335
27217556	4466478.5	5330608.0	8.26	-325.5756558963586
27288123	4467984.5	5340916.5	3.28	89.03825496366
27348893	4468630.0	5331510.5	9.71	-317.2482459898608
27357049	4463311.0	5333854.5	0.0	107.14514048346432
27379595	4468906.5	5338713.0	20.7	122.63039681007857
27382060	4471103.0	5338292.5	9.82	122.55104242890242
27395057	4464990.0	5328944.5	6.19	70.72328303972967
27397893	4468885.5	5338839.0	7.63	116.43146831368101
27410516	4467613.771839603	5331527.293134543	2.97	-327.2238129779141
27437561	4463179.0	5333657.5	5.93	-338.3788903772171
27445225	4466570.0	5334563.5	11.17	68.48056558457279
27452087	4469270.0	5337375.5	15.59	-317.99765523804746
27461086	4465935.5	5331231.5	16.93	97.12897443959103
27468661	4471092.5	5338541.0	6.24	-323.60859889332824
27469913	4467409.5	5331590.5	12.25	-345.8263238707654
27472250	4465787.0	5333325.5	1.64	117.6400506944259
27493290	4464990.0	5328944.5	10.71	120.24515132791038
27502283	4469282.643137026	5330345.265639693	8.11	-332.4063783146763
27502285	4469282.643137026	5330345.265639693	8.11	-336.7556607351305
27518969	4468210.0	5340888.0	21.37	-328.77759179330553
27524777	4459616.5	5334427.0	27.34	94.49289607186313
27526704	4466837.0	5334703.0	16.56	-384.2411327514487
27548451	4466059.0	5333264.0	23.53	-316.1809302057843
27564566	4465979.5	5331786.5	5.74	88.28644987841373
27570300	4468636.0	5332758.0	30.74	-332.70578818095953
27571220	4468683.0	5331437.5	16.26	-421.90016080977466
27578650	4461312.0	5338577.5	0.0	-336.0985388207268
27579935	4468653.0	5331453.5	1.61	62.95838158947413
27581443	4468906.5	5338713.0	7.65	-389.79600176006505
27581445	4468906.5	5338713.0	7.65	119.08599886652965
27583167	4464144.5	5337829.5	5.51	116.86955001807239
27609177	4464748.0	5331573.0	2.4	-326.362106154362
27611477	4468630.0	5331510.5	0.0	-328.9603837944416
27619637	4469384.0	5330315.0	5.4	-321.25755933450756
27619640	4469384.0	5330315.0	12.38	-409.50427440323307
27636011	4467399.0	5335436.5	10.74	-347.34662550578696
27669776	4468596.0	5332795.0	12.89	-327.465253373593
27669894	4461335.5	5328364.0	5.55	-340.3864949315668
27694315	4473015.5	5331940.5	1.72	114.84032543666893
27695237	4469742.0	5332238.5	6.38	-319.5202882479389
27711422	4471092.5	5338541.0	16.35	-332.9972842408134
27714563	4467438.5	5335238.0	5.36	-321.1972521208657
27724934	4468993.0	5331098.0	8.52	48.36094481986851
27820616	4468490.5	5332390.5	3.03	-386.8025931013912
27820663	4466872.5	5331952.0	13.16	103.79661192070515
27837361	4459616.5	5334427.0	27.34	115.28629982657576
27859526	4467849.0	5335203.0	6.23	58.921760585987116
27878663	4468142.5	5336143.0	9.66	-347.78977286708897
27880711	4467699.5	5337129.0	2.76	-313.8224940933253
27885453	4467699.5	5337129.0	23.68	-325.95482224026256
27889513	4463155.0	5333658.5	2.64	103.70451828543644
27901678	4467585.0	5331511.5	9.16	114.29091230057645
27909088	4461156.0	5327915.0	11.59	54.45727712190093
27916966	4468626.0	5332805.0	5.42	-333.18538170984255
27936841	4468833.0	5332710.0	9.02	55.849241625525636
27937195	4471754.0	5331637.5	0.0	121.88428013107922
27941778	4470930.5	5333345.0	12.3	-334.3092380874625
27946745	4467949.5	5331996.0	12.59	87.63159219352714
27981722	4469394.5	5330311.5	4.73	-322.12197891684207
28008795	4459932.0	5334202.5	3.81	113.60917691428692
28008802	4459932.0	5334202.5	3.81	-338.87929666475185
28014482	4468974.0	5336508.0	13.66	-344.19279672987227
28021585	4471103.0	5338292.5	9.69	-321.5579010669478
28021892	4466478.0	5330591.0	10.06	-328.5284883134623
28038048	4469835.5	5332107.0	11.92	-398.46148863142963
28052230	4468756.5	5329731.0	9.25	-323.181565647536
28068296	4466478.0	5330591.0	13.73	106.0994031219374
28076797	4458045.5	5335036.5	1.27	122.26276637165479
28111597	4473180.5	5337142.5	19.44	121.79529406131225
28124925	4464748.0	5331573.0	5.88	122.5982165386306
28149915	4467311.0	5336582.0	5.63	63.53380160402602
28150949	4466028.0	5334513.5	46.95	114.46749544141244
28151723	4467409.5	5331590.5	14.04	-343.13939479333743
28154652	4467409.5	5331590.5	5.78	120.4425571447969
28161672	4469168.5	5331107.5	5.36	-337.2764718072647
28168859	4467872.5	5332302.0	14.84	-385.70202772442565
28168860	4467872.5	5332302.0	11.41	-317.97068946798737
28170067	4469128.0	5331131.5	2.97	-340.4106144716169
28176764	4471090.0	5331028.5	13.59	-318.8377021854409
28254074	4468630.0	5331510.5	15.92	-326.19203760447107
28304073	4467335.0	5334291.5	6.77	103.82942528162722
28338904	4469060.5	5337354.0	8.38	107.11551018517727
28339980	4469608.0	5328811.5	8.15	123.21074450735624
28347468	4468658.0	5332620.5	3.33	-368.1250070184387
28517561	4467754.0	5337113.0	12.08	-349.6984059438286
28560801	4469632.5	5331709.0	3.42	-325.21595146570985
28563090	4467699.5	5337129.0	0.0	-343.8190888505229
28581372	4469074.5	5331287.5	7.56	91.24129181292487
28588940	4465941.0	5336093.5	3.3	-369.7935817225722
28600679	4468384.5	5335173.0	45.67	-358.8295650785996
28600680	4468384.5	5335173.0	45.67	-364.9050138581085
28625941	4469168.5	5331107.5	3.95	-334.0460901135771
28629970	4463746.0	5332915.5	2.66	-480.79938173335955
28661153	4467952.5	5330437.0	9.55	-315.78595694409984
28662617	4468833.0	5332710.0	0.0	-353.95593559903136
28665783	4466830.0	5334689.5	6.9	-325.0085739108567
28677063	4463728.5	5333569.0	6.14	-339.28939082687555
28686595	4468905.0	5337504.5	13.02	84.67362662294235
28704786	4469012.5	5336665.5	13.85	97.75721714456229
28709493	4467335.0	5334291.5	0.87	-319.28947118768656
28720334	4468845.5	5332726.5	8.16	-342.7750368566025
28721633	4467409.5	5331590.5	15.95	-332.3416510433249
28751477	4468653.0	5331453.5	6.71	-322.4496964045232
28769279	4467909.0	5335529.0	1.67	-323.93407896867797
28794839	4467452.0	5335273.0	2.18	-337.42492546810496
28825607	4468439.0	5335371.0	3.19	-393.4439879959428
28856788	4472948.5	5329238.5	6.1	-337.94693707630927
28869916	4469405.5	5330308.0	4.76	104.26899532517908
28919026	4470984.0	5333230.5	10.16	-480.7012531264183
28920154	4468234.5	5338490.0	19.69	78.72877573709908
28923301	4466270.0	5333265.0	8.09	97.18311089452357
28932186	4468234.5	5338490.0	11.96	-320.1911879865837
28960673	4470984.0	5333230.5	10.16	-343.537423300874
29017550	4473507.804077431	5329195.598606492	16.74	123.81837828932181
29040308	4469004.5	5336202.5	11.65	51.464158874797754
29053336	4464956.0	5331088.0	0.25	74.48128547183867
29058491	4470984.0	5333230.5	3.16	-346.5029662927257
29130643	4465459.779596	5335060.417838222	32.41	85.66254262079858
29150141	4467440.0	5332485.0	0.27	-310.3262792004038
29183476	4467714.0	5335766.0	9.28	-310.86586528983025
29189504	4468351.5	5330850.0	6.73	-328.37793488534425
29189507	4468351.5	5330850.0	6.73	54.17911739432062
29281011	4468795.5	5332710.5	10.78	-329.2588219454591
29312807	4473289.0	5330207.0	5.75	71.97762569571458
29312809	4473289.0	5330207.0	5.75	-328.81432924439144
29313639	4468127.5	5330975.5	15.16	113.68009979730537
29374788	4466125.5	5331315.0	11.98	125.26021920458626
29414923	4466478.0	5330591.0	6.7	-324.5497490791867
29420913	4473289.0	5330207.0	25.39	-318.33582247751286
29507668	4467399.0	5335436.5	29.92	-328.6513147880464
29549838	4467388.0	5334874.0	4.65	82.45436820833372
29550622	4471089.0	5338499.0	5.23	78.53923472056354
29553323	4468102.0	5336295.5	9.99	-326.42784170465734
29597072	4470867.5	5333320.5	24.25	-322.9660055879835
29610543	4469263.0	5330380.0	7.68	-362.5599756295807
29612570	4472830.5	5328909.0	3.36	115.10610195043216
29700592	4465854.0	5336212.5	19.62	-327.57246654441167
29732087	4469394.5	5330311.5	2.35	-330.5944436377656
29776267	4473194.0	5327530.5	11.64	111.63492410577942
29838166	4470984.0	5333230.5	20.2	-321.2536670218242
29874702	4463293.381195606	5327024.510790658	7.56	-326.6111508312859
29874703	4463293.381195606	5327024.510790658	7.76	114.51146180876908
29884705	4465817.5	5333319.0	2.48	-375.63223032500673
29888398	4468653.0	5331453.5	6.0	-354.69685244368816
29892267	4468970.5	5336485.0	0.0	-340.45125512746205
30961056	4459749.5	5334013.5	5.75	-408.81416008679685
31066366	4470224.158412783	5327912.781712351	7.91	55.6096967655592
31309706	4463609.0	5337459.5	11.8	-352.58489607096504
31420149	4465664.0	5333065.0	0.37	49.46173060089486
31502089	4476696.817853239	5332329.524098559	8.42	-456.306801220044
31574958	4465785.5	5331948.5	6.86	-310.5800379261378
31882953	4472951.84800671	5336549.153881004	12.32	118.66723896521273
31882954	4472951.84800671	5336549.153881004	6.32	-18.875372759535978
32083237	4468384.5	5335173.0	8.68	-361.20502795255436
32107184	4466125.5	5331315.0	17.33	-324.761936993992
32265607	4471089.0	5338499.0	12.93	115.45376854962976
32289422	4459932.0	5334202.5	1.3	69.35219343971312
32367789	4467298.5	5334310.5	9.14	-362.61449032730434
32674453	4466901.5	5331929.5	20.09	-320.36686221793093
32837292	4469416.5	5330305.0	7.87	115.9353605587597
32840598	4468210.0	5340888.0	13.06	-347.8615498015985
32847487	4465305.0	5334825.0	8.57	115.6474624934116
32922029	4466478.0	5330591.0	4.84	105.33737560474205
32950700	4473121.3008332	5327551.300426523	2.18	-353.78297449373554
33178899	4468653.0	5337009.0	8.17	108.15002091539424
33224363	4467682.697158245	5333223.466212646	18.1	-320.45630382057425
33250299	4468806.0	5332729.5	2.78	-338.1508997376642
33490036	4469023.5	5336892.5	11.28	-384.4004035445436
33624130	4468817.5	5330665.5	16.26	-323.44933703703913
33753371	4467514.5	5334534.5	2.19	-310.5263688624997
33804623	4468800.0	5336911.5	7.26	75.38144407077738
34356365	4468822.0	5332694.5	0.77	-335.32658247287543
34462705	4467438.5	5335238.0	7.04	-327.2703437356584
34617832	4469307.974753411	5331583.420360487	7.52	120.86071096611529
34668948	4469189.5	5338582.5	11.5	79.46698376245598
34693504	4461297.880543533	5338516.778198144	15.63	122.4402042658095
34836079	4467943.0	5335173.0	11.55	55.26253750393845
34839634	4471026.0	5333248.0	6.36	-370.0939498958154
34898743	4468810.5	5329973.5	21.92	-324.43676956110437
34974198	4465854.0	5336212.5	2.54	-328.2116171237413
35031325	4464280.5	5333585.5	11.85	-317.2942806196994
35207267	4468821.5	5331941.0	9.93	-334.53472568383194
