ID	X	Y	VOT	Score
26531737	4465991.5	5334462.5	11.52	-329.98675224451665
26628524	4467546.5	5336612.5	16.73	84.6136937281788
26675332	4466028.0	5334513.5	11.43	96.1003039932553
26675333	4466028.0	5334513.5	6.2	-427.41029722241467
26691130	4468232.5	5331538.5	12.2	35.510122994902574
26691261	4466125.5	5331315.0	4.29	-329.7356268157339
26695508	4461480.244433429	5338532.586668897	7.08	99.90873726803183
26695510	4461480.244433429	5338532.586668897	11.26	-342.77897311114793
26696719	4470141.946517644	5338581.665843665	3.77	-337.706855193431
26696722	4470141.946517644	5338581.665843665	3.77	-337.4724466030263
26699107	4468894.5	5330459.0	5.98	-332.5439749956071
26707097	4461664.5	5334198.0	20.78	80.71929210249156
26712590	4471321.0	5331052.0	13.75	96.24724004746211
26716528	4469009.0	5336631.5	7.34	-329.65466400632744
26725247	4465437.5	5331002.5	6.06	-312.81676456160176
26733462	4467439.0	5333852.5	0.22	-337.12953669812447
26733464	4467439.0	5333852.5	2.81	-380.9506057503471
26736654	4466113.5	5330989.5	1.61	-342.6216905408204
26738200	4477755.5	5332633.0	13.17	106.32723294700534
26738201	4477755.5	5332633.0	13.17	-347.2376594592606
26746881	4468636.0	5332758.0	3.18	-339.27814131511275
26754953	4474432.5	5329183.5	1.05	116.94589496950283
26768583	4465316.0	5334906.5	0.26	118.01373783719832
26768742	4468821.5	5331415.5	3.58	-319.27278874506555
26771946	4467227.5	5331512.0	35.52	-322.60420077623246
26785687	4468909.5	5338644.5	11.38	121.96723609807154
26790583	4466824.0	5334674.0	11.48	-328.51880040464556
26792878	4467594.0	5337378.0	26.35	-328.42306786792716
26793058	4464242.0	5334301.0	5.52	110.37577117559805
26793155	4471535.5	5331094.0	12.33	-323.4800220493031
26795573	4468640.5	5331483.5	4.29	-326.05564730708636
26795596	4466610.5	5330431.0	6.75	103.64236295746196
26800101	4469270.0	5337375.5	1.28	-327.52357691658324
26800722	4467714.0	5335766.0	22.68	92.6562521636613
26803144	4468232.5	5331538.5	18.03	115.66778512639691
26808788	4467964.5	5332576.5	6.43	125.38943072089184
26814681	4465935.5	5331231.5	14.0	-326.81794647421503
26831629	4461085.5	5338406.0	4.25	-323.76359783487055
26835484	4463734.5	5333500.5	3.66	-337.3914571533249
26841256	4471535.5	5331094.0	8.15	122.93019734981961
26844301	4467135.5	5331531.5	21.2	32.696119117340366
26845977	4473152.5	5327487.0	19.33	121.64728995496367
26863191	4473180.0	5337125.0	28.4	90.31556795558413
26871562	4468234.5	5338490.0	0.37	124.26809703173845
26877526	4462270.5	5331292.0	8.21	116.99287008765077
26880577	4465375.5	5334837.5	0.0	-319.9289553722663
26880919	4467984.5	5340916.5	10.64	-381.91485190786875
26886278	4468276.0	5336384.0	0.0	-338.96386648429643
26914028	4473289.0	5330207.0	8.42	116.1818533689001
26917075	4467872.5	5332302.0	5.48	-319.9614433291817
26920892	4468423.0	5338197.0	4.28	-343.55996909720665
26921647	4468623.226487304	5332790.492403411	7.37	-319.5506916476596
26922780	4466901.5	5331929.5	15.49	94.04766262105794
26933106	4470918.5	5333071.5	8.83	118.53096269419174
26933791	4469039.0	5336672.0	9.28	-363.37277824072686
26934003	4468102.0	5336295.5	9.59	101.13286226020159
26936899	4464163.5	5333523.5	11.55	-336.2392251324432
26941387	4468475.5	5336535.0	13.0	83.29534586709552
26986814	4477319.197888911	5332827.204381688	6.94	114.67765145671457
26995486	4469023.5	5336892.5	5.28	-341.0687590010938
27003666	4466769.5	5331887.5	4.0	117.82278582611399
27006342	4463745.5	5333145.5	16.45	-378.3963420897304
27014091	4464345.0	5333378.5	8.61	-318.14661374573467
27030498	4468127.0	5338083.0	0.0	-43.28177021903831
27050544	4466967.0	5330646.0	9.46	99.1081039044541
27051499	4471095.0	5338383.5	0.0	-338.8196600718098
27055239	4457922.5	5334289.0	0.0	-333.50189609102466
27056719	4468906.5	5338713.0	0.88	121.2880924269675
27088366	4461365.0	5327794.5	12.63	112.57046482498889
27092681	4470253.0	5331092.0	9.16	-322.00880925526184
27104043	4461482.0	5338498.0	26.85	-336.5440420450184
27117598	4469382.5	5330283.5	10.2	-345.59088732849114
27120453	4468242.0	5331308.5	6.99	-315.6435985240321
27138950	4466081.5	5336125.0	0.0	-383.7369033268372
27145930	4467984.5	5340916.5	6.32	60.74188237798962
27166063	4468829.5	5336736.5	5.06	115.61653205019988
27169370	4466531.5	5330599.0	2.52	2.512122374047152
27179424	4466545.0	5332108.0	0.34	-330.0603915496528
27181130	4472918.0	5332151.0	38.03	-332.52348941125035
27190372	4467551.5	5336592.5	6.51	107.71868024388719
27210770	4470867.5	5333320.5	4.58	-330.0460974360012
27217556	4466478.5	5330608.0	8.26	-325.5756558963586
27221300	4463871.5	5333374.5	7.99	86.04315150152206
27241425	4468906.5	5338713.0	3.37	-345.41411421404155
27248587	4473100.5	5327918.5	7.62	-332.5178000053952
27277649	4463728.5	5333569.0	10.94	-346.2188824152724
27308508	4463746.0	5332915.5	11.38	-369.9903196396057
27308809	4465437.0	5335615.0	7.82	88.39185144843091
27339817	4468957.5	5336822.0	3.7	-339.2868907834718
27348893	4468630.0	5331510.5	9.71	-317.2482459898608
27349417	4465935.5	5331231.5	6.47	39.77043541020499
27379595	4468906.5	5338713.0	20.7	122.63039681007857
27382060	4471103.0	5338292.5	9.82	122.55104242890242
27388060	4468630.0	5331510.5	12.55	-345.02590725593126
27397893	4468885.5	5338839.0	7.63	116.43146831368101
27397896	4468885.5	5338839.0	7.63	-358.71159672888837
27401241	4470967.5	5333084.0	14.74	-398.99128393222907
27445225	4466570.0	5334563.5	11.17	68.48056558457279
27452087	4469270.0	5337375.5	15.59	-317.99765523804746
27468418	4467183.5	5334585.5	5.97	-329.53448188434106
27468661	4471092.5	5338541.0	6.24	-323.60859889332824
27482016	4462938.0	5332958.5	14.28	120.97034195416906
27493290	4464990.0	5328944.5	10.71	120.24515132791038
27501479	4468885.5	5338839.0	1.82	118.12380716338723
27501481	4468885.5	5338839.0	1.82	81.74106338520895
27518969	4468210.0	5340888.0	21.37	-328.77759179330553
27526704	4466837.0	5334703.0	16.56	-384.2411327514487
27528349	4471854.0	5334089.0	10.66	115.04304329839508
27548451	4466059.0	5333264.0	23.53	-316.1809302057843
27555496	4462494.0	5333793.5	9.07	97.92783931487678
27564566	4465979.5	5331786.5	5.74	88.28644987841373
27564862	4468384.5	5335173.0	58.17	-401.59236645964637
27570300	4468636.0	5332758.0	30.74	-332.70578818095953
27574320	4468829.5	5336736.5	10.17	118.87804384169526
27578650	4461312.0	5338577.5	0.0	-336.0985388207268
27579935	4468653.0	5331453.5	1.61	62.95838158947413
27581443	4468906.5	5338713.0	7.65	-389.79600176006505
27581444	4468906.5	5338713.0	9.58	115.06839149737857
27581445	4468906.5	5338713.0	7.65	119.08599886652965
27591662	4471045.5	5330900.5	30.92	83.70841150936653
27593845	4469002.716252889	5336292.327611374	11.97	-329.60328891590365
27609177	4464748.0	5331573.0	2.4	-326.362106154362
27619637	4469384.0	5330315.0	5.4	-321.25755933450756
27629076	4463320.5	5333794.5	12.55	81.83172226822049
27633340	4466819.0	5333120.0	0.0	-394.12171691741037
27635061	4463211.0	5333726.5	4.6	76.71855588973416
27635062	4463211.0	5333726.5	6.3	52.736941331275375
27669894	4461335.5	5328364.0	5.55	-340.3864949315668
27678044	4467520.0	5331574.5	3.7	-321.3188910309898
27679380	4468946.0	5330774.5	9.31	-326.9947705723285
27695237	4469742.0	5332238.5	6.38	-319.5202882479389
27700195	4468845.5	5332726.5	0.27	-332.4863993154745
27704722	4471090.0	5331028.5	6.12	-336.13909249899973
27711422	4471092.5	5338541.0	16.35	-332.9972842408134
27714563	4467438.5	5335238.0	5.36	-321.1972521208657
27723100	4467179.0	5334557.5	16.01	-334.30690512135516
27724934	4468993.0	5331098.0	8.52	48.36094481986851
27740258	4469168.5	5331107.5	9.03	74.69101969925646
27745497	4466080.5	5334603.5	2.39	112.99847523425382
27796219	4468234.5	5338490.0	11.99	-311.16416528190643
27820663	4466872.5	5331952.0	13.16	103.79661192070515
27858928	4468577.0	5336654.5	14.98	54.92146298424277
27860837	4470389.5	5331040.0	8.9	-323.6965715214886
27878009	4464214.0	5333580.0	11.67	-345.23739698603106
27878010	4464214.0	5333580.0	11.67	-365.6235447095032
27878391	4465210.04474559	5330848.158009368	11.95	-349.31414281871537
27880711	4467699.5	5337129.0	2.76	-313.8224940933253
27884174	4468821.5	5331941.0	21.6	-320.2036534435817
27885453	4467699.5	5337129.0	23.68	-325.95482224026256
27905719	4466824.0	5334674.0	13.11	-351.85082273878993
27909088	4461156.0	5327915.0	11.59	54.45727712190093
27916969	4468626.0	5332805.0	5.42	-365.8171230112574
27929545	4461724.5	5328125.0	7.08	36.55464848155546
27936841	4468833.0	5332710.0	9.02	55.849241625525636
27937195	4471754.0	5331637.5	0.0	121.88428013107922
27941963	4467515.786013415	5331569.758670841	0.0	-333.29686619628393
27981722	4469394.5	5330311.5	4.73	-322.12197891684207
28003750	4465045.5	5329165.5	9.54	-334.4014507663392
28008802	4459932.0	5334202.5	3.81	-338.87929666475185
28021587	4471103.0	5338292.5	9.69	-335.38813004283134
28021892	4466478.0	5330591.0	10.06	-328.5284883134623
28021956	4467329.0	5334327.0	8.27	77.84525811640304
28053912	4473100.5	5327918.5	6.56	123.53090975233194
28071943	4468987.0	5331267.0	10.67	-333.6735394011297
28076797	4458045.5	5335036.5	1.27	122.26276637165479
28078672	4466028.0	5334513.5	6.37	120.56109851748586
28100296	4464163.5	5333523.5	6.13	-327.892933162944
28111597	4473180.5	5337142.5	19.44	121.79529406131225
28121110	4465266.0	5330841.5	1.99	-339.65281909576356
28121111	4465266.0	5330841.5	129.3	-332.7160562114324
28144216	4467640.0	5332727.0	20.17	-324.0452602920973
28151382	4465515.0	5330759.5	24.61	-321.0166329688923
28154651	4467409.5	5331590.5	5.78	-343.45658174512687
28154652	4467409.5	5331590.5	5.78	120.4425571447969
28161672	4469168.5	5331107.5	5.36	-337.2764718072647
28168860	4467872.5	5332302.0	11.41	-317.97068946798737
28171453	4468829.5	5336736.5	1.67	-354.08784871645895
28176452	4466872.5	5331952.0	15.95	-330.6688660949213
28176454	4466872.5	5331952.0	6.88	-312.3124948070055
28176764	4471090.0	5331028.5	13.59	-318.8377021854409
28196934	4468829.5	5336736.5	0.07	-377.4992502125104
28216613	4469214.5	5332287.0	5.51	-327.92601919164633
28218398	4468626.0	5332805.0	32.77	-331.8642437257324
28254072	4468630.0	5331510.5	15.92	-362.4426358792239
28254074	4468630.0	5331510.5	15.92	-326.19203760447107
28257959	4465460.0	5330757.5	1.72	-359.7570769308375
28338904	4469060.5	5337354.0	8.38	107.11551018517727
28342043	4469012.5	5336665.5	12.3	125.43030583481243
28347468	4468658.0	5332620.5	3.33	-368.1250070184387
28352417	4467520.0	5331574.5	5.88	-423.2389518605828
28416528	4468197.0	5335935.0	24.58	98.89414752679455
28439751	4467409.5	5331590.5	15.95	90.03041494221549
28479717	4461099.5	5328211.0	3.19	111.53676299391807
28506439	4468635.0	5332769.5	5.46	-335.6372241957322
28506440	4468635.0	5332769.5	5.46	-322.56554358937626
28517648	4467439.0	5333852.5	15.43	-349.99654647747525
28546281	4466570.0	5334563.5	0.25	80.73040553602557
28560815	4468630.0	5331510.5	16.17	-423.7721654626591
28563789	4472918.0	5332151.0	4.13	-329.4722845129495
28581141	4473152.5	5327487.0	13.94	-333.2807649886263
28597553	4469263.0	5330380.0	11.72	-325.4053710773922
28600680	4468384.5	5335173.0	45.67	-364.9050138581085
28625941	4469168.5	5331107.5	3.95	-334.0460901135771
28631277	4468645.0	5330551.5	20.45	-324.9368495314463
28637895	4468140.5	5334976.5	4.19	-323.2365568668899
28637897	4468140.5	5334976.5	7.33	-314.8362405785349
28661153	4467952.5	5330437.0	9.55	-315.78595694409984
28663373	4468384.5	5335173.0	2.38	-347.0968069781854
28665783	4466830.0	5334689.5	6.9	-325.0085739108567
28670696	4468110.5	5336338.0	0.62	64.54915348773332
28674767	4465518.5	5331647.5	1.82	-320.99917771808964
28684560	4470176.5	5332511.0	4.54	-345.38009642966733
28704786	4469012.5	5336665.5	13.85	97.75721714456229
28709493	4467335.0	5334291.5	0.87	-319.28947118768656
28716384	4468462.5	5331330.0	0.0	-324.2579934753485
28721633	4467409.5	5331590.5	15.95	-332.3416510433249
28794839	4467452.0	5335273.0	2.18	-337.42492546810496
28799455	4467931.5	5336245.0	10.39	-334.6131691802451
28810916	4463647.0	5333363.5	11.65	111.16697518779779
28811623	4468143.0	5334936.0	12.38	-349.3108861256072
28894500	4459879.0	5333982.0	1.94	-332.4011880412218
28919026	4470984.0	5333230.5	10.16	-480.7012531264183
28920154	4468234.5	5338490.0	19.69	78.72877573709908
28923301	4466270.0	5333265.0	8.09	97.18311089452357
28926807	4463746.0	5332915.5	0.24	-334.8666451163955
28932186	4468234.5	5338490.0	11.96	-320.1911879865837
28952772	4471774.891192062	5331634.528666662	9.81	118.403149191749
28960673	4470984.0	5333230.5	10.16	-343.537423300874
29012704	4465665.5	5333077.0	1.84	119.83604448868523
29013791	4459864.0	5333954.0	6.05	-340.89359679255193
29017550	4473507.804077431	5329195.598606492	16.74	123.81837828932181
29020396	4470918.5	5333071.5	14.51	-348.53067724871056
29028763	4473289.0	5330207.0	12.07	122.6041966563722
29040308	4469004.5	5336202.5	11.65	51.464158874797754
29051260	4469039.0	5336672.0	15.27	-326.66462980698327
29052345	4461099.5	5328211.0	68.7	-347.47809598867786
29103673	4465914.0	5335738.5	7.16	115.57098028545862
29107755	4468522.0	5335417.5	8.49	-322.6537916534719
29130643	4465459.779596	5335060.417838222	32.41	85.66254262079858
29136330	4470412.5	5332426.0	16.8	-383.4004345993974
29149572	4466824.0	5334674.0	13.11	-327.1709735925892
29150141	4467440.0	5332485.0	0.27	-310.3262792004038
29162313	4468462.5	5331330.0	2.33	121.77877763177541
29192138	4470560.308541009	5328401.650834243	21.45	120.4363319671982
29197333	4463203.0	5333657.5	32.16	-371.9592427289452
29279706	4468159.563782515	5334969.546981667	3.38	-328.0232306100592
29312807	4473289.0	5330207.0	5.75	71.97762569571458
29312809	4473289.0	5330207.0	5.75	-328.81432924439144
29334495	4465535.5	5333012.0	0.0	-320.26697292319835
29366096	4469060.5	5337354.0	2.29	-341.87148024777855
29388617	4473289.0	5330207.0	14.52	111.96790039490344
29414923	4466478.0	5330591.0	6.7	-324.5497490791867
29420913	4473289.0	5330207.0	25.39	-318.33582247751286
29466384	4468454.5	5335369.5	13.01	-317.67380478581555
29507695	4468958.5	5330584.5	13.86	-328.9333142931791
29515595	4468987.0	5331267.0	10.67	-330.1781510280714
29530837	4468834.0	5329851.5	5.28	-341.93110650690227
29553139	4467705.0	5335257.5	15.89	-327.2565928816974
29567250	4473070.5	5329103.5	7.85	-344.07780849766533
29597072	4470867.5	5333320.5	24.25	-322.9660055879835
29610542	4469263.0	5330380.0	10.22	-324.2204662693882
29612570	4472830.5	5328909.0	3.36	115.10610195043216
29658514	4467977.5	5332542.0	1.17	-331.7403194266368
29659945	4468140.5	5334976.5	16.49	-325.54156669852534
29686701	4467459.0	5332271.0	0.86	37.278395025434925
29700592	4465854.0	5336212.5	19.62	-327.57246654441167
29744751	4465941.0	5336093.5	9.92	-368.9846402845488
29755413	4468210.0	5340888.0	13.06	120.98097299676655
29838398	4470911.611312586	5333090.102361757	6.75	-333.4926687228945
29866529	4469175.0	5336772.5	4.23	-316.3791342704765
29874657	4468102.0	5336295.5	16.95	114.66039637764503
29874702	4463293.381195606	5327024.510790658	7.56	-326.6111508312859
29874703	4463293.381195606	5327024.510790658	7.76	114.51146180876908
29892267	4468970.5	5336485.0	0.0	-340.45125512746205
30265930	4466160.5	5333202.5	3.69	-340.3699967425939
30437737	4473289.0	5330207.0	5.78	123.18387588527347
30961056	4459749.5	5334013.5	5.75	-408.81416008679685
31066366	4470224.158412783	5327912.781712351	7.91	55.6096967655592
31072036	4461105.5	5328208.5	33.17	105.80360458157287
31091681	4466566.0	5335100.5	5.66	-350.4550129621286
31128650	4468770.212437006	5331794.009112206	0.82	-318.69106453798196
31179974	4461216.240013853	5328377.452037881	4.58	-323.49307016426263
31224598	4469935.018746458	5338543.277878404	11.61	106.95408193733235
31250186	4472029.736904858	5331851.825860547	15.15	-346.4863869362539
31306889	4469214.5	5332287.0	6.27	-334.4119635057539
31502089	4476696.817853239	5332329.524098559	8.42	-456.306801220044
31574958	4465785.5	5331948.5	6.86	-310.5800379261378
31882953	4472951.84800671	5336549.153881004	12.32	118.66723896521273
31882954	4472951.84800671	5336549.153881004	6.32	-18.875372759535978
31996068	4469039.0	5336672.0	11.72	-336.93570160999377
32068276	4468653.0	5337009.0	11.86	-330.25860227359397
32107184	4466125.5	5331315.0	17.33	-324.761936993992
32153781	4464144.5	5337829.5	0.0	-332.2758478809494
32289422	4459932.0	5334202.5	1.3	69.35219343971312
32394521	4461094.0	5328213.5	5.61	-348.99349112325194
32414409	4461100.0	5328149.5	25.73	117.68151426286717
32582061	4469168.5	5331107.5	8.64	-342.5771895395855
32674453	4466901.5	5331929.5	20.09	-320.36686221793093
32742232	4468839.5	5330425.5	3.73	-346.6385074599583
32742233	4468839.5	5330425.5	1.0	-338.66334862821793
32796888	4466837.0	5334703.0	6.55	88.02231576326227
32796891	4466837.0	5334703.0	15.03	-325.8748862500461
32840598	4468210.0	5340888.0	13.06	-347.8615498015985
32870411	4473194.0	5327530.5	11.64	-371.3980810024858
32921140	4471026.0	5333248.0	34.37	-329.2860141265197
32922029	4466478.0	5330591.0	4.84	105.33737560474205
32948392	4467696.5	5337109.5	12.82	-347.56505358354457
32950700	4473121.3008332	5327551.300426523	2.18	-353.78297449373554
33008747	4467452.0	5335273.0	9.68	-335.682390599749
33033874	4468810.5	5329973.5	27.98	-331.12722544136756
33046421	4468806.0	5332729.5	0.87	-325.91743852268513
33141345	4467440.0	5332485.0	8.06	-335.62653103817826
33224363	4467682.697158245	5333223.466212646	18.1	-320.45630382057425
33262080	4467409.5	5331590.5	0.0	-351.87605780425
33624130	4468817.5	5330665.5	16.26	-323.44933703703913
33681734	4459843.5	5333982.0	0.0	106.31200254285747
33753371	4467514.5	5334534.5	2.19	-310.5263688624997
33777885	4472043.0	5332441.5	12.39	-311.0345270830897
34013823	4468599.0	5332780.5	4.76	-21.770526699817204
34448095	4468263.0	5331403.5	11.53	-369.363269680458
34462705	4467438.5	5335238.0	7.04	-327.2703437356584
34477979	4470253.0	5331092.0	7.96	-340.82571863671785
34477980	4470253.0	5331092.0	12.26	113.3558486884185
34617832	4469307.974753411	5331583.420360487	7.52	120.86071096611529
34693504	4461297.880543533	5338516.778198144	15.63	122.4402042658095
34731144	4461094.0	5328213.5	20.93	-379.21546049798974
34751921	4468999.5	5335694.5	12.28	-345.4386169746199
34793533	4459842.5	5333954.5	3.08	124.25075330217933
34864815	4466563.858133222	5334853.944153515	32.49	115.98837064131288
34889448	4468546.5	5332862.0	8.15	122.90458176031184
35031325	4464280.5	5333585.5	11.85	-317.2942806196994
35171953	4471591.5	5333432.0	9.07	91.44767571442864
