time	time	departures_all	arrivals_all	stuck_all	en-route_all	departures_access_walk_tw	arrivals_access_walk_tw	stuck_access_walk_tw	en-route_access_walk_tw	departures_bike	arrivals_bike	stuck_bike	en-route_bike	departures_car	arrivals_car	stuck_car	en-route_car	departures_egress_walk_tw	arrivals_egress_walk_tw	stuck_egress_walk_tw	en-route_egress_walk_tw	departures_pt	arrivals_pt	stuck_pt	en-route_pt	departures_twoway_vehicle	arrivals_twoway_vehicle	stuck_twoway_vehicle	en-route_twoway_vehicle	departures_walk	arrivals_walk	stuck_walk	en-route_walk
00:00:00	0	2	0	0	2	0	0	0	0	0	0	0	0	2	0	0	2	0	0	0	0	0	0	0	0	0	0	0	0	0	0	0	0
00:05:00	300	1	0	0	3	0	0	0	0	0	0	0	0	0	0	0	2	0	0	0	0	0	0	0	0	0	0	0	0	1	0	0	1
00:10:00	600	1	1	0	3	0	0	0	0	0	0	0	0	1	1	0	2	0	0	0	0	0	0	0	0	0	0	0	0	0	0	0	1
00:15:00	900	0	0	0	3	0	0	0	0	0	0	0	0	0	0	0	2	0	0	0	0	0	0	0	0	0	0	0	0	0	0	0	1
00:20:00	1200	2	2	0	3	0	0	0	0	0	0	0	0	2	2	0	2	0	0	0	0	0	0	0	0	0	0	0	0	0	0	0	1
00:25:00	1500	2	1	0	4	1	0	0	1	0	0	0	0	1	1	0	2	0	0	0	0	0	0	0	0	0	0	0	0	0	0	0	1
00:30:00	1800	1	2	0	3	0	1	0	0	0	0	0	0	0	1	0	1	0	0	0	0	0	0	0	0	1	0	0	1	0	0	0	1
00:35:00	2100	0	1	0	2	0	0	0	0	0	0	0	0	0	0	0	1	0	0	0	0	0	0	0	0	0	1	0	0	0	0	0	1
00:40:00	2400	1	0	0	3	0	0	0	0	0	0	0	0	0	0	0	1	0	0	0	0	0	0	0	0	0	0	0	0	1	0	0	2
00:45:00	2700	1	0	0	4	0	0	0	0	0	0	0	0	1	0	0	2	0	0	0	0	0	0	0	0	0	0	0	0	0	0	0	2
00:50:00	3000	2	1	0	5	0	0	0	0	0	0	0	0	2	1	0	3	0	0	0	0	0	0	0	0	0	0	0	0	0	0	0	2
00:55:00	3300	1	0	0	6	0	0	0	0	0	0	0	0	1	0	0	4	0	0	0	0	0	0	0	0	0	0	0	0	0	0	0	2
01:00:00	3600	1	3	0	4	0	0	0	0	0	0	0	0	0	3	0	1	0	0	0	0	1	0	0	1	0	0	0	0	0	0	0	2
01:05:00	3900	1	0	0	5	0	0	0	0	0	0	0	0	1	0	0	2	0	0	0	0	0	0	0	1	0	0	0	0	0	0	0	2
01:10:00	4200	2	2	0	5	0	0	0	0	0	0	0	0	1	2	0	1	0	0	0	0	0	0	0	1	0	0	0	0	1	0	0	3
01:15:00	4500	2	0	0	7	0	0	0	0	0	0	0	0	2	0	0	3	0	0	0	0	0	0	0	1	0	0	0	0	0	0	0	3
01:20:00	4800	0	0	0	7	0	0	0	0	0	0	0	0	0	0	0	3	0	0	0	0	0	0	0	1	0	0	0	0	0	0	0	3
01:25:00	5100	3	2	0	8	0	0	0	0	0	0	0	0	3	2	0	4	0	0	0	0	0	0	0	1	0	0	0	0	0	0	0	3
01:30:00	5400	2	1	0	9	0	0	0	0	0	0	0	0	2	1	0	5	0	0	0	0	0	0	0	1	0	0	0	0	0	0	0	3
01:35:00	5700	1	3	0	7	0	0	0	0	0	0	0	0	1	3	0	3	0	0	0	0	0	0	0	1	0	0	0	0	0	0	0	3
01:40:00	6000	3	1	0	9	1	1	0	0	0	0	0	0	1	0	0	4	0	0	0	0	0	0	0	1	1	0	0	1	0	0	0	3
01:45:00	6300	2	2	0	9	1	0	0	1	0	0	0	0	1	2	0	3	0	0	0	0	0	0	0	1	0	0	0	1	0	0	0	3
01:50:00	6600	3	4	0	8	0	1	0	0	0	0	0	0	1	1	0	3	0	0	0	0	0	0	0	1	1	1	0	1	1	1	0	3
01:55:00	6900	3	1	0	10	1	0	0	1	1	0	0	1	0	1	0	2	0	0	0	0	0	0	0	1	1	0	0	2	0	0	0	3
02:00:00	7200	8	5	0	13	1	2	0	0	0	1	0	0	4	1	0	5	1	0	0	1	0	0	0	1	2	1	0	3	0	0	0	3
02:05:00	7500	4	3	0	14	2	0	0	2	1	0	0	1	1	1	0	5	0	1	0	0	0	0	0	1	0	1	0	2	0	0	0	3
02:10:00	7800	4	2	0	16	1	0	0	3	0	0	0	1	3	1	0	7	0	0	0	0	0	0	0	1	0	1	0	1	0	0	0	3
02:15:00	8100	4	4	0	16	0	1	0	2	1	0	0	2	2	2	0	7	0	0	0	0	0	0	0	1	1	1	0	1	0	0	0	3
02:20:00	8400	9	3	0	22	1	2	0	1	1	0	0	3	5	1	0	11	0	0	0	0	0	0	0	1	2	0	0	3	0	0	0	3
02:25:00	8700	6	3	0	25	1	0	0	2	0	0	0	3	5	2	0	14	0	0	0	0	0	0	0	1	0	1	0	2	0	0	0	3
02:30:00	9000	4	7	0	22	1	1	0	2	0	0	0	3	2	5	0	11	0	0	0	0	0	0	0	1	1	1	0	2	0	0	0	3
02:35:00	9300	4	7	0	19	2	2	0	2	0	2	0	1	0	2	0	9	0	0	0	0	0	0	0	1	2	1	0	3	0	0	0	3
02:40:00	9600	5	0	0	24	1	0	0	3	0	0	0	1	4	0	0	13	0	0	0	0	0	0	0	1	0	0	0	3	0	0	0	3
02:45:00	9900	8	5	0	27	0	2	0	1	0	1	0	0	6	2	0	17	0	0	0	0	0	0	0	1	2	0	0	5	0	0	0	3
02:50:00	10200	5	4	0	28	0	0	0	1	0	0	0	0	5	3	0	19	0	0	0	0	0	0	0	1	0	1	0	4	0	0	0	3
02:55:00	10500	5	7	0	26	2	1	0	2	0	0	0	0	1	5	0	15	0	0	0	0	1	0	0	2	1	1	0	4	0	0	0	3
03:00:00	10800	14	9	0	31	1	3	0	0	0	0	0	0	9	5	0	19	0	0	0	0	1	0	0	3	3	1	0	6	0	0	0	3
03:05:00	11100	5	5	0	31	1	0	0	1	0	0	0	0	4	4	0	19	0	0	0	0	0	0	0	3	0	1	0	5	0	0	0	3
03:10:00	11400	9	12	0	28	3	0	0	4	2	0	0	2	2	9	0	12	0	0	0	0	1	0	0	4	0	3	0	2	1	0	0	4
03:15:00	11700	9	6	0	31	0	4	0	0	0	0	0	2	5	2	0	15	0	0	0	0	0	0	0	4	4	0	0	6	0	0	0	4
03:20:00	12000	6	10	0	27	0	0	0	0	0	2	0	0	3	6	0	12	0	0	0	0	3	0	0	7	0	1	0	5	0	1	0	3
03:25:00	12300	9	7	0	29	1	0	0	1	1	0	0	1	5	5	0	12	0	0	0	0	1	1	0	7	0	1	0	4	1	0	0	4
03:30:00	12600	18	7	0	40	1	1	0	1	0	0	0	1	13	3	0	22	0	0	0	0	1	0	0	8	1	2	0	3	2	1	0	5
03:35:00	12900	14	12	0	42	2	1	0	2	0	0	0	1	11	9	0	24	0	0	0	0	0	2	0	6	1	0	0	4	0	0	0	5
03:40:00	13200	18	8	0	52	2	1	0	3	2	0	0	3	12	6	0	30	0	0	0	0	0	0	0	6	1	1	0	4	1	0	0	6
03:45:00	13500	12	12	0	52	0	2	0	1	1	1	0	3	6	6	0	30	0	0	0	0	1	1	0	6	2	2	0	4	2	0	0	8
03:50:00	13800	14	9	0	57	1	0	0	2	2	1	0	4	11	8	0	33	0	0	0	0	0	0	0	6	0	0	0	4	0	0	0	8
03:55:00	14100	15	14	0	58	0	1	0	1	1	2	0	3	13	10	0	36	0	0	0	0	0	1	0	5	1	0	0	5	0	0	0	8
04:00:00	14400	16	15	0	59	2	2	0	1	1	0	0	4	11	11	0	36	0	0	0	0	0	0	0	5	2	2	0	5	0	0	0	8
04:05:00	14700	19	15	0	63	1	2	0	0	1	1	0	4	12	12	0	36	0	0	0	0	2	0	0	7	2	0	0	7	1	0	0	9
04:10:00	15000	23	14	0	72	1	0	0	1	1	1	0	4	21	10	0	47	0	0	0	0	0	1	0	6	0	2	0	5	0	0	0	9
04:15:00	15300	25	20	0	77	1	0	0	2	0	1	0	3	18	16	0	49	0	0	0	0	3	2	0	7	0	1	0	4	3	0	0	12
04:20:00	15600	12	20	0	69	0	1	0	1	0	0	0	3	9	18	0	40	0	0	0	0	1	0	0	8	1	0	0	5	1	1	0	12
04:25:00	15900	22	18	0	73	0	1	0	0	0	0	0	3	16	16	0	40	1	0	0	1	1	0	0	9	2	1	0	6	2	0	0	14
04:30:00	16200	25	9	0	89	0	0	0	0	1	1	0	3	20	6	0	54	0	1	0	0	1	0	0	10	0	1	0	5	3	0	0	17
04:35:00	16500	20	11	0	98	0	0	0	0	0	0	0	3	19	10	0	63	0	0	0	0	0	0	0	10	0	1	0	4	1	0	0	18
04:40:00	16800	25	23	0	100	0	0	0	0	2	0	0	5	21	20	0	64	0	0	0	0	1	3	0	8	0	0	0	4	1	0	0	19
04:45:00	17100	20	15	0	105	2	0	0	2	3	0	0	8	11	14	0	61	0	0	0	0	1	0	0	9	0	0	0	4	3	1	0	21
04:50:00	17400	27	23	0	109	0	0	0	2	2	1	0	9	21	18	0	64	0	0	0	0	2	2	0	9	0	1	0	3	2	1	0	22
04:55:00	17700	22	18	0	113	0	2	0	0	2	2	0	9	15	13	0	66	0	0	0	0	1	0	0	10	2	0	0	5	2	1	0	23
05:00:00	18000	22	22	0	113	0	0	0	0	2	1	0	10	16	18	0	64	0	0	0	0	3	1	0	12	0	2	0	3	1	0	0	24
05:05:00	18300	26	25	0	114	1	0	0	1	1	1	0	10	21	22	0	63	0	0	0	0	2	1	0	13	0	0	0	3	1	1	0	24
05:10:00	18600	40	25	0	129	2	2	0	1	1	1	0	10	32	21	0	74	0	0	0	0	0	0	0	13	2	1	0	4	3	0	0	27
05:15:00	18900	35	29	0	135	0	0	0	1	2	1	0	11	27	25	0	76	0	0	0	0	2	1	0	14	0	2	0	2	4	0	0	31
05:20:00	19200	38	34	0	139	0	1	0	0	2	0	0	13	29	31	0	74	0	0	0	0	5	2	0	17	1	0	0	3	1	0	0	32
05:25:00	19500	31	22	0	148	0	0	0	0	0	1	0	12	26	18	0	82	0	0	0	0	0	0	0	17	0	2	0	1	5	1	0	36
05:30:00	19800	32	27	0	153	2	0	0	2	2	0	0	14	27	25	0	84	0	0	0	0	1	1	0	17	0	0	0	1	0	1	0	35
05:35:00	20100	40	27	0	166	1	1	0	2	0	2	0	12	26	22	0	88	0	0	0	0	4	2	0	19	1	0	0	2	8	0	0	43
05:40:00	20400	43	35	0	174	0	2	0	0	1	2	0	11	31	28	0	91	0	0	0	0	3	1	0	21	2	1	0	3	6	1	0	48
05:45:00	20700	48	41	0	181	2	0	0	2	5	1	0	15	36	34	0	93	0	0	0	0	2	4	0	19	0	2	0	1	3	0	0	51
05:50:00	21000	34	30	0	185	0	1	0	1	1	1	0	15	26	24	0	95	0	0	0	0	3	3	0	19	1	1	0	1	3	0	0	54
05:55:00	21300	40	42	0	183	0	1	0	0	2	2	0	15	32	36	0	91	0	0	0	0	2	0	0	21	1	1	0	1	3	2	0	55
06:00:00	21600	38	36	0	185	0	0	0	0	1	2	0	14	32	30	0	93	0	0	0	0	2	2	0	21	0	1	0	0	3	1	0	57
06:05:00	21900	52	37	0	200	1	0	0	1	2	2	0	14	43	32	0	104	0	0	0	0	2	1	0	22	0	0	0	0	4	2	0	59
06:10:00	22200	57	34	0	223	2	3	0	0	4	0	0	18	37	30	0	111	0	0	0	0	4	1	0	25	3	0	0	3	7	0	0	66
06:15:00	22500	43	48	0	218	0	0	0	0	0	2	0	16	36	42	0	105	0	0	0	0	3	3	0	25	0	1	0	2	4	0	0	70
06:20:00	22800	35	45	0	208	1	1	0	0	1	1	0	16	28	38	0	95	0	0	0	0	1	2	0	24	1	1	0	2	3	2	0	71
06:25:00	23100	56	31	0	233	0	0	0	0	3	0	0	19	47	26	0	116	0	0	0	0	3	3	0	24	0	1	0	1	3	1	0	73
06:30:00	23400	55	57	0	231	0	0	0	0	4	3	0	20	49	42	0	123	0	0	0	0	1	7	0	18	0	1	0	0	1	4	0	70
06:35:00	23700	40	52	0	219	2	0	0	2	3	2	0	21	28	45	0	106	0	0	0	0	5	5	0	18	1	0	0	1	1	0	0	71
06:40:00	24000	69	47	0	241	0	1	0	1	4	0	0	25	56	41	0	121	1	1	0	0	2	1	0	19	1	1	0	1	5	2	0	74
06:45:00	24300	53	61	0	233	0	1	0	0	4	2	0	27	38	49	0	110	0	0	0	0	2	5	0	16	1	1	0	1	8	3	0	79
06:50:00	24600	49	44	0	238	0	0	0	0	2	0	0	29	39	41	0	108	0	0	0	0	4	2	0	18	0	0	0	1	4	1	0	82
06:55:00	24900	66	41	0	263	1	1	0	0	3	1	0	31	51	36	0	123	0	0	0	0	4	0	0	22	2	1	0	2	5	2	0	85
07:00:00	25200	63	63	0	263	0	0	0	0	7	1	0	37	51	58	0	116	1	0	0	1	3	2	0	23	0	1	0	1	1	1	0	85
07:05:00	25500	48	57	0	254	1	0	0	1	3	4	0	36	39	42	0	113	1	1	0	1	2	6	0	19	1	2	0	0	1	2	0	84
07:10:00	25800	61	53	0	262	0	0	0	1	3	5	0	34	50	43	0	120	0	0	0	1	3	4	0	18	0	0	0	0	5	1	0	88
07:15:00	26100	64	61	0	265	0	0	0	1	4	7	0	31	51	49	0	122	0	1	0	0	5	0	0	23	0	0	0	0	4	4	0	88
07:20:00	26400	57	66	0	256	1	2	0	0	2	5	0	28	44	55	0	111	0	0	0	0	2	3	0	22	3	0	0	3	5	1	0	92
07:25:00	26700	66	66	0	256	1	0	0	1	5	7	0	26	51	52	0	110	1	0	0	1	3	5	0	20	0	2	0	1	5	0	0	97
07:30:00	27000	76	62	0	270	1	0	0	2	2	3	0	25	62	53	0	119	0	0	0	1	6	3	0	23	1	1	0	1	4	2	0	99
07:35:00	27300	68	68	0	270	0	1	0	1	6	3	0	28	54	56	0	117	1	1	0	1	2	2	0	23	1	1	0	1	4	4	0	99
07:40:00	27600	74	73	0	271	0	0	0	1	2	4	0	26	61	60	0	118	0	1	0	0	4	4	0	23	0	1	0	0	7	3	0	103
07:45:00	27900	70	75	0	266	2	1	0	2	4	2	0	28	56	65	0	109	0	0	0	0	2	2	0	23	2	0	0	2	4	5	0	102
07:50:00	28200	77	82	0	261	0	2	0	0	2	1	0	29	68	70	0	107	1	0	0	1	2	6	0	19	3	1	0	4	1	2	0	101
07:55:00	28500	63	65	0	259	0	0	0	0	6	7	0	28	49	46	0	110	1	1	0	1	4	4	0	19	1	3	0	2	2	4	0	99
08:00:00	28800	71	76	0	254	1	0	0	1	2	3	0	27	65	65	0	110	1	2	0	0	2	3	0	18	0	1	0	1	0	2	0	97
08:05:00	29100	81	69	0	266	1	1	0	1	2	3	0	26	66	59	0	117	0	0	0	0	3	3	0	18	1	1	0	1	8	2	0	103
08:10:00	29400	74	75	0	265	0	1	0	0	6	4	0	28	58	68	0	107	0	0	0	0	5	0	0	23	1	0	0	2	4	2	0	105
08:15:00	29700	90	69	0	286	1	0	0	1	3	2	0	29	71	56	0	122	0	0	0	0	6	4	0	25	2	1	0	3	7	6	0	106
08:20:00	30000	74	70	0	290	0	1	0	0	4	4	0	29	57	58	0	121	2	0	0	2	4	3	0	26	1	2	0	2	6	2	0	110
08:25:00	30300	76	72	0	294	0	0	0	0	2	3	0	28	66	61	0	126	0	0	0	2	3	4	0	25	0	0	0	2	5	4	0	111
08:30:00	30600	84	86	0	292	0	0	0	0	3	2	0	29	73	71	0	128	0	2	0	0	1	6	0	20	0	1	0	1	7	4	0	114
08:35:00	30900	103	84	0	311	0	0	0	0	4	9	0	24	95	67	0	156	0	0	0	0	3	6	0	17	0	0	0	1	1	2	0	113
08:40:00	31200	85	100	0	296	2	1	0	1	5	3	0	26	71	89	0	138	0	0	0	0	4	1	0	20	2	1	0	2	1	5	0	109
08:45:00	31500	91	87	0	300	1	1	0	1	5	3	0	28	72	77	0	133	1	0	0	1	5	1	0	24	2	2	0	2	5	3	0	111
08:50:00	31800	88	85	0	303	0	1	0	0	4	3	0	29	71	73	0	131	0	1	0	0	7	3	0	28	1	0	0	3	5	4	0	112
08:55:00	32100	103	109	0	297	1	1	0	0	4	5	0	28	83	89	0	125	1	0	0	1	8	7	0	29	2	2	0	3	4	5	0	111
09:00:00	32400	98	86	0	309	2	0	0	2	3	4	0	27	79	74	0	130	1	1	0	1	8	4	0	33	0	1	0	2	5	2	0	114
09:05:00	32700	104	85	0	328	1	1	0	2	4	6	0	25	88	71	0	147	0	1	0	0	6	3	0	36	1	1	0	2	4	2	0	116
09:10:00	33000	110	114	0	324	2	2	0	2	6	3	0	28	87	95	0	139	0	0	0	0	4	6	0	34	5	1	0	6	6	7	0	115
09:15:00	33300	85	98	0	311	0	1	0	1	3	4	0	27	74	82	0	131	1	0	0	1	2	7	0	29	1	2	0	5	4	2	0	117
09:20:00	33600	110	103	0	318	5	1	0	5	4	5	0	26	84	80	0	135	2	1	0	2	4	8	0	25	2	4	0	3	9	4	0	122
09:25:00	33900	125	113	0	330	2	6	0	1	2	3	0	25	97	89	0	143	1	1	0	2	6	5	0	26	7	4	0	6	10	5	0	127
09:30:00	34200	108	89	0	349	1	1	0	1	4	3	0	26	93	74	0	162	0	1	0	1	5	4	0	27	3	3	0	6	2	3	0	126
09:35:00	34500	95	132	0	312	1	1	0	1	4	7	0	23	78	108	0	132	2	3	0	0	3	6	0	24	1	4	0	3	6	3	0	129
09:40:00	34800	111	94	0	329	1	1	0	1	3	5	0	21	93	77	0	148	0	0	0	0	9	4	0	29	2	1	0	4	3	6	0	126
09:45:00	35100	99	109	0	319	2	2	0	1	5	2	0	24	76	88	0	136	2	0	0	2	4	8	0	25	3	3	0	4	7	6	0	127
09:50:00	35400	124	114	0	329	1	2	0	0	10	8	0	26	94	81	0	149	1	2	0	1	7	8	0	24	4	5	0	3	7	8	0	126
09:55:00	35700	107	125	0	311	1	1	0	0	3	2	0	27	94	102	0	141	0	1	0	0	4	7	0	21	3	1	0	5	2	11	0	117
10:00:00	36000	120	104	0	327	0	0	0	0	5	5	0	27	102	84	0	159	2	1	0	1	7	8	0	20	0	2	0	3	4	4	0	117
10:05:00	36300	93	119	0	301	0	0	0	0	2	6	0	23	80	103	0	136	1	1	0	1	2	6	0	16	1	2	0	2	7	1	0	123
10:10:00	36600	123	112	0	312	1	0	0	1	9	5	0	27	96	95	0	137	0	0	0	1	8	8	0	16	1	0	0	3	8	4	0	127
10:15:00	36900	118	102	0	328	2	0	0	3	6	8	0	25	96	82	0	151	1	1	0	1	6	2	0	20	1	1	0	3	6	8	0	125
10:20:00	37200	130	119	0	339	1	1	0	3	1	6	0	20	115	95	0	171	1	1	0	1	2	6	0	16	2	1	0	4	8	9	0	124
10:25:00	37500	124	119	0	344	1	2	0	2	7	6	0	21	97	96	0	172	2	2	0	1	8	3	0	21	4	4	0	4	5	6	0	123
10:30:00	37800	128	128	0	344	1	2	0	1	8	4	0	25	105	107	0	170	3	0	0	4	2	6	0	17	2	4	0	2	7	5	0	125
10:35:00	38100	132	137	0	339	0	0	0	1	0	5	0	20	113	116	0	167	1	3	0	2	7	4	0	20	4	2	0	4	7	7	0	125
10:40:00	38400	144	117	0	366	5	1	0	5	10	5	0	25	117	98	0	186	1	3	0	0	1	2	0	19	5	1	0	8	5	7	0	123
10:45:00	38700	130	153	0	343	0	3	0	2	3	3	0	25	111	129	0	168	1	0	0	1	6	8	0	17	5	3	0	10	4	7	0	120
10:50:00	39000	118	127	0	334	1	1	0	2	9	13	0	21	92	92	0	168	3	0	0	4	8	5	0	20	1	5	0	6	4	11	0	113
10:55:00	39300	138	120	0	352	2	1	0	3	5	4	0	22	111	98	0	181	3	2	0	5	8	4	0	24	3	5	0	4	6	6	0	113
11:00:00	39600	150	145	0	357	1	3	0	1	7	7	0	22	126	123	0	184	1	4	0	2	4	3	0	25	5	1	0	8	6	4	0	115
11:05:00	39900	135	133	0	359	0	1	0	0	5	4	0	23	110	106	0	188	2	2	0	2	5	8	0	22	3	4	0	7	10	8	0	117
11:10:00	40200	124	139	0	344	0	0	0	0	6	5	0	24	102	113	0	177	3	2	0	3	4	10	0	16	5	5	0	7	4	4	0	117
11:15:00	40500	119	135	0	328	2	1	0	1	5	6	0	23	100	119	0	158	3	1	0	5	2	2	0	16	2	4	0	5	5	2	0	120
11:20:00	40800	147	122	0	353	2	1	0	2	7	5	0	25	126	101	0	183	0	3	0	2	8	5	0	19	2	2	0	5	2	5	0	117
11:25:00	41100	143	131	0	365	2	3	0	1	4	7	0	22	117	103	0	197	3	2	0	3	5	5	0	19	8	3	0	10	4	8	0	113
11:30:00	41400	165	140	0	390	1	1	0	1	6	6	0	22	136	116	0	217	2	3	0	2	12	7	0	24	2	4	0	8	6	3	0	116
11:35:00	41700	162	152	0	400	1	2	0	0	3	6	0	19	139	118	0	238	2	3	0	1	8	7	0	25	4	5	0	7	5	11	0	110
11:40:00	42000	133	165	0	368	1	0	0	1	7	8	0	18	116	141	0	213	2	0	0	3	3	7	0	21	2	2	0	7	2	7	0	105
11:45:00	42300	148	149	0	367	1	1	0	1	13	5	0	26	111	121	0	203	4	2	0	5	12	6	0	27	3	5	0	5	4	9	0	100
11:50:00	42600	140	142	0	365	1	2	0	0	4	5	0	25	115	119	0	199	3	3	0	5	6	5	0	28	4	5	0	4	7	3	0	104
11:55:00	42900	147	134	0	378	2	0	0	2	5	5	0	25	125	114	0	210	0	4	0	1	3	5	0	26	3	1	0	6	9	5	0	108
12:00:00	43200	120	139	0	359	3	2	0	3	9	8	0	26	88	112	0	186	2	0	0	3	5	9	0	22	4	3	0	7	9	5	0	112
12:05:00	43500	149	139	0	369	1	3	0	1	4	8	0	22	122	112	0	196	2	4	0	1	2	5	0	19	5	3	0	9	13	4	0	121
12:10:00	43800	159	119	0	409	1	1	0	1	3	5	0	20	134	97	0	233	3	2	0	2	8	6	0	21	3	6	0	6	7	2	0	126
12:15:00	44100	141	155	0	395	0	0	0	1	2	2	0	20	121	139	0	215	2	2	0	2	5	3	0	23	2	3	0	5	9	6	0	129
12:20:00	44400	124	138	0	381	0	1	0	0	3	6	0	17	114	113	0	216	0	0	0	2	2	10	0	15	1	1	0	5	4	7	0	126
12:25:00	44700	135	142	0	374	2	1	0	1	6	2	0	21	113	127	0	202	1	3	0	0	6	5	0	16	3	1	0	7	4	3	0	127
12:30:00	45000	148	133	0	389	1	1	0	1	4	6	0	19	123	111	0	214	4	1	0	3	5	2	0	19	5	5	0	7	6	7	0	126
12:35:00	45300	134	159	0	364	1	1	0	1	8	5	0	22	108	136	0	186	1	3	0	1	5	5	0	19	4	2	0	9	7	7	0	126
12:40:00	45600	130	131	0	363	1	1	0	1	6	4	0	24	108	110	0	184	4	2	0	3	5	4	0	20	2	5	0	6	4	5	0	125
12:45:00	45900	133	133	0	363	1	2	0	0	3	4	0	23	114	110	0	188	2	2	0	3	5	7	0	18	2	3	0	5	6	5	0	126
12:50:00	46200	125	129	0	359	2	0	0	2	3	6	0	20	105	110	0	183	1	2	0	2	3	4	0	17	2	2	0	5	9	5	0	130
12:55:00	46500	139	120	0	378	2	1	0	3	8	6	0	22	113	96	0	200	1	1	0	2	6	5	0	18	3	3	0	5	6	8	0	128
13:00:00	46800	148	138	0	388	5	4	0	4	9	5	0	26	115	112	0	203	3	3	0	2	8	8	0	18	5	3	0	7	3	3	0	128
13:05:00	47100	137	149	0	376	1	3	0	2	6	7	0	25	117	122	0	198	1	2	0	1	4	3	0	19	3	3	0	7	5	9	0	124
13:10:00	47400	120	136	0	360	2	2	0	2	7	5	0	27	100	111	0	187	0	1	0	0	4	7	0	16	2	6	0	3	5	4	0	125
13:15:00	47700	141	125	0	376	2	2	0	2	6	8	0	25	116	105	0	198	0	0	0	0	7	4	0	19	5	0	0	8	5	6	0	124
13:20:00	48000	120	137	0	359	7	3	0	6	3	8	0	20	93	115	0	176	1	0	0	1	4	3	0	20	3	3	0	8	9	5	0	128
13:25:00	48300	125	133	0	351	3	7	0	2	8	7	0	21	95	101	0	170	2	2	0	1	1	2	0	19	11	4	0	15	5	10	0	123
13:30:00	48600	129	124	0	356	3	2	0	3	5	5	0	21	110	97	0	183	2	0	0	3	5	6	0	18	3	8	0	10	1	6	0	118
13:35:00	48900	142	127	0	371	3	2	0	4	2	3	0	20	116	95	0	204	2	4	0	1	6	6	0	18	5	6	0	9	8	11	0	115
13:40:00	49200	149	140	0	380	4	5	0	3	7	4	0	23	118	108	0	214	3	4	0	0	5	6	0	17	7	6	0	10	5	7	0	113
13:45:00	49500	133	158	0	355	2	3	0	2	3	2	0	24	111	133	0	192	4	2	0	2	4	4	0	17	5	8	0	7	4	6	0	111
13:50:00	49800	130	137	0	348	2	2	0	2	5	6	0	23	112	115	0	189	2	3	0	1	2	4	0	15	2	4	0	5	5	3	0	113
13:55:00	50100	129	129	0	348	4	2	0	4	7	7	0	23	105	105	0	189	1	1	0	1	1	3	0	13	2	3	0	4	9	8	0	114
14:00:00	50400	121	121	0	348	3	5	0	2	2	5	0	20	102	103	0	188	0	1	0	0	4	1	0	16	6	1	0	9	4	5	0	113
14:05:00	50700	147	131	0	364	3	2	0	3	1	4	0	17	125	112	0	201	2	1	0	1	5	1	0	20	5	7	0	7	6	4	0	115
14:10:00	51000	125	121	0	368	2	3	0	2	5	4	0	18	104	96	0	209	2	1	0	2	6	5	0	21	3	4	0	6	3	8	0	110
14:15:00	51300	141	141	0	368	4	2	0	4	4	4	0	18	120	115	0	214	2	3	0	1	4	6	0	19	4	6	0	4	3	5	0	108
14:20:00	51600	120	139	0	349	1	3	0	2	2	7	0	13	96	111	0	199	3	2	0	2	8	5	0	22	6	4	0	6	4	7	0	105
14:25:00	51900	142	130	0	361	4	2	0	4	5	2	0	16	117	114	0	202	1	0	0	3	8	5	0	25	4	4	0	6	3	3	0	105
14:30:00	52200	120	124	0	357	3	5	0	2	4	1	0	19	92	96	0	198	3	4	0	2	7	8	0	24	7	4	0	9	4	6	0	103
14:35:00	52500	139	137	0	359	3	2	0	3	9	3	0	25	101	109	0	190	3	3	0	2	10	7	0	27	5	6	0	8	8	7	0	104
14:40:00	52800	147	123	0	383	3	2	0	4	9	6	0	28	119	99	0	210	4	2	0	4	7	4	0	30	3	6	0	5	2	4	0	102
14:45:00	53100	150	124	0	409	4	4	0	4	8	10	0	26	117	96	0	231	1	2	0	3	7	4	0	33	5	6	0	4	8	2	0	108
14:50:00	53400	135	144	0	400	2	3	0	3	5	6	0	25	112	117	0	226	0	1	0	2	5	10	0	28	5	3	0	6	6	4	0	110
14:55:00	53700	160	132	0	428	0	2	0	1	11	1	0	35	129	106	0	249	2	2	0	2	5	9	0	24	4	4	0	6	9	8	0	111
15:00:00	54000	141	137	0	432	4	3	0	2	9	4	0	40	108	115	0	242	4	2	0	4	7	2	0	29	5	6	0	5	4	5	0	110
15:05:00	54300	148	154	0	426	3	2	0	3	5	9	0	36	122	122	0	242	0	4	0	0	8	8	0	29	3	2	0	6	7	7	0	110
15:10:00	54600	147	146	0	427	2	3	0	2	6	7	0	35	123	117	0	248	2	2	0	0	6	10	0	25	6	3	0	9	2	4	0	108
15:15:00	54900	136	159	0	404	0	1	0	1	5	5	0	35	117	133	0	232	3	1	0	2	4	5	0	24	2	6	0	5	5	8	0	105
15:20:00	55200	150	149	0	405	4	2	0	3	6	8	0	33	123	120	0	235	3	2	0	3	4	6	0	22	5	6	0	4	5	5	0	105
15:25:00	55500	155	143	0	417	3	3	0	3	6	7	0	32	128	120	0	243	1	2	0	2	3	4	0	21	5	4	0	5	9	3	0	111
15:30:00	55800	143	149	0	411	4	2	0	5	5	9	0	28	113	123	0	233	2	3	0	1	11	4	0	28	4	3	0	6	4	5	0	110
15:35:00	56100	171	160	0	422	5	5	0	5	11	5	0	34	138	133	0	238	2	3	0	0	5	4	0	29	7	5	0	8	3	5	0	108
15:40:00	56400	166	150	0	438	5	5	0	5	6	4	0	36	132	127	0	243	1	0	0	1	4	7	0	26	8	5	0	11	10	2	0	116
15:45:00	56700	166	149	0	455	4	1	0	8	3	6	0	33	140	123	0	260	4	2	0	3	6	2	0	30	4	9	0	6	5	6	0	115
15:50:00	57000	174	170	0	459	3	3	0	8	2	6	0	29	147	134	0	273	5	4	0	4	4	8	0	26	6	7	0	5	7	8	0	114
15:55:00	57300	167	161	0	465	7	3	0	12	6	8	0	27	127	132	0	268	1	4	0	1	8	6	0	28	9	3	0	11	9	5	0	118
16:00:00	57600	149	168	0	446	1	5	0	8	3	6	0	24	115	136	0	247	7	4	0	4	8	3	0	33	7	11	0	7	8	3	0	123
16:05:00	57900	194	155	0	485	6	5	0	9	3	6	0	21	153	123	0	277	3	4	0	3	11	6	0	38	10	6	0	11	8	5	0	126
16:10:00	58200	168	188	0	465	7	9	0	7	10	6	0	25	122	147	0	252	6	6	0	3	6	6	0	38	12	12	0	11	5	2	0	129
16:15:00	58500	163	168	0	460	3	6	0	4	8	7	0	26	131	132	0	251	4	2	0	5	5	7	0	36	8	11	0	8	4	3	0	130
16:20:00	58800	160	157	0	463	6	5	0	5	7	4	0	29	125	126	0	250	1	5	0	1	10	8	0	38	7	6	0	9	4	3	0	131
16:25:00	59100	167	167	0	463	3	6	0	2	6	7	0	28	135	129	0	256	4	3	0	2	4	9	0	33	8	8	0	9	7	5	0	133
16:30:00	59400	197	152	0	508	5	2	0	5	9	5	0	32	151	123	0	284	2	4	0	0	8	6	0	35	3	5	0	7	19	7	0	145
16:35:00	59700	178	161	0	525	4	6	0	3	7	7	0	32	138	128	0	294	3	0	0	3	8	9	0	34	10	5	0	12	8	6	0	147
16:40:00	60000	167	198	0	494	3	2	0	4	7	11	0	28	138	162	0	270	4	4	0	3	2	5	0	31	5	8	0	9	8	6	0	149
16:45:00	60300	189	178	0	505	5	4	0	5	8	6	0	30	151	141	0	280	4	4	0	3	8	8	0	31	7	10	0	6	6	5	0	150
16:50:00	60600	173	181	0	497	4	2	0	7	9	7	0	32	145	145	0	280	2	4	0	1	4	12	0	23	4	6	0	4	5	5	0	150
16:55:00	60900	184	173	0	508	4	5	0	6	7	9	0	30	146	144	0	282	1	2	0	0	8	3	0	28	11	3	0	12	7	7	0	150
17:00:00	61200	184	164	0	528	4	0	0	10	8	5	0	33	153	137	0	298	7	1	0	6	4	5	0	27	2	10	0	4	6	6	0	150
17:05:00	61500	170	167	0	531	2	6	0	6	7	5	0	35	141	133	0	306	3	6	0	3	5	7	0	25	7	6	0	5	5	4	0	151
17:10:00	61800	163	195	0	499	1	2	0	5	10	6	0	39	128	171	0	263	2	3	0	2	8	5	0	28	7	5	0	7	7	3	0	155
17:15:00	62100	166	154	0	511	4	4	0	5	8	6	0	41	131	122	0	272	4	1	0	5	6	9	0	25	6	8	0	5	7	4	0	158
17:20:00	62400	155	182	0	484	5	2	0	8	11	10	0	42	122	148	0	246	1	3	0	3	6	5	0	26	3	3	0	5	7	11	0	154
17:25:00	62700	159	150	0	493	3	4	0	7	7	7	0	42	131	121	0	256	2	2	0	3	8	4	0	30	5	5	0	5	3	7	0	150
17:30:00	63000	175	161	0	507	2	3	0	6	7	9	0	40	141	133	0	264	2	2	0	3	5	2	0	33	9	7	0	7	9	5	0	154
17:35:00	63300	156	176	0	487	3	1	0	8	3	8	0	35	129	136	0	257	6	2	0	7	2	10	0	25	6	8	0	5	7	11	0	150
17:40:00	63600	158	160	0	485	3	1	0	10	9	7	0	37	132	130	0	259	5	5	0	7	1	4	0	22	6	6	0	5	2	7	0	145
17:45:00	63900	147	161	0	471	0	5	0	5	6	9	0	34	116	130	0	245	4	4	0	7	8	4	0	26	8	5	0	8	5	4	0	146
17:50:00	64200	181	168	0	484	5	1	0	9	8	6	0	36	156	140	0	261	2	8	0	1	4	3	0	27	2	8	0	2	4	2	0	148
17:55:00	64500	158	153	0	489	5	3	0	11	8	4	0	40	130	133	0	258	2	2	0	1	2	6	0	23	4	2	0	4	7	3	0	152
18:00:00	64800	161	161	0	489	5	4	0	12	4	8	0	36	132	133	0	257	2	1	0	2	6	5	0	24	7	4	0	7	5	6	0	151
18:05:00	65100	155	178	0	466	6	9	0	9	8	6	0	38	113	144	0	226	3	3	0	2	6	3	0	27	12	6	0	13	7	7	0	151
18:10:00	65400	154	166	0	454	1	5	0	5	2	10	0	30	130	125	0	231	4	2	0	4	7	4	0	30	7	14	0	6	3	6	0	148
18:15:00	65700	146	144	0	456	4	0	0	9	7	7	0	30	120	112	0	239	3	5	0	2	2	8	0	24	7	6	0	7	3	6	0	145
18:20:00	66000	147	162	0	441	0	4	0	5	4	8	0	26	119	133	0	225	7	3	0	6	3	4	0	23	8	7	0	8	6	3	0	148
18:25:00	66300	137	144	0	434	7	2	0	10	5	3	0	28	103	117	0	211	3	6	0	3	4	5	0	22	6	8	0	6	9	3	0	154
18:30:00	66600	150	142	0	442	3	5	0	8	3	4	0	27	115	113	0	213	6	3	0	6	8	3	0	27	9	8	0	7	6	6	0	154
18:35:00	66900	132	144	0	430	4	4	0	8	3	3	0	27	99	114	0	198	1	3	0	4	9	5	0	31	9	5	0	11	7	10	0	151
18:40:00	67200	151	137	0	444	5	3	0	10	2	5	0	24	125	112	0	211	6	3	0	7	5	3	0	33	6	10	0	7	2	1	0	152
18:45:00	67500	143	149	0	438	5	5	0	10	6	3	0	27	107	107	0	211	3	8	0	2	4	9	0	28	8	7	0	8	10	10	0	152
18:50:00	67800	141	150	0	429	2	5	0	7	3	6	0	24	112	115	0	208	2	1	0	3	7	7	0	28	8	7	0	9	7	9	0	150
18:55:00	68100	135	162	0	402	5	3	0	9	8	6	0	26	103	126	0	185	4	2	0	5	6	7	0	27	5	10	0	4	4	8	0	146
19:00:00	68400	136	135	0	403	4	3	0	10	4	2	0	28	113	109	0	189	0	1	0	4	4	6	0	25	7	3	0	8	4	11	0	139
19:05:00	68700	104	137	0	370	4	6	0	8	5	6	0	27	75	106	0	158	5	1	0	8	3	5	0	23	7	10	0	5	5	3	0	141
19:10:00	69000	122	138	0	354	5	2	0	11	6	4	0	29	95	108	0	145	4	8	0	4	4	4	0	23	5	6	0	4	3	6	0	138
19:15:00	69300	120	100	0	374	5	5	0	11	3	5	0	27	86	75	0	156	2	2	0	4	8	4	0	27	8	5	0	7	8	4	0	142
19:20:00	69600	98	117	0	355	2	6	0	7	5	6	0	26	76	84	0	148	1	3	0	2	2	5	0	24	6	5	0	8	6	8	0	140
19:25:00	69900	96	125	0	326	5	8	0	4	5	4	0	27	73	91	0	130	1	1	0	2	1	3	0	22	9	9	0	8	2	9	0	133
19:30:00	70200	94	123	0	297	7	4	0	7	9	7	0	29	61	89	0	102	2	2	0	2	3	3	0	22	9	9	0	8	3	9	0	127
19:35:00	70500	97	86	0	308	4	4	0	7	2	5	0	26	73	61	0	114	4	2	0	4	2	4	0	20	6	7	0	7	6	3	0	130
19:40:00	70800	114	99	0	323	4	5	0	6	4	5	0	25	91	72	0	133	2	4	0	2	1	2	0	19	9	6	0	10	3	5	0	128
19:45:00	71100	113	114	0	322	3	5	0	4	8	4	0	29	84	78	0	139	5	4	0	3	2	3	0	18	8	11	0	7	3	9	0	122
19:50:00	71400	97	119	0	300	4	2	0	6	1	8	0	22	81	90	0	130	3	3	0	3	1	4	0	15	6	8	0	5	1	4	0	119
19:55:00	71700	71	96	0	275	0	2	0	4	4	4	0	22	52	73	0	109	4	3	0	4	1	5	0	11	8	4	0	9	2	5	0	116
20:00:00	72000	89	110	0	254	1	3	0	2	1	6	0	17	54	76	0	87	10	4	0	10	5	3	0	13	11	11	0	9	7	7	0	116
20:05:00	72300	100	77	0	277	5	4	0	3	5	3	0	19	69	50	0	106	4	7	0	7	3	2	0	14	7	7	0	9	7	4	0	119
20:10:00	72600	103	99	0	281	3	2	0	4	1	6	0	14	85	66	0	125	7	8	0	6	1	1	0	14	4	9	0	4	2	7	0	114
20:15:00	72900	93	101	0	273	0	0	0	4	1	2	0	13	73	78	0	120	3	6	0	3	1	3	0	12	8	5	0	7	7	7	0	114
20:20:00	73200	79	106	0	246	3	2	0	5	1	1	0	13	59	85	0	94	5	3	0	5	3	1	0	14	5	8	0	4	3	6	0	111
20:25:00	73500	84	83	0	247	0	4	0	1	2	2	0	13	67	59	0	102	3	4	0	4	4	3	0	15	7	5	0	6	1	6	0	106
20:30:00	73800	94	86	0	255	4	1	0	4	2	3	0	12	75	65	0	112	4	4	0	4	1	2	0	14	5	7	0	4	3	4	0	105
20:35:00	74100	87	94	0	248	5	3	0	6	4	1	0	15	65	71	0	106	4	6	0	2	1	1	0	14	5	5	0	4	3	7	0	101
20:40:00	74400	74	81	0	241	2	5	0	3	1	4	0	12	57	61	0	102	2	1	0	3	1	4	0	11	9	3	0	10	2	3	0	100
20:45:00	74700	95	88	0	248	6	3	0	6	3	2	0	13	67	62	0	107	6	3	0	6	0	2	0	9	9	12	0	7	4	4	0	100
20:50:00	75000	86	82	0	252	4	3	0	7	1	2	0	12	62	63	0	106	4	2	0	8	6	0	0	15	6	7	0	6	3	5	0	98
20:55:00	75300	66	86	0	232	2	4	0	5	2	2	0	12	46	59	0	93	5	8	0	5	1	2	0	14	9	7	0	8	1	4	0	95
21:00:00	75600	59	80	0	211	2	2	0	5	3	1	0	14	36	59	0	70	6	2	0	9	1	4	0	11	6	9	0	5	5	3	0	97
21:05:00	75900	66	76	0	201	5	3	0	7	3	3	0	14	50	48	0	72	3	7	0	5	2	4	0	9	3	6	0	2	0	5	0	92
21:10:00	76200	64	59	0	206	3	3	0	7	3	2	0	15	47	42	0	77	1	6	0	0	2	2	0	9	7	1	0	8	1	3	0	90
21:15:00	76500	59	77	0	188	2	4	0	5	1	2	0	14	41	60	0	58	4	0	0	4	2	0	0	11	8	7	0	9	1	4	0	87
21:20:00	76800	58	59	0	187	4	2	0	7	2	4	0	12	40	41	0	57	4	3	0	5	1	0	0	12	4	6	0	7	3	3	0	87
21:25:00	77100	61	52	0	196	4	1	0	10	4	1	0	15	46	36	0	67	2	3	0	4	1	2	0	11	2	7	0	2	2	2	0	87
21:30:00	77400	70	68	0	198	2	3	0	9	2	3	0	14	53	42	0	78	3	5	0	2	1	5	0	7	6	3	0	5	3	7	0	83
21:35:00	77700	68	60	0	206	3	5	0	7	1	2	0	13	44	39	0	83	4	2	0	4	1	2	0	6	10	7	0	8	5	3	0	85
21:40:00	78000	64	69	0	201	1	3	0	5	3	6	0	10	50	45	0	88	4	2	0	6	2	0	0	8	4	8	0	4	0	5	0	80
21:45:00	78300	77	71	0	207	1	0	0	6	0	0	0	10	60	53	0	95	5	8	0	3	0	2	0	6	6	5	0	5	5	3	0	82
21:50:00	78600	59	67	0	199	1	1	0	6	1	2	0	9	49	57	0	87	3	2	0	4	2	0	0	8	3	4	0	4	0	1	0	81
21:55:00	78900	96	50	0	245	2	4	0	4	1	0	0	10	83	33	0	137	3	3	0	4	1	2	0	7	4	5	0	3	2	3	0	80
22:00:00	79200	105	60	0	290	1	1	0	4	1	3	0	8	98	51	0	184	0	4	0	0	0	0	0	7	3	0	0	6	2	1	0	81
22:05:00	79500	73	134	0	229	3	0	0	7	3	1	0	10	61	119	0	126	3	1	0	2	2	2	0	7	0	5	0	1	1	6	0	76
22:10:00	79800	43	107	0	165	3	4	0	6	3	0	0	13	29	95	0	60	1	2	0	1	1	0	0	8	6	3	0	4	0	3	0	73
22:15:00	80100	43	47	0	161	1	1	0	6	1	1	0	13	36	38	0	58	1	2	0	0	0	1	0	7	2	2	0	4	2	2	0	73
22:20:00	80400	39	50	0	150	4	2	0	8	0	4	0	9	21	35	0	44	2	0	0	2	2	1	0	8	8	6	0	6	2	2	0	73
22:25:00	80700	34	37	0	147	3	2	0	9	0	0	0	9	20	22	0	42	5	3	0	4	0	0	0	8	4	6	0	4	2	4	0	71
22:30:00	81000	41	57	0	131	2	3	0	8	2	4	0	7	17	32	0	27	7	6	0	5	1	3	0	6	11	7	0	8	1	2	0	70
22:35:00	81300	28	37	0	122	2	4	0	6	1	0	0	8	15	17	0	25	4	4	0	5	0	0	0	6	6	8	0	6	0	4	0	66
22:40:00	81600	35	34	0	123	3	3	0	6	2	1	0	9	20	14	0	31	2	4	0	3	2	3	0	5	4	3	0	7	2	6	0	62
22:45:00	81900	29	34	0	118	2	3	0	5	0	0	0	9	18	18	0	31	4	4	0	3	0	0	0	5	4	6	0	5	1	3	0	60
22:50:00	82200	31	23	0	126	1	2	0	4	0	1	0	8	24	15	0	40	1	2	0	2	2	0	0	7	3	3	0	5	0	0	0	60
22:55:00	82500	25	38	0	113	3	2	0	5	0	1	0	7	16	23	0	33	3	2	0	3	0	2	0	5	3	5	0	3	0	3	0	57
23:00:00	82800	25	29	0	109	1	0	0	6	1	1	0	7	21	21	0	33	1	3	0	1	0	1	0	4	0	2	0	1	1	1	0	57
23:05:00	83100	23	29	0	103	1	2	0	5	0	1	0	6	15	20	0	28	2	1	0	2	1	0	0	5	4	3	0	2	0	2	0	55
23:10:00	83400	21	26	0	98	1	0	0	6	0	0	0	6	14	22	0	20	2	1	0	3	1	1	0	5	2	2	0	2	1	0	0	56
23:15:00	83700	25	21	0	102	1	2	0	5	0	0	0	6	15	10	0	25	1	2	0	2	0	1	0	4	5	2	0	5	3	4	0	55
23:20:00	84000	16	16	0	102	2	0	0	7	0	0	0	6	11	8	0	28	2	3	0	1	0	1	0	3	1	3	0	3	0	1	0	54
23:25:00	84300	13	21	0	94	0	2	0	5	1	0	0	7	6	13	0	21	3	1	0	3	0	1	0	2	3	3	0	3	0	1	0	53
23:30:00	84600	8	14	0	88	0	1	0	4	0	0	0	7	4	6	0	19	2	4	0	1	1	0	0	3	1	2	0	2	0	1	0	52
23:35:00	84900	15	19	0	84	1	0	0	5	2	1	0	8	11	12	0	18	0	1	0	0	0	1	0	2	1	1	0	2	0	3	0	49
23:40:00	85200	18	17	0	85	0	0	0	5	0	2	0	6	14	9	0	23	2	2	0	0	1	0	0	3	0	2	0	0	1	2	0	48
23:45:00	85500	15	14	0	86	3	2	0	6	2	0	0	8	6	11	0	18	0	0	0	0	0	0	0	3	4	1	0	3	0	0	0	48
23:50:00	85800	8	18	0	76	0	1	0	5	0	0	0	8	2	8	0	12	4	3	0	1	1	1	0	3	1	4	0	0	0	1	0	47
23:55:00	86100	16	17	0	75	0	3	0	2	0	1	0	7	11	10	0	13	1	1	0	1	0	0	0	3	4	1	0	3	0	1	0	46
24:00:00	86400	12	17	0	70	2	1	0	3	1	1	0	7	5	7	0	11	1	2	0	0	1	1	0	3	2	3	0	2	0	2	0	44
24:05:00	86700	10	13	0	67	0	2	0	1	0	0	0	7	4	6	0	9	2	1	0	1	2	1	0	4	2	2	0	2	0	1	0	43
24:10:00	87000	12	13	0	66	1	0	0	2	1	1	0	7	7	4	0	12	2	3	0	0	0	2	0	2	1	2	0	1	0	1	0	42
24:15:00	87300	5	4	0	67	1	0	0	3	1	1	0	7	3	2	0	13	0	0	0	0	0	0	0	2	0	0	0	1	0	1	0	41
24:20:00	87600	10	14	0	63	1	2	0	2	2	4	0	5	2	5	0	10	1	0	0	1	1	0	0	3	3	2	0	2	0	1	0	40
24:25:00	87900	8	5	0	66	0	0	0	2	0	0	0	5	4	2	0	12	1	1	0	1	2	0	0	5	0	1	0	1	1	1	0	40
24:30:00	88200	7	9	0	64	2	1	0	3	0	1	0	4	3	2	0	13	1	1	0	1	0	0	0	5	1	2	0	0	0	2	0	38
24:35:00	88500	7	7	0	64	0	1	0	2	0	0	0	4	5	5	0	13	0	0	0	1	0	0	0	5	1	0	0	1	1	1	0	38
24:40:00	88800	5	11	0	58	1	1	0	2	0	0	0	4	3	6	0	10	0	0	0	1	0	2	0	3	1	1	0	1	0	1	0	37
24:45:00	89100	2	5	0	55	0	1	0	1	0	0	0	4	1	2	0	9	0	1	0	0	0	0	0	3	1	0	0	2	0	1	0	36
24:50:00	89400	7	12	0	50	0	0	0	1	0	0	0	4	5	6	0	8	2	2	0	0	0	0	0	3	0	2	0	0	0	2	0	34
24:55:00	89700	4	4	0	50	0	1	0	0	0	0	0	4	3	2	0	9	0	0	0	0	0	1	0	2	1	0	0	1	0	0	0	34
25:00:00	90000	5	8	0	47	0	0	0	0	0	0	0	4	4	7	0	6	0	0	0	0	0	0	0	2	1	0	0	2	0	1	0	33
25:05:00	90300	3	5	0	45	0	0	0	0	0	0	0	4	0	1	0	5	2	1	0	1	0	1	0	1	0	2	0	0	1	0	0	34
25:10:00	90600	3	3	0	45	0	0	0	0	0	0	0	4	2	3	0	4	0	0	0	1	0	0	0	1	0	0	0	0	1	0	0	35
25:15:00	90900	2	3	0	44	0	0	0	0	0	1	0	3	1	1	0	4	0	1	0	0	1	0	0	2	0	0	0	0	0	0	0	35
25:20:00	91200	0	2	0	42	0	0	0	0	0	0	0	3	0	2	0	2	0	0	0	0	0	0	0	2	0	0	0	0	0	0	0	35
25:25:00	91500	0	3	0	39	0	0	0	0	0	0	0	3	0	2	0	0	0	0	0	0	0	0	0	2	0	0	0	0	0	1	0	34
25:30:00	91800	4	2	0	41	0	0	0	0	0	1	0	2	2	0	0	2	0	0	0	0	1	0	0	3	0	0	0	0	1	1	0	34
25:35:00	92100	0	1	0	40	0	0	0	0	0	0	0	2	0	0	0	2	0	0	0	0	0	0	0	3	0	0	0	0	0	1	0	33
25:40:00	92400	1	1	0	40	0	0	0	0	0	0	0	2	0	1	0	1	0	0	0	0	0	0	0	3	0	0	0	0	1	0	0	34
25:45:00	92700	1	0	0	41	0	0	0	0	1	0	0	3	0	0	0	1	0	0	0	0	0	0	0	3	0	0	0	0	0	0	0	34
25:50:00	93000	0	4	0	37	0	0	0	0	0	0	0	3	0	1	0	0	0	0	0	0	0	2	0	1	0	0	0	0	0	1	0	33
25:55:00	93300	0	0	0	37	0	0	0	0	0	0	0	3	0	0	0	0	0	0	0	0	0	0	0	1	0	0	0	0	0	0	0	33
26:00:00	93600	0	0	0	37	0	0	0	0	0	0	0	3	0	0	0	0	0	0	0	0	0	0	0	1	0	0	0	0	0	0	0	33
26:05:00	93900	0	0	0	37	0	0	0	0	0	0	0	3	0	0	0	0	0	0	0	0	0	0	0	1	0	0	0	0	0	0	0	33
26:10:00	94200	0	1	0	36	0	0	0	0	0	1	0	2	0	0	0	0	0	0	0	0	0	0	0	1	0	0	0	0	0	0	0	33
26:15:00	94500	0	0	0	36	0	0	0	0	0	0	0	2	0	0	0	0	0	0	0	0	0	0	0	1	0	0	0	0	0	0	0	33
26:20:00	94800	0	0	0	36	0	0	0	0	0	0	0	2	0	0	0	0	0	0	0	0	0	0	0	1	0	0	0	0	0	0	0	33
26:25:00	95100	0	2	0	34	0	0	0	0	0	1	0	1	0	0	0	0	0	0	0	0	0	0	0	1	0	0	0	0	0	1	0	32
26:30:00	95400	1	2	0	33	0	0	0	0	0	0	0	1	0	0	0	0	0	0	0	0	0	1	0	0	0	0	0	0	1	1	0	32
26:35:00	95700	0	0	0	33	0	0	0	0	0	0	0	1	0	0	0	0	0	0	0	0	0	0	0	0	0	0	0	0	0	0	0	32
26:40:00	96000	0	0	0	33	0	0	0	0	0	0	0	1	0	0	0	0	0	0	0	0	0	0	0	0	0	0	0	0	0	0	0	32
26:45:00	96300	1	1	0	33	0	0	0	0	0	1	0	0	1	0	0	1	0	0	0	0	0	0	0	0	0	0	0	0	0	0	0	32
26:50:00	96600	0	0	0	33	0	0	0	0	0	0	0	0	0	0	0	1	0	0	0	0	0	0	0	0	0	0	0	0	0	0	0	32
26:55:00	96900	0	3	0	30	0	0	0	0	0	0	0	0	0	1	0	0	0	0	0	0	0	0	0	0	0	0	0	0	0	2	0	30
27:00:00	97200	0	0	0	30	0	0	0	0	0	0	0	0	0	0	0	0	0	0	0	0	0	0	0	0	0	0	0	0	0	0	0	30
27:05:00	97500	0	0	0	30	0	0	0	0	0	0	0	0	0	0	0	0	0	0	0	0	0	0	0	0	0	0	0	0	0	0	0	30
27:10:00	97800	0	1	0	29	0	0	0	0	0	0	0	0	0	0	0	0	0	0	0	0	0	0	0	0	0	0	0	0	0	1	0	29
27:15:00	98100	0	0	0	29	0	0	0	0	0	0	0	0	0	0	0	0	0	0	0	0	0	0	0	0	0	0	0	0	0	0	0	29
27:20:00	98400	0	0	0	29	0	0	0	0	0	0	0	0	0	0	0	0	0	0	0	0	0	0	0	0	0	0	0	0	0	0	0	29
27:25:00	98700	0	1	0	28	0	0	0	0	0	0	0	0	0	0	0	0	0	0	0	0	0	0	0	0	0	0	0	0	0	1	0	28
27:30:00	99000	0	0	0	28	0	0	0	0	0	0	0	0	0	0	0	0	0	0	0	0	0	0	0	0	0	0	0	0	0	0	0	28
27:35:00	99300	0	0	0	28	0	0	0	0	0	0	0	0	0	0	0	0	0	0	0	0	0	0	0	0	0	0	0	0	0	0	0	28
27:40:00	99600	0	0	0	28	0	0	0	0	0	0	0	0	0	0	0	0	0	0	0	0	0	0	0	0	0	0	0	0	0	0	0	28
27:45:00	99900	0	0	0	28	0	0	0	0	0	0	0	0	0	0	0	0	0	0	0	0	0	0	0	0	0	0	0	0	0	0	0	28
27:50:00	100200	0	1	0	27	0	0	0	0	0	0	0	0	0	0	0	0	0	0	0	0	0	0	0	0	0	0	0	0	0	1	0	27
27:55:00	100500	0	1	0	26	0	0	0	0	0	0	0	0	0	0	0	0	0	0	0	0	0	0	0	0	0	0	0	0	0	1	0	26
28:00:00	100800	1	1	0	26	0	0	0	0	0	0	0	0	0	0	0	0	0	0	0	0	0	0	0	0	0	0	0	0	1	1	0	26
28:05:00	101100	0	0	0	26	0	0	0	0	0	0	0	0	0	0	0	0	0	0	0	0	0	0	0	0	0	0	0	0	0	0	0	26
28:10:00	101400	1	1	0	26	0	0	0	0	0	0	0	0	0	0	0	0	0	0	0	0	0	0	0	0	0	0	0	0	1	1	0	26
28:15:00	101700	0	0	0	26	0	0	0	0	0	0	0	0	0	0	0	0	0	0	0	0	0	0	0	0	0	0	0	0	0	0	0	26
28:20:00	102000	0	0	0	26	0	0	0	0	0	0	0	0	0	0	0	0	0	0	0	0	0	0	0	0	0	0	0	0	0	0	0	26
28:25:00	102300	0	1	0	25	0	0	0	0	0	0	0	0	0	0	0	0	0	0	0	0	0	0	0	0	0	0	0	0	0	1	0	25
28:30:00	102600	0	0	0	25	0	0	0	0	0	0	0	0	0	0	0	0	0	0	0	0	0	0	0	0	0	0	0	0	0	0	0	25
28:35:00	102900	0	0	0	25	0	0	0	0	0	0	0	0	0	0	0	0	0	0	0	0	0	0	0	0	0	0	0	0	0	0	0	25
28:40:00	103200	0	0	0	25	0	0	0	0	0	0	0	0	0	0	0	0	0	0	0	0	0	0	0	0	0	0	0	0	0	0	0	25
28:45:00	103500	0	0	0	25	0	0	0	0	0	0	0	0	0	0	0	0	0	0	0	0	0	0	0	0	0	0	0	0	0	0	0	25
28:50:00	103800	1	1	0	25	0	0	0	0	0	0	0	0	0	0	0	0	0	0	0	0	0	0	0	0	0	0	0	0	1	1	0	25
28:55:00	104100	0	0	0	25	0	0	0	0	0	0	0	0	0	0	0	0	0	0	0	0	0	0	0	0	0	0	0	0	0	0	0	25
29:00:00	104400	0	1	0	24	0	0	0	0	0	0	0	0	0	0	0	0	0	0	0	0	0	0	0	0	0	0	0	0	0	1	0	24
29:05:00	104700	0	1	0	23	0	0	0	0	0	0	0	0	0	0	0	0	0	0	0	0	0	0	0	0	0	0	0	0	0	1	0	23
29:10:00	105000	0	0	0	23	0	0	0	0	0	0	0	0	0	0	0	0	0	0	0	0	0	0	0	0	0	0	0	0	0	0	0	23
29:15:00	105300	0	0	0	23	0	0	0	0	0	0	0	0	0	0	0	0	0	0	0	0	0	0	0	0	0	0	0	0	0	0	0	23
29:20:00	105600	0	0	0	23	0	0	0	0	0	0	0	0	0	0	0	0	0	0	0	0	0	0	0	0	0	0	0	0	0	0	0	23
29:25:00	105900	0	0	0	23	0	0	0	0	0	0	0	0	0	0	0	0	0	0	0	0	0	0	0	0	0	0	0	0	0	0	0	23
29:30:00	106200	0	1	0	22	0	0	0	0	0	0	0	0	0	0	0	0	0	0	0	0	0	0	0	0	0	0	0	0	0	1	0	22
29:35:00	106500	0	1	0	21	0	0	0	0	0	0	0	0	0	0	0	0	0	0	0	0	0	0	0	0	0	0	0	0	0	1	0	21
29:40:00	106800	0	0	0	21	0	0	0	0	0	0	0	0	0	0	0	0	0	0	0	0	0	0	0	0	0	0	0	0	0	0	0	21
29:45:00	107100	0	0	0	21	0	0	0	0	0	0	0	0	0	0	0	0	0	0	0	0	0	0	0	0	0	0	0	0	0	0	0	21
29:50:00	107400	0	0	0	21	0	0	0	0	0	0	0	0	0	0	0	0	0	0	0	0	0	0	0	0	0	0	0	0	0	0	0	21
29:55:00	107700	0	1	0	20	0	0	0	0	0	0	0	0	0	0	0	0	0	0	0	0	0	0	0	0	0	0	0	0	0	1	0	20
30:00:00	108000	0	0	20	0	0	0	0	0	0	0	0	0	0	0	0	0	0	0	0	0	0	0	0	0	0	0	0	0	0	0	20	0
30:05:00	108300	0	0	0	0	0	0	0	0	0	0	0	0	0	0	0	0	0	0	0	0	0	0	0	0	0	0	0	0	0	0	0	0
