personID,carsharingType,startTime,endTIme,startLink,pickupLink,dropoffLink,endLink,distance,inVehicleTime,accessTime,egressTime,vehicleID,cost,bookingTime,companyID,vehicleType
27370858,twoway,29941.0,35340.0,280454,474619,null,474619,7984.448849542815,694.0,319.0,0.0,12105612,9.009587121166668,5399.0,Oply,car
32825825,twoway,49304.0,55424.0,403976,222465,null,222465,4883.809373829985,438.0,240.0,0.0,12102691,8.862257281333333,6120.0,Oply,car
29192138,twoway,64309.0,72613.0,486026,486024,null,486024,10526.311407963225,902.0,356.0,0.0,12132663,13.002575454666665,8304.0,Oply,car
27518969,twoway,66424.0,72837.0,87197,87195,null,87195,16931.373855772115,1326.0,171.0,0.0,12133622,8.697741873333333,6413.0,Oply,car
27941778,twoway,62129.0,66683.0,186275,126200,null,126200,1388.4536732175247,124.0,135.0,0.0,12104711,8.721756798083334,4554.0,Oply,car
29466384,twoway,83890.0,85225.0,425134,427832,null,414280,8593.068823735279,672.0,663.0,0.0,12121651,4.3076187358333335,1335.0,Oply,car
28704786,twoway,11656.0,47015.0,280055,320455,null,320455,7318.102341265547,605.0,234.0,0.0,12103611,43.584860586,35359.0,Oply,car
28919026,twoway,14470.0,45141.0,440255,126200,null,126200,232197.36991468028,9841.0,127.0,0.0,12104714,39.238242614166666,30671.0,Oply,car
27711424,twoway,29222.0,36108.0,37224,79825,null,79825,10890.1745450987,786.0,305.0,0.0,12120663,9.018121660166667,6886.0,Oply,car
29835307,twoway,51747.0,67354.0,282009,172623,null,172623,5874.695648794211,508.0,144.0,0.0,12104672,21.69695749225,15607.0,Oply,car
28294756,twoway,67492.0,72124.0,186265,126200,null,126200,957.9799598653508,92.0,266.0,0.0,12104711,8.689420596,4632.0,Oply,car
27255739,twoway,51526.0,51830.0,254755,423936,null,70032,1867.3254395033762,140.0,164.0,0.0,12102631,4.540401132333334,304.0,Oply,car
27711422,twoway,58386.0,64058.0,37224,79825,null,79825,8546.913630518413,628.0,305.0,0.0,12120661,8.76013002,5672.0,Oply,car
27840954,twoway,55742.0,59115.0,501129,501127,null,501127,9284.068998980973,792.0,297.0,0.0,12133673,4.5019157605,3373.0,Oply,car
33681735,twoway,48813.0,52257.0,406139,474619,null,474619,14206.197827767406,1449.0,485.0,0.0,12105612,4.580021292,3444.0,Oply,car
33681734,twoway,37982.0,42463.0,406139,474619,null,474619,9707.667563231938,881.0,485.0,0.0,12105614,8.932838105333333,4481.0,Oply,car
27884882,twoway,59026.0,65638.0,257108,131665,null,131665,3586.148565676877,333.0,98.0,0.0,12131613,8.747214079,6612.0,Oply,car
28168860,twoway,77473.0,81122.0,255623,254295,null,254295,7145.586870435415,609.0,233.0,0.0,12102662,4.404052241083333,3649.0,Oply,car
27071639,twoway,71666.0,81289.0,21199,456157,null,456157,6513.78518169976,533.0,665.0,0.0,12103623,12.937896727666665,9623.0,Oply,car
27954718,twoway,43123.0,48622.0,450264,409369,null,409369,5035.776621983944,419.0,439.0,0.0,12121641,8.925519961583333,5499.0,Oply,car
27760840,twoway,58947.0,67799.0,37224,79825,null,79825,18074.770738271454,1302.0,305.0,0.0,12120662,13.039167673749999,8852.0,Oply,car
28008802,twoway,62611.0,69053.0,354404,474619,null,474619,14753.697669463872,1210.0,146.0,0.0,12105613,8.716392249083333,6442.0,Oply,car
32107184,twoway,72397.0,78470.0,175197,257127,null,257127,2129.763219065223,195.0,857.0,0.0,12095572,8.655032741666666,6073.0,Oply,car
29192140,twoway,48053.0,53948.0,486026,486024,null,486024,14091.770629199513,1190.0,356.0,0.0,12132661,8.890268772583333,5895.0,Oply,car
29312807,twoway,12460.0,46645.0,342369,13762,null,13762,100886.08602529355,4931.0,364.0,0.0,12133681,43.57353178333333,34185.0,Oply,car
26857866,twoway,61824.0,68831.0,210921,244185,null,244185,27433.123419077205,1754.0,370.0,0.0,12096532,8.723538176,7007.0,Oply,car
26944055,twoway,9296.0,37559.0,285022,275690,null,275690,12910.283976946426,1232.0,843.0,0.0,12131651,35.06779956933333,28263.0,Oply,car
27559392,twoway,43762.0,49213.0,323482,403375,null,403375,5582.205954582433,487.0,143.0,0.0,12132641,8.920418238833333,5451.0,Oply,car
27210723,twoway,58850.0,59536.0,271533,272361,null,302461,6518.246131308655,522.0,164.0,0.0,12102621,4.4627178375,686.0,Oply,car
26694219,twoway,57021.0,64872.0,477594,126200,null,126200,957.9799598653508,92.0,433.0,0.0,12104714,13.0557585205,7851.0,Oply,car
32870411,twoway,36888.0,46207.0,60517,289762,null,289762,15881.022470232954,1293.0,318.0,0.0,12131641,13.22815743,9319.0,Oply,car
27098904,twoway,44998.0,57644.0,186265,126200,null,126200,4559.055024668418,401.0,266.0,0.0,12104711,17.497205489333332,12646.0,Oply,car
27502283,twoway,68661.0,72229.0,220140,274193,null,274193,7672.635320201116,674.0,139.0,0.0,12133613,4.38600198975,3568.0,Oply,car
33262080,twoway,48488.0,49900.0,257108,131665,null,131665,9021.933194604602,747.0,98.0,0.0,12131611,4.580497540666666,1412.0,Oply,car
26760170,twoway,82684.0,85815.0,267939,408992,null,195830,1504.023822831287,145.0,2986.0,0.0,12104712,4.315685921,3131.0,Oply,car
27937051,twoway,68268.0,70514.0,125455,244185,null,244185,8994.51279692021,754.0,136.0,0.0,12096534,4.392015165,2246.0,Oply,car
29428095,twoway,48962.0,55621.0,231205,272361,null,272361,1480.5581116006708,173.0,247.0,0.0,12102621,8.8628534495,6659.0,Oply,car
27812228,twoway,63707.0,73428.0,21203,485280,null,485280,7173.367310230484,627.0,300.0,0.0,12131623,13.000108424416666,9721.0,Oply,car
29414923,twoway,77111.0,77943.0,137540,257127,null,229018,2520.3843293912146,220.0,612.0,0.0,12095571,4.3467418565000004,832.0,Oply,car
27239398,twoway,58012.0,66046.0,257108,131665,null,131665,6293.348671578887,539.0,98.0,0.0,12131611,13.051013716333333,8034.0,Oply,car
27899806,twoway,39512.0,45561.0,281928,274193,null,274193,8427.23668659901,746.0,89.0,0.0,12133612,8.91917607,6049.0,Oply,car
26951903,twoway,76502.0,80199.0,105073,151019,null,105073,6745.251148167472,593.0,2266.0,0.0,12096522,4.469401197333333,3697.0,Oply,car
28005764,twoway,57274.0,67961.0,323442,346913,null,346913,11548.40760467069,946.0,1076.0,0.0,12133733,13.058840848166666,10687.0,Oply,car
29776267,twoway,21992.0,32586.0,60517,289762,null,289762,19564.78167831663,1647.0,318.0,0.0,12131641,13.384228104666667,10594.0,Oply,car
29012704,twoway,62779.0,67363.0,402009,153654,null,153654,492.8971625739953,63.0,250.0,0.0,12103672,8.71289765125,4584.0,Oply,car
26753629,twoway,81944.0,86583.0,211596,355862,null,231536,4542.328663672749,391.0,4248.0,0.0,12104713,8.610323451333333,4639.0,Oply,car
27619637,twoway,72841.0,78558.0,281928,373984,null,373984,4025.4369882231636,352.0,724.0,0.0,12104681,8.6541067145,5717.0,Oply,car
32674453,twoway,76813.0,81500.0,500682,423936,null,423936,6296.5780791510115,512.0,288.0,0.0,12102631,8.6385621895,4687.0,Oply,car
26985909,twoway,48361.0,61336.0,229018,414631,null,414631,8697.084914248991,631.0,91.0,0.0,12120622,17.455547180416666,12975.0,Oply,car
28154651,twoway,53175.0,57680.0,257108,131665,null,131665,4858.008451919579,451.0,98.0,0.0,12131611,8.81678073125,4505.0,Oply,car
28154652,twoway,62165.0,67667.0,257108,131665,null,131665,2472.169724756712,270.0,98.0,0.0,12131614,8.720247945,5502.0,Oply,car
28151382,twoway,79849.0,81892.0,126200,373443,null,380434,6388.254252238048,538.0,1505.0,0.0,12104711,4.33317600325,2043.0,Oply,car
27295278,twoway,52861.0,60757.0,109036,346913,null,346913,6490.561055518971,559.0,342.0,0.0,12133732,13.109018478416665,7896.0,Oply,car
26936899,twoway,60715.0,66548.0,110655,8897,null,8897,8286.451126229884,691.0,1172.0,0.0,12133631,8.731391670833334,5833.0,Oply,car
29339050,twoway,77359.0,83524.0,490737,274193,null,274193,8092.335541833355,708.0,302.0,0.0,12133612,8.634742501583334,6165.0,Oply,car
27467290,twoway,57567.0,61455.0,363105,255316,null,255316,5307.254947174475,503.0,278.0,0.0,12132612,4.809216317,3888.0,Oply,car
27619640,twoway,52297.0,57239.0,281928,274193,null,274193,6631.5274615863655,612.0,89.0,0.0,12133612,8.823037871416666,4942.0,Oply,car
29012702,twoway,33910.0,38378.0,402009,153654,null,153654,3412.6447135078424,297.0,250.0,0.0,12103671,8.9596995375,4468.0,Oply,car
28021956,twoway,67321.0,72645.0,421149,410043,null,410043,3040.2796345419956,254.0,127.0,0.0,12096512,8.690410173,5324.0,Oply,car
28623142,twoway,65915.0,72486.0,105177,7103,null,7103,11620.690208121401,941.0,344.0,0.0,12120634,8.694156076666667,6571.0,Oply,car
29466065,twoway,65904.0,74438.0,241416,241480,null,241480,9722.437373104094,1514.0,1148.0,0.0,12132632,12.98531562,8534.0,Oply,car
27072893,twoway,71027.0,88070.0,403976,281994,null,281994,4614.242284546004,391.0,1133.0,0.0,12095581,21.520841346166666,17043.0,Oply,car
27415808,twoway,17289.0,26944.0,419028,8897,null,8897,9279.474384673465,823.0,557.0,0.0,12133631,13.45880844225,9655.0,Oply,car
26923421,twoway,60581.0,64051.0,112451,241480,null,241480,3081.9526592589614,281.0,406.0,0.0,12132631,4.442181489166667,3470.0,Oply,car
26785687,twoway,35487.0,44989.0,484179,484179,null,484179,5048.474765741955,438.0,1.0,0.0,12121632,13.2355638255,9502.0,Oply,car
26739277,twoway,38446.0,45735.0,299480,262858,null,262858,12853.841752607685,1039.0,374.0,0.0,12133702,9.042026317833333,7289.0,Oply,car
32285566,twoway,49453.0,54618.0,382149,274193,null,274193,1586.126992691306,146.0,91.0,0.0,12133611,8.859143821750001,5165.0,Oply,car
32169882,twoway,68140.0,74717.0,421149,410043,null,410043,9744.709924746576,837.0,127.0,0.0,12096511,8.682735325,6577.0,Oply,car
27723100,twoway,59598.0,65673.0,129560,410043,null,410043,8282.38951972316,630.0,253.0,0.0,12096511,8.7394115955,6075.0,Oply,car
29688821,twoway,33736.0,38906.0,189968,487115,null,487115,8054.172751760087,638.0,944.0,0.0,12132691,8.966602035333333,5170.0,Oply,car
27005815,twoway,41704.0,43514.0,137569,257127,null,257127,13270.583581673587,1060.0,113.0,0.0,12095572,4.632479375333333,1810.0,Oply,car
27723101,twoway,54693.0,58559.0,129560,410043,null,410043,8257.975280695595,630.0,253.0,0.0,12096511,4.827467744000001,3866.0,Oply,car
28810916,twoway,68333.0,73972.0,187458,346913,null,346913,6804.0711887200205,544.0,378.0,0.0,12133733,8.68164945875,5639.0,Oply,car
27745497,twoway,67768.0,72841.0,255923,243383,null,243383,3972.878208097874,337.0,206.0,0.0,12104631,8.68482829,5073.0,Oply,car
31386721,twoway,58352.0,64000.0,148466,316629,null,316629,6362.403554388707,535.0,426.0,0.0,12122631,8.761851545333334,5648.0,Oply,car
26808788,twoway,80481.0,85818.0,81621,131673,null,254295,2543.1319380847854,251.0,1658.0,0.0,12102661,8.61774201025,5337.0,Oply,car
27014400,twoway,59565.0,66002.0,362975,281994,null,281994,4782.673200361753,410.0,558.0,0.0,12095583,8.74104578,6437.0,Oply,car
26696722,twoway,56807.0,61733.0,87970,36249,null,36249,16009.112091885729,1290.0,254.0,0.0,12111613,8.76552591525,4926.0,Oply,car
29183476,twoway,86548.0,87113.0,270934,271647,null,118082,3192.7107265930163,257.0,308.0,0.0,12104641,4.288897683666667,565.0,Oply,car
29317060,twoway,42714.0,57260.0,186275,126200,null,126200,957.9799598653508,92.0,135.0,0.0,12104713,17.681126225,14546.0,Oply,car
26671440,twoway,35111.0,42182.0,362974,282876,null,282876,7290.743679063932,577.0,263.0,0.0,12102672,8.945515332583334,7071.0,Oply,car
26695510,twoway,53283.0,59868.0,442585,20711,null,20711,7764.518381659546,683.0,248.0,0.0,12132623,8.812462021750001,6585.0,Oply,car
28763578,twoway,68451.0,75718.0,189969,286148,null,286148,8010.6085759407815,687.0,314.0,0.0,12131682,8.760023794,7267.0,Oply,car
27941963,twoway,62722.0,68381.0,257116,282876,null,282876,9039.958315337664,705.0,839.0,0.0,12102672,8.7132183475,5659.0,Oply,car
28053567,twoway,50282.0,57696.0,415686,222465,null,222465,6298.860727059725,515.0,391.0,0.0,12102692,9.110945196666666,7414.0,Oply,car
27579935,twoway,60254.0,63789.0,65774,281994,null,281994,2516.5518008388412,243.0,161.0,0.0,12095581,4.4469108613333335,3535.0,Oply,car
26693570,twoway,75858.0,84242.0,286148,108588,null,286148,24303.921809453634,1468.0,3112.0,0.0,12131681,12.935525557999998,8384.0,Oply,car
28749374,twoway,54574.0,60363.0,320524,280126,null,280126,7871.263006750956,719.0,284.0,0.0,12103644,8.798283925333333,5789.0,Oply,car
27714502,twoway,42219.0,48046.0,37224,79825,null,79825,8987.131240580815,552.0,305.0,0.0,12120663,8.9256353265,5827.0,Oply,car
32181884,twoway,46653.0,52332.0,295993,110,null,110,6605.353245467036,515.0,351.0,0.0,12103631,8.91437494975,5679.0,Oply,car
28923301,twoway,64729.0,72169.0,271533,271647,null,271647,2068.2128493224986,203.0,660.0,0.0,12104641,8.997732485833332,7440.0,Oply,car
27509097,twoway,80833.0,84688.0,277054,423936,null,423936,4584.105634291125,355.0,378.0,0.0,12102632,4.626392406833333,3855.0,Oply,car
27714503,twoway,32579.0,39053.0,37224,79825,null,79825,19568.03653690444,1496.0,305.0,0.0,12120661,8.98663111025,6474.0,Oply,car
28057804,twoway,61406.0,67314.0,36144,280126,null,280126,3691.5495879585715,323.0,301.0,0.0,12103645,8.723301016166667,5908.0,Oply,car
28479717,twoway,49949.0,51910.0,501129,501127,null,501127,2388.70678813989,216.0,297.0,0.0,12133672,4.569302749916667,1961.0,Oply,car
32921140,twoway,66860.0,73170.0,184728,126200,null,126200,957.9799598653508,92.0,185.0,0.0,12104714,8.695172016666668,6310.0,Oply,car
27445065,twoway,54165.0,56858.0,172623,172623,null,172623,13308.518036641872,1141.0,1.0,0.0,12104673,4.51627089625,2693.0,Oply,car
28750118,twoway,28180.0,37683.0,8897,8897,null,8897,8953.768719765008,774.0,1.0,0.0,12133631,13.312986276666665,9503.0,Oply,car
26811922,twoway,70316.0,77114.0,490737,274193,null,274193,8704.558128721594,772.0,302.0,0.0,12133612,8.656703255666667,6798.0,Oply,car
26695508,twoway,43288.0,48330.0,442585,20711,null,20711,7594.09983122146,674.0,248.0,0.0,12132623,8.919582446,5042.0,Oply,car
33025684,twoway,28898.0,42710.0,157720,484179,null,484179,2078.3627599179013,254.0,365.0,0.0,12121631,17.603685432,13812.0,Oply,car
26691261,twoway,63407.0,68237.0,175197,257127,null,257127,2053.105177971878,175.0,857.0,0.0,12095572,8.708132324666666,4830.0,Oply,car
27903046,twoway,11619.0,51308.0,186275,126200,null,126200,231071.19787035775,9673.0,135.0,0.0,12104712,47.989206622999994,39689.0,Oply,car
27514106,twoway,70553.0,77807.0,192706,282876,null,282876,6845.777041070199,577.0,169.0,0.0,12102671,8.714723887333333,7254.0,Oply,car
28920154,twoway,46978.0,49371.0,7101,7103,null,7103,11272.895570031578,856.0,122.0,0.0,12120634,4.615303773666667,2393.0,Oply,car
28031309,twoway,82595.0,83333.0,142046,244185,null,125531,478.5012568474093,69.0,669.0,0.0,12096533,4.316504995833333,738.0,Oply,car
28751477,twoway,73384.0,79014.0,65774,281994,null,281994,6658.567116356582,600.0,161.0,0.0,12095583,8.655323592,5630.0,Oply,car
27217556,twoway,74463.0,82058.0,70032,414631,null,414631,10610.403449156782,860.0,67.0,0.0,12120623,12.93971904325,7595.0,Oply,car
27023146,twoway,23917.0,33592.0,1219,262858,null,262858,12594.918392437214,1123.0,456.0,0.0,12133701,13.355466875416665,9675.0,Oply,car
28049067,twoway,82249.0,90540.0,126200,380434,null,477405,8651.63185220274,694.0,7597.0,0.0,12104711,12.89869274975,8291.0,Oply,car
28416528,twoway,9712.0,45151.0,295993,110,null,110,53933.85448095357,2755.0,351.0,0.0,12103631,43.63143736266667,35439.0,Oply,car
27241425,twoway,54283.0,56194.0,97168,484179,null,484179,12967.024559051499,1074.0,118.0,0.0,12121633,4.515442605083333,1911.0,Oply,car
28415797,twoway,65717.0,71260.0,136309,42301,null,42301,6723.424671711274,525.0,326.0,0.0,12104663,8.695259464666666,5543.0,Oply,car
29550622,twoway,8719.0,32349.0,37224,79825,null,79825,4064.3962754534605,333.0,305.0,0.0,12120661,30.787558058833334,23630.0,Oply,car
26695509,twoway,51467.0,58010.0,442585,20711,null,20711,7813.8074991758385,709.0,248.0,0.0,12132622,8.83269658875,6543.0,Oply,car
26696719,twoway,60322.0,63118.0,87970,36249,null,36249,4278.954334728431,312.0,254.0,0.0,12111611,4.443708078333334,2796.0,Oply,car
28587458,twoway,48294.0,52516.0,424627,454386,null,454386,8803.485929918897,741.0,356.0,0.0,12122611,8.8760677425,4222.0,Oply,car
34889448,twoway,73413.0,77055.0,267465,66928,null,66928,1468.8576424164812,163.0,251.0,0.0,12108611,4.4137639955,3642.0,Oply,car
27092681,twoway,76285.0,80732.0,456888,60605,null,60605,7480.036258932351,614.0,266.0,0.0,12107632,8.6417874775,4447.0,Oply,car
27206557,twoway,55800.0,61404.0,75117,487115,null,487115,6915.803270243472,601.0,352.0,0.0,12132691,8.78823555,5604.0,Oply,car
27164892,twoway,72425.0,76981.0,186265,126200,null,126200,18938.18495149927,1447.0,266.0,0.0,12104711,8.652636227083333,4556.0,Oply,car
27704722,twoway,56655.0,66842.0,98440,60605,null,60605,9012.018378537625,743.0,957.0,0.0,12107632,13.059666513749999,10187.0,Oply,car
27021081,twoway,76642.0,81545.0,280126,280126,null,280126,11682.146508508384,1033.0,1.0,0.0,12103641,8.638561010666667,4903.0,Oply,car
26691130,twoway,8037.0,39514.0,362976,282876,null,282876,13021.268730802964,1036.0,409.0,0.0,12102671,39.382606938,31477.0,Oply,car
26829324,twoway,31235.0,38039.0,364183,20711,null,20711,7387.64840487102,637.0,92.0,0.0,12132621,9.002697215416667,6804.0,Oply,car
28553452,twoway,69367.0,77204.0,131673,131665,null,131665,7175.453772693442,628.0,361.0,0.0,12131611,12.96035580675,7837.0,Oply,car
26996423,twoway,75117.0,80934.0,136309,42301,null,42301,7372.882212474054,623.0,326.0,0.0,12104663,8.64589930175,5817.0,Oply,car
32982380,twoway,61184.0,67332.0,359302,456157,null,456157,4284.979513448917,359.0,379.0,0.0,12103623,8.72187152,6148.0,Oply,car
27513012,twoway,66578.0,74363.0,446130,456157,null,456157,11136.164112029737,781.0,941.0,0.0,12103621,12.983647785166665,7785.0,Oply,car
26933106,twoway,10733.0,16069.0,186265,126200,null,126200,1242.0828296979575,128.0,266.0,0.0,12104711,9.293590254666666,5336.0,Oply,car
32265607,twoway,10685.0,43493.0,37224,79825,null,79825,10340.615896112115,891.0,305.0,0.0,12120662,43.61809998875,32808.0,Oply,car
27000399,twoway,51595.0,58628.0,131675,131665,null,131665,5911.7331021705795,537.0,316.0,0.0,12131613,8.829905700833333,7033.0,Oply,car
32099644,twoway,41005.0,47251.0,402011,153654,null,153654,13645.858960534613,1115.0,243.0,0.0,12103672,8.927835404583334,6246.0,Oply,car
27468661,twoway,68521.0,75658.0,37224,79825,null,79825,18473.155827609426,1240.0,305.0,0.0,12120663,8.678675690916666,7137.0,Oply,car
26831630,twoway,38448.0,45678.0,6527,20711,null,20711,8119.0826357829765,862.0,375.0,0.0,12132622,8.969442207999998,7230.0,Oply,car
28439751,twoway,10927.0,44079.0,257108,131665,null,131665,4715.566719724511,429.0,98.0,0.0,12131611,43.60771661041667,33152.0,Oply,car
27750518,twoway,65282.0,76041.0,60517,289762,null,289762,17813.728141297182,1429.0,318.0,0.0,12131643,12.985420429,10759.0,Oply,car
27751844,twoway,65086.0,71116.0,390150,145569,null,145569,5884.257404252803,537.0,387.0,0.0,12102612,8.6999178925,6030.0,Oply,car
26793155,twoway,70860.0,77693.0,333278,316629,null,316629,6638.462490822154,533.0,368.0,0.0,12122631,8.652443595,6833.0,Oply,car
27775933,twoway,69057.0,79610.0,421149,454386,null,454386,7585.817050503483,601.0,596.0,0.0,12122611,12.9647881665,10553.0,Oply,car
26769049,twoway,14895.0,50959.0,445439,445439,null,445439,11024.115404155284,979.0,1.0,0.0,12133691,43.59686767625,36064.0,Oply,car
27875548,twoway,59815.0,66393.0,291599,281413,null,281413,8994.408370037123,759.0,338.0,0.0,12102681,8.733847395,6578.0,Oply,car
26889733,twoway,69293.0,75068.0,157720,36249,null,36249,3602.8886290076493,371.0,835.0,0.0,12111611,8.672581658416666,5775.0,Oply,car
26718933,twoway,65198.0,70377.0,267414,211949,null,211949,1737.5417321552843,182.0,405.0,0.0,12122641,8.697015604833334,5179.0,Oply,car
27308508,twoway,56315.0,63543.0,108588,152242,null,152242,8126.989287035725,660.0,259.0,0.0,12133652,8.8131188775,7228.0,Oply,car
28053912,twoway,55328.0,61368.0,289774,289762,null,289762,10560.925208172805,844.0,290.0,0.0,12131643,8.793112490666667,6040.0,Oply,car
28216613,twoway,69591.0,74876.0,403976,139511,null,139511,4838.667862140635,389.0,709.0,0.0,12104691,8.66736617825,5285.0,Oply,car
27050544,twoway,86619.0,86870.0,131665,131665,null,419114,3110.4759644366577,250.0,1.0,0.0,12131611,0.29836886974999993,251.0,Oply,car
27669894,twoway,57302.0,58824.0,500879,501127,null,501127,4028.160784076337,433.0,326.0,0.0,12133671,4.47710014,1522.0,Oply,car
27946037,twoway,70029.0,80734.0,442047,105073,null,105073,7148.7193989080515,556.0,699.0,0.0,12096523,12.95158078575,10705.0,Oply,car
34974198,twoway,72352.0,75383.0,379132,370301,null,370301,17267.458728237514,1228.0,115.0,0.0,12132682,4.366026605333333,3031.0,Oply,car
29083410,twoway,7686.0,37805.0,134304,337736,null,337736,111612.91000955008,4291.0,436.0,0.0,12102701,39.3902853225,30119.0,Oply,car
27982110,twoway,37697.0,42471.0,60517,289762,null,289762,17268.364974292825,1451.0,318.0,0.0,12131642,8.93230532625,4774.0,Oply,car
27305231,twoway,53588.0,63463.0,8200,378375,null,378375,9098.769171139807,697.0,141.0,0.0,12106613,13.096804746999998,9875.0,Oply,car
26800101,twoway,73859.0,79099.0,21203,485280,null,485280,4929.354084203102,499.0,300.0,0.0,12131623,8.653918744166667,5240.0,Oply,car
28068296,twoway,45578.0,53325.0,229018,414631,null,414631,6767.3343022891895,500.0,91.0,0.0,12120623,13.209043719166665,7747.0,Oply,car
27601862,twoway,55787.0,64537.0,421149,410043,null,410043,11641.53927627888,850.0,127.0,0.0,12096512,13.079964362666665,8750.0,Oply,car
27186333,twoway,20970.0,30187.0,409974,42301,null,42301,6055.212232391311,564.0,427.0,0.0,12104661,13.395893625,9217.0,Oply,car
34960688,twoway,53278.0,59256.0,145550,145569,null,145569,9108.33426008051,810.0,247.0,0.0,12102612,8.814271906,5978.0,Oply,car
31743937,twoway,13889.0,41900.0,295993,280126,null,280126,28097.438198980442,1587.0,534.0,0.0,12103641,34.957202497666664,28011.0,Oply,car
27248587,twoway,61685.0,68151.0,289774,289762,null,289762,15445.679042732867,1277.0,290.0,0.0,12131641,8.723025705,6466.0,Oply,car
29145679,twoway,69988.0,75550.0,356662,274193,null,274193,5445.77895467935,497.0,178.0,0.0,12133611,8.664423328,5562.0,Oply,car
32358955,twoway,69081.0,75577.0,378954,370301,null,370301,1825.9072118706324,214.0,364.0,0.0,12132681,8.67372898475,6496.0,Oply,car
28046488,twoway,50460.0,55993.0,75117,487115,null,487115,4476.058294296189,381.0,352.0,0.0,12132692,8.847684115,5533.0,Oply,car
28176764,twoway,72869.0,75486.0,98440,60605,null,60605,5881.315106374755,481.0,957.0,0.0,12107631,4.364678716583334,2617.0,Oply,car
26725247,twoway,89091.0,89578.0,180209,423936,null,256822,2535.4579881974755,212.0,275.0,0.0,12102633,4.269813015,487.0,Oply,car
29612713,twoway,58635.0,60041.0,225710,380534,null,132980,2561.0879216391477,187.0,1219.0,0.0,12120651,4.46406572625,1406.0,Oply,car
27264705,twoway,71573.0,72309.0,316616,337736,null,78898,1495.8093974367168,121.0,615.0,0.0,12102701,4.357530807083333,736.0,Oply,car
26914128,twoway,54091.0,60928.0,172993,456157,null,456157,1029.5892808435856,116.0,107.0,0.0,12103621,8.808521557,6837.0,Oply,car
29374788,twoway,66942.0,72661.0,175197,1384,null,1384,782.1099817951717,97.0,121.0,0.0,12102641,8.6936460705,5719.0,Oply,car
27714563,twoway,80458.0,83922.0,125553,105073,null,105073,4066.4518398930973,316.0,142.0,0.0,12096521,4.32820706,3464.0,Oply,car
26716528,twoway,60784.0,66134.0,280055,320455,null,320455,4947.221608026489,453.0,234.0,0.0,12103612,8.730984973333333,5350.0,Oply,car
27564566,twoway,7270.0,39767.0,137569,257127,null,257127,6524.999360539933,556.0,113.0,0.0,12095571,39.518649145,32497.0,Oply,car
29662293,twoway,48683.0,49526.0,33093,254295,null,131673,1675.7785991304363,142.0,701.0,0.0,12102661,4.581024372,843.0,Oply,car
27600628,twoway,20300.0,31744.0,21203,485280,null,485280,13764.893253770459,1089.0,300.0,0.0,12131621,17.698362466666666,11444.0,Oply,car
27418930,twoway,55316.0,61307.0,50756,484179,null,484179,2891.9832258399056,255.0,259.0,0.0,12121631,8.794860379,5991.0,Oply,car
29609312,twoway,47842.0,59875.0,402011,153654,null,153654,13710.638821059461,1174.0,243.0,0.0,12103671,17.474042057333335,12033.0,Oply,car
26760447,twoway,63635.0,69470.0,75101,346913,null,346913,5184.2409624557295,461.0,366.0,0.0,12133732,8.711741055000001,5835.0,Oply,car
26917884,twoway,74889.0,75346.0,22286,153662,null,296747,2175.3780551107075,188.0,269.0,0.0,12103662,4.3578477525,457.0,Oply,car
27468418,twoway,72253.0,77901.0,129560,454386,null,454386,3844.0391905856577,342.0,391.0,0.0,12122612,8.654288254833334,5648.0,Oply,car
28122562,twoway,57541.0,66850.0,340768,7103,null,7103,7058.649679590145,585.0,877.0,0.0,12120632,13.054017008583333,9309.0,Oply,car
28121111,twoway,60961.0,67241.0,43312,380534,null,380534,15621.312012875453,1244.0,205.0,0.0,12120652,8.725852386583334,6280.0,Oply,car
27452087,twoway,79699.0,84495.0,21203,485280,null,485280,12709.116873887206,1008.0,300.0,0.0,12131623,8.624523677666668,4796.0,Oply,car
26841100,twoway,43221.0,54001.0,440138,486024,null,486024,10701.581738335106,846.0,244.0,0.0,12132662,13.212423863,10780.0,Oply,car
28960673,twoway,51467.0,57276.0,440255,126200,null,126200,957.9799598653508,92.0,127.0,0.0,12104712,8.834568415333333,5809.0,Oply,car
26736112,twoway,34699.0,40221.0,61447,257127,null,257127,13352.372315063416,1064.0,174.0,0.0,12095572,8.95399210875,5522.0,Oply,car
28352417,twoway,41570.0,45621.0,257116,131665,null,131665,5889.4819196546205,519.0,193.0,0.0,12131613,8.923506139166667,4051.0,Oply,car
26736115,twoway,52207.0,58246.0,61447,257127,null,257127,12311.225471944232,979.0,174.0,0.0,12095572,8.821847089,6039.0,Oply,car
31072036,twoway,68078.0,78081.0,501129,501127,null,501127,2060.1798928222383,234.0,297.0,0.0,12133673,12.973084152499998,10003.0,Oply,car
29017550,twoway,22255.0,28278.0,487247,469756,null,469756,7943.7092527336845,759.0,234.0,0.0,12132671,9.088691231666667,6023.0,Oply,car
26880919,twoway,58940.0,60635.0,389093,87195,null,87195,12208.789937420013,878.0,149.0,0.0,12133622,4.460682206666666,1695.0,Oply,car
29197333,twoway,62553.0,66850.0,241416,301163,null,301163,6021.803606590844,447.0,196.0,0.0,12133642,8.718002589,4297.0,Oply,car
28376733,twoway,38603.0,45118.0,290432,243383,null,243383,2910.5494245553114,262.0,405.0,0.0,12104631,8.92575154875,6515.0,Oply,car
27414442,twoway,38472.0,40666.0,364147,20711,null,20711,13618.666645178786,1099.0,414.0,0.0,12132623,4.63669917,2194.0,Oply,car
34327119,twoway,18743.0,24095.0,456159,456157,null,456157,4478.590153289109,403.0,145.0,0.0,12103622,9.141919575416667,5352.0,Oply,car
27445225,twoway,17324.0,35382.0,498129,454386,null,454386,48596.61882929025,2291.0,382.0,0.0,12122611,22.104808928666667,18058.0,Oply,car
27340041,twoway,83133.0,84354.0,316616,337736,null,275609,6714.308575085596,606.0,615.0,0.0,12102702,4.31258232075,1221.0,Oply,car
30265930,twoway,63153.0,71212.0,419130,302461,null,272361,12002.48189181177,942.0,6483.0,0.0,12102621,13.00079343375,8059.0,Oply,car
28017731,twoway,74706.0,84098.0,478215,282876,null,282876,6317.301079619842,489.0,678.0,0.0,12102672,12.9382997815,9392.0,Oply,car
29058491,twoway,53438.0,61466.0,440255,378375,null,378375,27346.367320716035,2016.0,795.0,0.0,12106612,13.099607798333333,8028.0,Oply,car
29659945,twoway,70231.0,75788.0,96576,244185,null,244185,6153.229999941773,497.0,256.0,0.0,12096533,8.658841391416667,5557.0,Oply,car
26843420,twoway,51934.0,57820.0,195752,255316,null,255316,10886.836961837529,939.0,389.0,0.0,12132613,8.8293184275,5886.0,Oply,car
27003114,twoway,80418.0,81126.0,316274,126200,null,355862,4728.518806558584,397.0,311.0,0.0,12104713,4.3287847955,708.0,Oply,car
29916963,twoway,44066.0,49500.0,187458,346913,null,346913,5223.9421950901215,406.0,378.0,0.0,12133732,8.920259525,5434.0,Oply,car
28563787,twoway,41149.0,45147.0,350145,275690,null,275690,6500.455837934332,535.0,223.0,0.0,12131651,8.924307317166667,3998.0,Oply,car
32256056,twoway,60825.0,66215.0,172611,1825,null,1825,4775.274636044989,416.0,351.0,0.0,12107641,8.72937291875,5390.0,Oply,car
29866529,twoway,84265.0,90530.0,456014,456157,null,456157,12197.381282528491,997.0,383.0,0.0,12103624,8.595100855,6265.0,Oply,car
28563789,twoway,64766.0,70578.0,350145,275690,null,275690,7225.861237005175,640.0,223.0,0.0,12131651,8.706355179833334,5812.0,Oply,car
27258130,twoway,70755.0,78158.0,320524,280126,null,280126,4338.256622922324,371.0,284.0,0.0,12103643,8.894609701250001,7403.0,Oply,car
27332411,twoway,26908.0,37217.0,282261,245646,null,245646,9612.520167877707,800.0,446.0,0.0,12131661,13.325852492333333,10309.0,Oply,car
26814940,twoway,46525.0,52993.0,131673,131665,null,131665,6913.3695357639235,578.0,361.0,0.0,12131614,8.915451760416667,6468.0,Oply,car
27694923,twoway,74095.0,81283.0,275609,456157,null,456157,6111.18100064807,520.0,1034.0,0.0,12103622,8.65318706375,7188.0,Oply,car
31502089,twoway,27228.0,45754.0,257254,445439,null,445439,104884.82714727952,5744.0,1123.0,0.0,12133692,26.193400518999997,18526.0,Oply,car
27726435,twoway,39774.0,46084.0,486822,257127,null,257127,12623.547081731818,1009.0,294.0,0.0,12095571,8.924775957,6310.0,Oply,car
26770364,twoway,8622.0,40165.0,97547,286148,null,286148,5586.817612784332,515.0,683.0,0.0,12131682,39.3726716235,31543.0,Oply,car
28631277,twoway,67927.0,73321.0,492426,281413,null,281413,5796.718129791687,519.0,498.0,0.0,12102681,8.68393371625,5394.0,Oply,car
32796888,twoway,58560.0,63581.0,255282,255316,null,255316,3890.345672756941,389.0,165.0,0.0,12132613,8.75453592,5021.0,Oply,car
27809420,twoway,59081.0,68090.0,364077,373984,null,373984,10041.645329494177,852.0,117.0,0.0,12104682,13.035414268416666,9009.0,Oply,car
27979046,twoway,48882.0,54620.0,43312,380534,null,380534,8126.782476878431,688.0,205.0,0.0,12120652,8.8674785485,5738.0,Oply,car
31179974,twoway,69952.0,76685.0,447997,501127,null,501127,4028.160784076337,432.0,330.0,0.0,12133672,8.665489850666667,6733.0,Oply,car
32796891,twoway,73408.0,76173.0,255282,255316,null,255316,5607.984951974157,558.0,165.0,0.0,12132612,4.364488549333333,2765.0,Oply,car
29013173,twoway,66975.0,72862.0,442311,42301,null,42301,10109.917068184928,831.0,331.0,0.0,12104661,8.69345333125,5887.0,Oply,car
27482412,twoway,50964.0,58202.0,81169,87195,null,87195,5477.848692777194,449.0,297.0,0.0,12133622,8.890132723,7238.0,Oply,car
27401241,twoway,48263.0,56929.0,186265,126200,null,126200,4768.512128197595,398.0,266.0,0.0,12104714,13.17039561475,8666.0,Oply,car
28931088,twoway,64288.0,69929.0,75117,487115,null,487115,7123.464950460797,660.0,352.0,0.0,12132692,8.713886317333333,5641.0,Oply,car
27880711,twoway,81059.0,87779.0,460492,13928,null,13928,13549.464542695527,1121.0,165.0,0.0,12121611,8.614915007166667,6720.0,Oply,car
29201599,twoway,72402.0,79942.0,440255,126200,null,126200,1371.314769740647,147.0,127.0,0.0,12104713,12.943505831,7540.0,Oply,car
27102936,twoway,65360.0,71647.0,363105,255316,null,255316,2935.255907978199,295.0,278.0,0.0,12132612,8.69499412,6287.0,Oply,car
27935590,twoway,56959.0,69642.0,168281,257127,null,257127,6578.823554129003,531.0,620.0,0.0,12095571,17.346150536166668,12683.0,Oply,car
29058392,twoway,64841.0,70983.0,272402,153654,null,153654,3048.4438091879138,302.0,218.0,0.0,12103671,8.704761933,6142.0,Oply,car
26841256,twoway,1521.0,7367.0,333278,316629,null,316629,6073.385521151941,503.0,368.0,0.0,12122631,9.4441389525,5846.0,Oply,car
29690404,twoway,33976.0,43833.0,440255,126200,null,126200,29581.7612890037,2225.0,127.0,0.0,12104711,13.246413057333333,9857.0,Oply,car
27329469,twoway,50101.0,55022.0,419130,153662,null,153662,9265.659993680849,809.0,584.0,0.0,12103661,8.856193041166666,4921.0,Oply,car
28176452,twoway,64973.0,70753.0,500682,423936,null,423936,5742.04068853514,454.0,288.0,0.0,12102631,8.701701788833333,5780.0,Oply,car
26845977,twoway,28114.0,33976.0,60517,289762,null,289762,4836.449070759084,497.0,318.0,0.0,12131642,9.026611617833334,5862.0,Oply,car
29600526,twoway,42923.0,47021.0,157720,484179,null,484179,3001.8269544752156,298.0,365.0,0.0,12121633,8.9294463875,4098.0,Oply,car
26738200,twoway,59785.0,70806.0,79496,445439,null,445439,12208.938587062257,1002.0,201.0,0.0,12133691,13.285447125416667,11021.0,Oply,car
26903435,twoway,12687.0,48505.0,351044,271647,null,271647,4090.791057729595,321.0,511.0,0.0,12104641,43.56751421425,35818.0,Oply,car
27129189,twoway,37162.0,41503.0,498129,454386,null,454386,3844.0391905856577,341.0,382.0,0.0,12122613,8.933537046333333,4341.0,Oply,car
26738201,twoway,47880.0,58692.0,79496,445439,null,445439,16660.135989701317,1103.0,201.0,0.0,12133692,13.191668530000001,10812.0,Oply,car
28811623,twoway,50199.0,56122.0,359317,244185,null,244185,6890.720832533881,584.0,217.0,0.0,12096531,8.85350760525,5923.0,Oply,car
27641061,twoway,6428.0,42490.0,209248,346913,null,346913,35456.54004388109,2529.0,259.0,0.0,12133731,43.775611270666666,36062.0,Oply,car
28176454,twoway,71179.0,75104.0,500682,423936,null,423936,2527.400746708202,231.0,288.0,0.0,12102632,8.648509721,3925.0,Oply,car
28934487,twoway,74791.0,81028.0,37829,172623,null,172623,9957.461209962632,805.0,392.0,0.0,12104673,8.647181283,6237.0,Oply,car
28600676,twoway,57424.0,60301.0,125457,244185,null,244185,9128.385272798363,718.0,238.0,0.0,12096534,4.47631568,2877.0,Oply,car
28588940,twoway,59863.0,65202.0,370300,370301,null,370301,2801.9293534489802,265.0,90.0,0.0,12132682,8.733569619,5339.0,Oply,car
28932186,twoway,80653.0,81235.0,299824,280126,null,7101,2912.497890505319,263.0,319.0,0.0,12103645,4.326645266583333,582.0,Oply,car
31426869,twoway,33198.0,39532.0,486026,486024,null,486024,15442.207070777782,1323.0,356.0,0.0,12132662,8.973402189,6334.0,Oply,car
27753936,twoway,46894.0,57072.0,289774,289762,null,289762,7462.988839058257,645.0,290.0,0.0,12131642,13.198113790833332,10178.0,Oply,car
27633340,twoway,56014.0,61565.0,373347,271647,null,271647,1376.581537589401,136.0,211.0,0.0,12104641,8.788407445333334,5551.0,Oply,car
29388617,twoway,37160.0,51856.0,342369,13762,null,13762,6781.03195705944,542.0,364.0,0.0,12133683,17.86618985,14696.0,Oply,car
29885260,twoway,53345.0,59843.0,389729,153654,null,153654,13645.858960534613,1116.0,386.0,0.0,12103672,8.812026817916667,6498.0,Oply,car
28304075,twoway,22333.0,28733.0,421149,410043,null,410043,4061.664989555016,358.0,127.0,0.0,12096511,9.08463974225,6400.0,Oply,car
27176351,twoway,66443.0,78747.0,132622,456157,null,456157,9950.524021309404,828.0,445.0,0.0,12103624,17.276560521583335,12304.0,Oply,car
28763835,twoway,76141.0,83007.0,195834,281413,null,281413,5975.01026801745,494.0,429.0,0.0,12102681,8.643216812916666,6866.0,Oply,car
28869916,twoway,13059.0,40090.0,356662,274193,null,274193,17466.045101270647,1068.0,178.0,0.0,12133611,34.980215682,27031.0,Oply,car
26905504,twoway,50487.0,57780.0,36249,36249,null,36249,8254.956213344594,717.0,1.0,0.0,12111612,8.9555586785,7293.0,Oply,car
27889513,twoway,54132.0,60517.0,241416,301163,null,301163,1559.7930667562878,154.0,196.0,0.0,12133642,8.808231564,6385.0,Oply,car
27315081,twoway,67477.0,73304.0,11902,1384,null,1384,12912.279367738829,1047.0,395.0,0.0,12102642,8.690521358416667,5827.0,Oply,car
28685029,twoway,58393.0,66867.0,174249,1384,null,1384,13497.441875818524,1118.0,296.0,0.0,12102642,13.048584301583332,8474.0,Oply,car
27117050,twoway,67731.0,74991.0,449534,42301,null,42301,5817.464960704032,503.0,387.0,0.0,12104662,8.758037503,7260.0,Oply,car
29028763,twoway,68383.0,74636.0,342369,13762,null,13762,1707.8046360814653,131.0,364.0,0.0,12133682,8.68136814625,6253.0,Oply,car
27999082,twoway,62233.0,67554.0,361058,244185,null,244185,8296.783225586645,721.0,324.0,0.0,12096531,8.719854429,5321.0,Oply,car
28686595,twoway,56484.0,61804.0,485278,485280,null,485280,3034.6370500806943,349.0,119.0,0.0,12131623,8.775565878,5320.0,Oply,car
27714263,twoway,54644.0,60021.0,286607,251159,null,251159,4628.032262127262,418.0,639.0,0.0,12104702,8.799505411,5377.0,Oply,car
26531737,twoway,58460.0,59115.0,316616,126200,null,243379,6080.027091440207,523.0,132.0,0.0,12104713,4.466659963333333,655.0,Oply,car
27714140,twoway,74321.0,82359.0,245103,152242,null,152242,6234.293453985349,535.0,491.0,0.0,12133652,12.94184287225,8038.0,Oply,car
33624130,twoway,81488.0,82077.0,436770,42301,null,11624,526.2058393622426,61.0,528.0,0.0,12104662,4.323426569333334,589.0,Oply,car
27858928,twoway,11466.0,39045.0,120291,456157,null,456157,22717.22872105518,1683.0,522.0,0.0,12103621,35.0146319355,27579.0,Oply,car
28686596,twoway,26541.0,35460.0,485278,485280,null,485280,3290.3037757952393,372.0,119.0,0.0,12131622,13.331872043999999,8919.0,Oply,car
32286062,twoway,52628.0,55447.0,449763,409369,null,409369,4145.885599178483,327.0,371.0,0.0,12121641,4.532488588666666,2819.0,Oply,car
27397893,twoway,35017.0,40692.0,50756,484179,null,484179,9521.231373619037,691.0,259.0,0.0,12121633,8.948938503833334,5675.0,Oply,car
32394521,twoway,60273.0,65957.0,501129,501127,null,501127,5435.664399766873,461.0,297.0,0.0,12133672,8.73539686425,5684.0,Oply,car
31574958,twoway,79874.0,86348.0,61449,229018,null,257127,2193.495431060974,212.0,2006.0,0.0,12095571,8.622661549666667,6474.0,Oply,car
27397896,twoway,47465.0,49034.0,50756,484179,null,484179,7380.303996667659,647.0,259.0,0.0,12121631,4.611285130833333,1569.0,Oply,car
26749823,twoway,77932.0,78430.0,270940,272361,null,343967,2492.7705857692213,202.0,296.0,0.0,12102621,4.342180521666667,498.0,Oply,car
31420147,twoway,69758.0,74076.0,153656,153654,null,153654,1613.8367914140788,149.0,162.0,0.0,12103672,8.666498181833333,4318.0,Oply,car
28546281,twoway,52715.0,58053.0,498129,454386,null,454386,3058.4403889877294,238.0,382.0,0.0,12122612,8.821863914166666,5338.0,Oply,car
28546282,twoway,50317.0,55034.0,498129,454386,null,454386,3236.166565295802,264.0,382.0,0.0,12122613,8.848749190916667,4717.0,Oply,car
28151723,twoway,55284.0,60395.0,257108,131665,null,131665,6122.420958398229,557.0,98.0,0.0,12131614,8.795081571,5111.0,Oply,car
26884573,twoway,34387.0,44301.0,229018,414631,null,414631,5312.188324990506,389.0,91.0,0.0,12120622,13.243462008833333,9914.0,Oply,car
29072135,twoway,43374.0,48753.0,36144,280126,null,280126,6181.511067667598,521.0,301.0,0.0,12103643,8.9189050455,5379.0,Oply,car
28665783,twoway,71450.0,72174.0,444375,7103,null,255282,4735.626996969674,394.0,330.0,0.0,12120632,4.3596931625,724.0,Oply,car
28161672,twoway,60411.0,65832.0,391664,172623,null,172623,4797.0165358055,418.0,191.0,0.0,12104674,8.7331834975,5421.0,Oply,car
28560369,twoway,33802.0,43289.0,131675,131665,null,131665,9345.770523585397,758.0,316.0,0.0,12131612,13.253299158666666,9487.0,Oply,car
26992808,twoway,79620.0,80817.0,131675,131665,null,131665,9345.770523585397,758.0,316.0,0.0,12131611,4.33504858,1197.0,Oply,car
27723099,twoway,63763.0,69594.0,129560,454386,null,454386,3979.1781000923274,358.0,391.0,0.0,12122612,8.709787353083334,5831.0,Oply,car
27260533,twoway,62507.0,68880.0,275609,485280,null,485280,7523.89375802941,740.0,334.0,0.0,12131622,8.719549057583333,6373.0,Oply,car
32371751,twoway,64532.0,68932.0,100067,454386,null,454386,7950.333157991555,607.0,747.0,0.0,12122611,8.708893636666668,4400.0,Oply,car
27911786,twoway,7677.0,42804.0,64795,380534,null,380534,214416.55726501974,8256.0,993.0,0.0,12120651,43.6845927795,35127.0,Oply,car
26964562,twoway,65162.0,70720.0,487114,487115,null,487115,6928.636702004577,519.0,117.0,0.0,12132691,8.698352294666666,5558.0,Oply,car
27723097,twoway,60320.0,63502.0,129560,454386,null,454386,6764.50463278784,538.0,391.0,0.0,12122611,4.44511732,3182.0,Oply,car
27495069,twoway,41011.0,46902.0,356662,274193,null,274193,10216.966952343606,843.0,178.0,0.0,12133613,8.925357336166666,5891.0,Oply,car
34462705,twoway,70810.0,75877.0,125553,105073,null,105073,4757.136902809995,370.0,142.0,0.0,12096521,8.653512046666666,5067.0,Oply,car
27382061,twoway,46813.0,56966.0,434340,79825,null,79825,13485.95574399356,1087.0,127.0,0.0,12120661,13.200907733,10153.0,Oply,car
27317964,twoway,57571.0,64702.0,257303,255488,null,255488,4509.434221827177,417.0,1266.0,0.0,12103681,8.757646700416666,7131.0,Oply,car
29838166,twoway,76331.0,81067.0,440255,126200,null,126200,1242.0828296979575,128.0,127.0,0.0,12104712,8.640427425333334,4736.0,Oply,car
28927661,twoway,52958.0,58641.0,153658,153662,null,153662,2836.6820098433345,259.0,193.0,0.0,12103662,8.818327199833334,5683.0,Oply,car
29040308,twoway,75035.0,75738.0,255299,105073,null,151019,2360.4894482545997,188.0,515.0,0.0,12096522,4.356378229583333,703.0,Oply,car
28301823,twoway,75522.0,80523.0,36144,280126,null,280126,7428.96080309951,610.0,301.0,0.0,12103644,8.6446996245,5001.0,Oply,car
31091680,twoway,73848.0,76663.0,242977,255316,null,255316,4696.793786844587,436.0,336.0,0.0,12132613,4.364656158,2815.0,Oply,car
32289422,twoway,46050.0,52277.0,354404,474619,null,474619,12115.774086851157,1069.0,146.0,0.0,12105611,8.921609825,6227.0,Oply,car
27010839,twoway,69339.0,73372.0,320475,280126,null,280126,8663.230786018596,736.0,102.0,0.0,12103642,8.671418525,4033.0,Oply,car
33937858,twoway,70469.0,77000.0,320425,320455,null,320455,10007.258794073852,893.0,283.0,0.0,12103613,8.655119975333333,6531.0,Oply,car
26790176,twoway,11241.0,36496.0,428820,105073,null,105073,14550.055241238619,1133.0,537.0,0.0,12096521,30.800744936500003,25255.0,Oply,car
28344632,twoway,67467.0,72232.0,186265,413150,null,126200,3596.665703827335,362.0,2545.0,0.0,12104712,8.6915942575,4765.0,Oply,car
27073240,twoway,61517.0,72313.0,365912,20711,null,20711,6042.215485897661,652.0,632.0,0.0,12132622,13.012664606916665,10796.0,Oply,car
27609177,twoway,67749.0,74255.0,294765,403375,null,403375,7689.135746067523,676.0,141.0,0.0,12132642,8.68693395425,6506.0,Oply,car
28597553,twoway,75959.0,82770.0,382149,274193,null,274193,46705.77590802418,3271.0,91.0,0.0,12133611,8.644338312083333,6811.0,Oply,car
27117043,twoway,62653.0,66963.0,449534,42301,null,42301,2564.1684132670134,263.0,387.0,0.0,12104662,8.714879002166667,4310.0,Oply,car
28077377,twoway,46271.0,53098.0,359141,262858,null,262858,7932.496198158211,705.0,815.0,0.0,12133701,8.92188904775,6827.0,Oply,car
29838398,twoway,63312.0,68329.0,228879,337736,null,337736,8278.372246652769,818.0,681.0,0.0,12102701,8.708661728000001,5017.0,Oply,car
26973124,twoway,20911.0,27469.0,288069,109148,null,109148,6599.287372225392,578.0,310.0,0.0,12121621,9.109876956416667,6558.0,Oply,car
34873633,twoway,58844.0,66731.0,241416,301163,null,301163,9460.109219056834,853.0,196.0,0.0,12133643,13.044231995333332,7887.0,Oply,car
28581141,twoway,64695.0,71867.0,60517,289762,null,289762,15246.689719905517,1290.0,318.0,0.0,12131642,8.7079328875,7172.0,Oply,car
29694535,twoway,64777.0,71685.0,494671,36249,null,36249,15720.283558843712,1267.0,458.0,0.0,12111612,8.705132301,6908.0,Oply,car
27376986,twoway,56310.0,62337.0,256018,109148,null,109148,11528.485340335721,1039.0,345.0,0.0,12121621,8.7847649575,6027.0,Oply,car
28981081,twoway,68966.0,74887.0,375437,337736,null,337736,8986.95768257353,815.0,359.0,0.0,12102702,8.677153870666666,5921.0,Oply,car
27038380,twoway,32785.0,37914.0,256018,109148,null,109148,6439.180398414088,566.0,345.0,0.0,12121622,8.982201858333333,5129.0,Oply,car
34731144,twoway,31492.0,41377.0,501129,501127,null,501127,27889.952003584585,1916.0,297.0,0.0,12133671,13.287785820666667,9885.0,Oply,car
34668948,twoway,69036.0,75203.0,157720,36249,null,36249,5672.34047593935,415.0,835.0,0.0,12111613,8.673972521,6167.0,Oply,car
27581445,twoway,22867.0,28878.0,97168,484179,null,484179,14222.774906589064,983.0,118.0,0.0,12121631,9.077029247833334,6011.0,Oply,car
27581443,twoway,25615.0,33811.0,97168,7103,null,7103,13214.169382326845,1098.0,914.0,0.0,12120632,13.33901706,8196.0,Oply,car
26914028,twoway,52082.0,63887.0,342369,13762,null,13762,8220.400224194327,641.0,364.0,0.0,12133681,17.404570086833335,11805.0,Oply,car
27581444,twoway,24987.0,33727.0,97168,484179,null,484179,16040.110149398959,1179.0,118.0,0.0,12121633,13.343862708,8740.0,Oply,car
27657341,twoway,58746.0,60113.0,439576,243383,null,243383,930.0870568696123,115.0,421.0,0.0,12104631,4.464851633,1367.0,Oply,car
27678044,twoway,74379.0,81644.0,257116,131665,null,131665,5815.992411779439,481.0,193.0,0.0,12131613,8.7308537775,7265.0,Oply,car
34898747,twoway,75943.0,82701.0,172611,1825,null,1825,10649.81913548396,929.0,351.0,0.0,12107641,8.644997226333333,6758.0,Oply,car
32735302,twoway,70332.0,71785.0,485221,16208,null,501327,3265.088730864386,278.0,1175.0,0.0,12107621,4.3657659760000005,1453.0,Oply,car
35171953,twoway,13334.0,40530.0,337570,126200,null,126200,5148.062111010363,411.0,1011.0,0.0,12104713,34.969909892333334,27196.0,Oply,car
27403032,twoway,14549.0,50730.0,224883,414631,null,414631,109038.03352660226,5263.0,408.0,0.0,12120621,43.7437026055,36181.0,Oply,car
31113577,twoway,62265.0,72259.0,157720,484179,null,484179,7383.677150716177,663.0,365.0,0.0,12121631,13.008376011249998,9994.0,Oply,car
28111597,twoway,56828.0,57724.0,993,30901,null,993,736.0479544591594,110.0,786.0,0.0,12133711,4.473809694666667,896.0,Oply,car
27056720,twoway,38682.0,43877.0,97168,7103,null,7103,8867.587801301648,702.0,914.0,0.0,12120633,8.922623193,5195.0,Oply,car
27006342,twoway,56647.0,58337.0,75988,474619,null,141142,5327.360551423819,418.0,1272.0,0.0,12105614,4.48131179,1690.0,Oply,car
29349679,twoway,33861.0,43681.0,354404,474619,null,474619,3332.9322923461864,371.0,146.0,0.0,12105613,13.252869206,9820.0,Oply,car
32059672,twoway,56754.0,58108.0,316616,378375,null,231205,6199.022919995652,523.0,831.0,0.0,12106611,4.477446717,1354.0,Oply,car
29420913,twoway,68166.0,74026.0,342369,13762,null,13762,7931.2038847100785,563.0,364.0,0.0,12133683,8.6825890425,5860.0,Oply,car
31882953,twoway,44738.0,55288.0,422625,30901,null,30901,7243.061041346581,630.0,123.0,0.0,12133712,13.209323102666666,10550.0,Oply,car
34688641,twoway,63270.0,69049.0,129560,454386,null,454386,3211.752326268238,261.0,391.0,0.0,12122613,8.70889578,5779.0,Oply,car
28338904,twoway,71003.0,78756.0,21199,485280,null,485280,4557.204400395528,476.0,126.0,0.0,12131622,12.94177696475,7753.0,Oply,car
31882954,twoway,35805.0,41726.0,422625,30901,null,30901,10905.995733881347,851.0,123.0,0.0,12133711,8.94056948375,5921.0,Oply,car
27706330,twoway,53056.0,53775.0,363141,244185,null,244185,665.1619891101639,75.0,368.0,0.0,12096532,4.527628794666667,719.0,Oply,car
28836641,twoway,59339.0,66115.0,369526,390166,null,145569,4705.163262836645,397.0,450.0,0.0,12102611,8.7453021185,6776.0,Oply,car
29151115,twoway,64875.0,66005.0,189969,286148,null,286148,6506.22977981656,555.0,314.0,0.0,12131681,4.414565175,1130.0,Oply,car
29612570,twoway,76169.0,76405.0,342364,13762,null,488928,2290.6063895723346,185.0,51.0,0.0,12133681,0.3424960635,236.0,Oply,car
28112554,twoway,39213.0,49910.0,186275,378375,null,378375,9687.054510488322,824.0,587.0,0.0,12106611,13.213867398,10697.0,Oply,car
28342043,twoway,58230.0,66337.0,280055,320455,null,320455,1707.0886072450742,191.0,234.0,0.0,12103611,13.048114215,8107.0,Oply,car
26726977,twoway,68862.0,75791.0,187458,301163,null,301163,6021.803606590844,445.0,688.0,0.0,12133643,8.6749141945,6929.0,Oply,car
27014091,twoway,77232.0,77599.0,168485,153654,null,296749,1996.9342547595584,181.0,186.0,0.0,12103671,4.34649398,367.0,Oply,car
27796219,twoway,74824.0,85286.0,7101,7103,null,7103,7276.453440823823,634.0,122.0,0.0,12120633,12.936990311999999,10462.0,Oply,car
28661153,twoway,87877.0,88469.0,402902,60605,null,106927,3433.064159631069,267.0,325.0,0.0,12107632,4.27884089575,592.0,Oply,car
34693504,twoway,41368.0,49366.0,423291,20711,null,20711,8252.27258629158,878.0,120.0,0.0,12132621,13.212640982666667,7998.0,Oply,car
26918640,twoway,69458.0,73158.0,373443,251159,null,251159,3725.4266056399133,336.0,232.0,0.0,12104701,4.498057456833333,3700.0,Oply,car
27051499,twoway,59270.0,65141.0,79823,79825,null,79825,14343.277878670673,1107.0,112.0,0.0,12120663,8.747177320833334,5871.0,Oply,car
26675332,twoway,13412.0,34512.0,243379,243383,null,243383,3194.020370445553,304.0,168.0,0.0,12104631,26.385305154999998,21100.0,Oply,car
27454232,twoway,59212.0,59692.0,316616,126200,null,343630,4283.887027186436,348.0,132.0,0.0,12104712,4.457534721666667,480.0,Oply,car
27104043,twoway,66496.0,72707.0,442585,20711,null,20711,11885.496176380939,1042.0,248.0,0.0,12132623,8.695184448000001,6211.0,Oply,car
26918639,twoway,78056.0,78343.0,316616,126200,null,373443,1637.2615713326031,155.0,132.0,0.0,12104711,0.390969324,287.0,Oply,car
27981722,twoway,72399.0,78257.0,356662,274193,null,274193,8485.558725546554,776.0,178.0,0.0,12133613,8.65427180475,5858.0,Oply,car
26842995,twoway,48959.0,54171.0,348211,251159,null,251159,3725.4266056399133,336.0,264.0,0.0,12104701,8.864882328833334,5212.0,Oply,car
27056719,twoway,23981.0,34512.0,97168,484179,null,484179,9862.438702765363,823.0,118.0,0.0,12121632,13.351625003999999,10531.0,Oply,car
29700592,twoway,65963.0,72125.0,379132,370301,null,370301,8874.202496887854,719.0,115.0,0.0,12132682,8.693888588666667,6162.0,Oply,car
29130643,twoway,6949.0,39586.0,425793,286148,null,286148,28410.562443425413,1923.0,477.0,0.0,12131681,39.686105640916665,32637.0,Oply,car
28894009,twoway,70294.0,77465.0,189969,487115,null,487115,4126.5356842386855,377.0,915.0,0.0,12132692,8.657671185,7171.0,Oply,car
33044840,twoway,50967.0,56837.0,375437,337736,null,337736,2466.509065699978,255.0,359.0,0.0,12102702,8.838212082,5870.0,Oply,car
29888922,twoway,79513.0,83357.0,405192,301163,null,301163,2309.8630820905114,224.0,409.0,0.0,12133643,4.6253904952500005,3844.0,Oply,car
29013791,twoway,72744.0,78743.0,406139,474619,null,474619,3547.481714315855,369.0,485.0,0.0,12105612,8.654636868,5999.0,Oply,car
27318751,twoway,48269.0,57382.0,37224,79825,null,79825,8881.253649127764,574.0,305.0,0.0,12120662,13.168305168166667,9113.0,Oply,car
32948392,twoway,49771.0,56636.0,460492,13928,null,13928,9294.523953643284,729.0,165.0,0.0,12121611,8.860666660083334,6865.0,Oply,car
27166064,twoway,35294.0,40495.0,93351,456157,null,456157,4168.895539324742,387.0,188.0,0.0,12103624,8.941472738,5201.0,Oply,car
29486952,twoway,57287.0,62460.0,61449,109148,null,109148,4303.230287835305,373.0,881.0,0.0,12121622,8.768756561583334,5173.0,Oply,car
29096296,twoway,76323.0,82077.0,157720,484179,null,484179,14890.189045644158,1222.0,365.0,0.0,12121633,8.64101539525,5754.0,Oply,car
26788238,twoway,56028.0,68893.0,370300,370301,null,370301,4252.382041446546,392.0,90.0,0.0,12132681,17.365056558,12865.0,Oply,car
28286168,twoway,60049.0,63612.0,131675,70032,null,423936,2499.391797096135,232.0,1546.0,0.0,12102631,4.44672916025,3563.0,Oply,car
27030498,twoway,13089.0,52826.0,402707,7103,null,7103,221953.3059555248,9077.0,502.0,0.0,12120631,48.00601737425,39737.0,Oply,car
32021248,twoway,39371.0,46019.0,60517,289762,null,289762,16592.69931631436,1399.0,318.0,0.0,12131643,8.922715999333333,6648.0,Oply,car
28674767,twoway,74369.0,78244.0,288069,109148,null,109148,3246.829393207842,289.0,310.0,0.0,12121621,4.69155738025,3875.0,Oply,car
28955746,twoway,48375.0,49520.0,208318,301163,null,73259,10345.502339241048,807.0,338.0,0.0,12133641,4.5834009,1145.0,Oply,car
26768742,twoway,75516.0,81359.0,282000,172623,null,172623,6562.2957190883635,561.0,324.0,0.0,12104674,8.645318512,5843.0,Oply,car
35031325,twoway,79154.0,82553.0,270940,343967,null,276589,4995.914540735343,395.0,3004.0,0.0,12102621,4.338533104166666,3399.0,Oply,car
29567250,twoway,48231.0,54030.0,487423,469756,null,469756,13537.30488923708,1072.0,321.0,0.0,12132672,8.882692893,5799.0,Oply,car
29162313,twoway,20034.0,30171.0,343630,281994,null,281994,6217.780724005025,555.0,439.0,0.0,12095581,13.4140850595,10137.0,Oply,car
29052345,twoway,66721.0,72514.0,501129,501127,null,501127,5187.314767175299,441.0,297.0,0.0,12133671,8.692827906583334,5793.0,Oply,car
27878009,twoway,47226.0,54124.0,209248,346913,null,346913,6425.631215732676,514.0,259.0,0.0,12133733,8.903257319,6898.0,Oply,car
27493290,twoway,18620.0,25309.0,136810,427832,null,427832,4541.5896877162795,368.0,196.0,0.0,12121651,9.14657302,6689.0,Oply,car
26710753,twoway,9590.0,42067.0,341904,486024,null,486024,24193.496915184794,1788.0,1014.0,0.0,12132661,39.43671671416667,32477.0,Oply,car
28684563,twoway,56390.0,64259.0,78291,251159,null,251159,4049.2639346207084,347.0,282.0,0.0,12104701,13.069396443333332,7869.0,Oply,car
27138138,twoway,66333.0,69268.0,403683,403375,null,403375,2259.021901647337,268.0,323.0,0.0,12132641,4.40720298575,2935.0,Oply,car
27288123,twoway,67548.0,68899.0,389093,87195,null,87195,16344.996218471017,995.0,149.0,0.0,12133621,4.398086371,1351.0,Oply,car
28003750,twoway,64938.0,73744.0,132980,427832,null,427832,6899.298637139556,569.0,316.0,0.0,12121651,12.9930505885,8806.0,Oply,car
32262119,twoway,66324.0,72025.0,108943,152242,null,152242,8049.127411980421,650.0,295.0,0.0,12133652,8.69833129,5701.0,Oply,car
28114293,twoway,15250.0,57817.0,465470,59637,null,59637,241776.5911584181,10438.0,358.0,0.0,12131631,52.08999266666666,42567.0,Oply,car
27764486,twoway,70020.0,71268.0,208027,286148,null,108588,3618.9250759697557,330.0,918.0,0.0,12131681,4.37250333,1248.0,Oply,car
27474646,twoway,54357.0,60142.0,456014,456157,null,456157,10655.704052191026,851.0,383.0,0.0,12103624,8.80148922675,5785.0,Oply,car
26941387,twoway,15354.0,44189.0,364319,280126,null,280126,11261.454523519318,900.0,612.0,0.0,12103642,34.9652941585,28835.0,Oply,car
27578650,twoway,59686.0,65855.0,20711,20711,null,20711,18674.09874082809,1173.0,1.0,0.0,12132621,8.737456768333333,6169.0,Oply,car
27474645,twoway,45731.0,51123.0,456014,456157,null,456157,4938.917675165145,415.0,383.0,0.0,12103622,8.919952171,5392.0,Oply,car
28763585,twoway,62438.0,63852.0,189969,286148,null,286148,11334.839928299114,955.0,314.0,0.0,12131682,4.429952057833334,1414.0,Oply,car
31116873,twoway,68969.0,74796.0,272414,153662,null,153662,4192.658057673889,388.0,203.0,0.0,12103662,8.676203141583333,5827.0,Oply,car
34694518,twoway,64229.0,64835.0,135609,66928,null,468979,2627.7301985889503,232.0,374.0,0.0,12108612,4.424243557416666,606.0,Oply,car
26771946,twoway,71159.0,77723.0,413333,423936,null,423936,6501.718469391137,522.0,1007.0,0.0,12102633,8.649416404583333,6564.0,Oply,car
26848898,twoway,32114.0,37075.0,243379,243383,null,243383,21033.957096664097,1546.0,168.0,0.0,12104632,8.9901443015,4961.0,Oply,car
28021892,twoway,71148.0,74882.0,229018,414631,null,414631,9191.041991281409,728.0,91.0,0.0,12120622,4.520283758000001,3734.0,Oply,car
26888194,twoway,66861.0,71701.0,276589,8897,null,8897,4608.103103635508,425.0,987.0,0.0,12133631,8.69411915775,4840.0,Oply,car
29695577,twoway,65155.0,73135.0,500682,255488,null,255488,4499.769131964264,428.0,1118.0,0.0,12103681,12.98952968125,7980.0,Oply,car
27695237,twoway,77803.0,80696.0,409816,139511,null,139511,3345.846866523157,290.0,185.0,0.0,12104691,4.3425147745,2893.0,Oply,car
27859526,twoway,85696.0,86095.0,127904,369565,null,1484,1700.4301813904938,169.0,230.0,0.0,12096541,4.295168005333333,399.0,Oply,car
27803022,twoway,74971.0,81445.0,108588,301163,null,301163,10350.039974816733,822.0,1122.0,0.0,12133642,8.646752026916667,6474.0,Oply,car
28721633,twoway,67153.0,73503.0,257108,131665,null,131665,7265.0730405590775,609.0,98.0,0.0,12131613,8.690351070583333,6350.0,Oply,car
29149573,twoway,31727.0,38485.0,255282,255316,null,255316,5231.900932349348,525.0,165.0,0.0,12132611,8.99306818325,6758.0,Oply,car
29149572,twoway,69737.0,74314.0,255282,255316,null,255316,8164.6695437519365,723.0,165.0,0.0,12132611,8.667500190166667,4577.0,Oply,car
29229683,twoway,33674.0,41627.0,96255,454386,null,454386,3979.1781000923274,358.0,352.0,0.0,12122612,13.257057172166666,7953.0,Oply,car
27138597,twoway,47654.0,62274.0,389093,87195,null,87195,6567.3402028470955,532.0,149.0,0.0,12133621,17.7376493945,14620.0,Oply,car
26790584,twoway,56387.0,62371.0,255282,255316,null,255316,3105.408535173519,329.0,165.0,0.0,12132611,8.781024572916667,5984.0,Oply,car
33046421,twoway,68999.0,76652.0,66928,222465,null,222465,5263.798865837952,465.0,1006.0,0.0,12102692,12.965105165499999,7653.0,Oply,car
26790583,twoway,69999.0,73559.0,255282,255316,null,255316,5329.0806511620085,516.0,165.0,0.0,12132613,4.37348792375,3560.0,Oply,car
28881428,twoway,9356.0,48952.0,271533,272361,null,272361,235928.6876548378,10160.0,164.0,0.0,12102621,47.93308938,39596.0,Oply,car
28067989,twoway,45243.0,51285.0,172856,320455,null,320455,10291.361663906457,929.0,259.0,0.0,12103612,8.92182603375,6042.0,Oply,car
27119973,twoway,33189.0,40342.0,157720,36249,null,36249,16702.073833605253,1321.0,835.0,0.0,12111611,8.97631996225,7153.0,Oply,car
26922780,twoway,58068.0,65436.0,500682,423936,null,423936,1385.6145137368314,140.0,288.0,0.0,12102633,8.960656637,7368.0,Oply,car
27837361,twoway,19970.0,25776.0,135310,474619,null,474619,3366.739308028085,322.0,421.0,0.0,12105611,9.128169288333334,5806.0,Oply,car
27129519,twoway,46299.0,51888.0,231202,272361,null,272361,937.7052290737265,116.0,352.0,0.0,12102622,8.9195017495,5589.0,Oply,car
34477980,twoway,57552.0,63416.0,456888,373984,null,373984,7608.780449852642,619.0,891.0,0.0,12104681,8.762401096,5864.0,Oply,car
27494072,twoway,49944.0,55849.0,132633,320455,null,320455,10668.898628677141,869.0,104.0,0.0,12103613,8.861294496,5905.0,Oply,car
27937195,twoway,51920.0,63384.0,450264,409369,null,409369,4014.2754271556323,326.0,439.0,0.0,12121642,17.411267253333335,11464.0,Oply,car
32882895,twoway,32669.0,39261.0,60503,289762,null,289762,17081.996238717555,1441.0,496.0,0.0,12131643,8.98595113775,6592.0,Oply,car
26806990,twoway,49749.0,50386.0,249910,346913,null,110655,689.8212479702227,71.0,566.0,0.0,12133731,4.572799116,637.0,Oply,car
33941016,twoway,52429.0,58277.0,291599,281413,null,281413,8670.571041056326,741.0,338.0,0.0,12102682,8.822097162416666,5848.0,Oply,car
28559961,twoway,57557.0,62066.0,478215,282876,null,282876,6597.010442541304,512.0,678.0,0.0,12102672,8.76082397775,4509.0,Oply,car
29922715,twoway,77354.0,84319.0,75117,487115,null,487115,4424.36644604707,417.0,352.0,0.0,12132691,8.635257491,6965.0,Oply,car
29020396,twoway,51214.0,58234.0,186265,337736,null,337736,27281.482150893375,1967.0,779.0,0.0,12102701,8.8345267275,7020.0,Oply,car
34477979,twoway,56581.0,62892.0,456888,60605,null,60605,5937.742228820834,479.0,266.0,0.0,12107631,8.77173617,6311.0,Oply,car
34356365,twoway,65217.0,71362.0,476663,66928,null,66928,5517.874677864552,463.0,177.0,0.0,12108611,8.696910742250001,6145.0,Oply,car
27349417,twoway,58096.0,64247.0,165624,1384,null,1384,4684.736214328159,392.0,157.0,0.0,12102641,8.758961474666666,6151.0,Oply,car
27878180,twoway,83076.0,84812.0,211596,78898,null,291599,3316.7236668037285,267.0,1469.0,0.0,12102701,4.31315443,1736.0,Oply,car
26835484,twoway,70201.0,76111.0,152060,346913,null,346913,10445.8054915757,897.0,253.0,0.0,12133732,8.659855670333334,5910.0,Oply,car
26871562,twoway,68616.0,74229.0,7101,7103,null,7103,1620.962195098064,187.0,122.0,0.0,12120631,8.677198452,5613.0,Oply,car
33804621,twoway,33648.0,41184.0,456153,456157,null,456157,4039.7090633050943,344.0,153.0,0.0,12103623,13.260074664,7536.0,Oply,car
28471169,twoway,64239.0,71644.0,275609,456157,null,456157,5179.570613209295,447.0,1034.0,0.0,12103622,8.952995548,7405.0,Oply,car
29874703,twoway,50848.0,57062.0,466218,59637,null,59637,10724.41363876615,821.0,209.0,0.0,12131632,8.840984269333333,6214.0,Oply,car
27724934,twoway,6117.0,36150.0,282009,172623,null,172623,13041.234188323504,1070.0,144.0,0.0,12104671,39.42304601175,30033.0,Oply,car
29874702,twoway,66562.0,72270.0,466218,59637,null,59637,5927.185732136948,619.0,209.0,0.0,12131632,8.694802506,5708.0,Oply,car
29890016,twoway,74289.0,79535.0,127887,369565,null,369565,2425.4431025894746,242.0,269.0,0.0,12096541,8.652033200250001,5246.0,Oply,car
28894500,twoway,75229.0,80942.0,280460,474619,null,474619,4465.700149269999,492.0,290.0,0.0,12105611,8.645245156416667,5713.0,Oply,car
28871523,twoway,18323.0,52882.0,456757,13762,null,13762,10315.818276499595,850.0,966.0,0.0,12133682,43.472703435583334,34559.0,Oply,car
29103673,twoway,80916.0,86777.0,379094,370301,null,370301,2425.174187744526,253.0,519.0,0.0,12132682,8.61526212,5861.0,Oply,car
26733464,twoway,58237.0,63747.0,96210,16208,null,16208,7040.504008328275,542.0,275.0,0.0,12107621,8.758069955166667,5510.0,Oply,car
27485246,twoway,59459.0,61400.0,442301,126200,null,126200,8900.791921014898,721.0,260.0,0.0,12104711,4.451681921333333,1941.0,Oply,car
26930696,twoway,49323.0,59158.0,79823,79825,null,79825,8368.338473424968,668.0,112.0,0.0,12120663,13.15012600425,9835.0,Oply,car
28673883,twoway,60933.0,66030.0,415451,105073,null,105073,1589.9331638894537,121.0,810.0,0.0,12096522,8.727377529,5097.0,Oply,car
27379595,twoway,65405.0,70465.0,97168,7103,null,7103,1999.8608855437246,213.0,914.0,0.0,12120633,8.693623190416666,5060.0,Oply,car
27878178,twoway,37468.0,41115.0,291599,281413,null,281413,8335.125876709299,705.0,338.0,0.0,12102681,4.701339915333333,3647.0,Oply,car
28045874,twoway,61445.0,65585.0,126200,343630,null,413150,1694.041258512112,163.0,3977.0,0.0,12104712,8.721740240833334,4140.0,Oply,car
27078343,twoway,51944.0,52640.0,390166,145569,null,390166,900.4229067030033,81.0,615.0,0.0,12102611,4.537399822666667,696.0,Oply,car
30578497,twoway,71474.0,76990.0,414280,244185,null,244185,5011.942314170435,399.0,417.0,0.0,12096531,8.648781495666666,5516.0,Oply,car
30578496,twoway,54349.0,61654.0,414280,244185,null,244185,6158.116989286856,499.0,417.0,0.0,12096533,8.933261924166667,7305.0,Oply,car
28684559,twoway,67757.0,75286.0,78291,251159,null,251159,3725.4266056399133,336.0,282.0,0.0,12104702,12.975889132833332,7529.0,Oply,car
33753367,twoway,46923.0,52620.0,100067,410043,null,410043,7303.437934006082,594.0,310.0,0.0,12096512,8.90787293375,5697.0,Oply,car
33250299,twoway,59443.0,62730.0,66928,66928,null,66928,24260.932753719637,1720.0,1.0,0.0,12108611,4.453222388583334,3287.0,Oply,car
31066366,twoway,48954.0,51559.0,376896,486024,null,486024,14119.332178273362,1262.0,230.0,0.0,12132663,4.5769268545,2605.0,Oply,car
27033556,twoway,61386.0,72241.0,97168,484179,null,484179,16186.068937902619,1336.0,118.0,0.0,12121633,13.082075351,10855.0,Oply,car
32022676,twoway,79984.0,85879.0,391584,60605,null,60605,6012.038361510736,480.0,423.0,0.0,12107631,8.621942461333333,5895.0,Oply,car
28799455,twoway,62863.0,65293.0,36154,280126,null,280126,7137.922127092504,591.0,201.0,0.0,12103641,4.421163855333333,2430.0,Oply,car
27591662,twoway,52788.0,58253.0,148466,316629,null,316629,1905.1762715882578,205.0,426.0,0.0,12122631,8.819538719,5465.0,Oply,car
31067584,twoway,70757.0,76607.0,478215,131665,null,131665,6551.237438711924,537.0,319.0,0.0,12131614,8.653761959333334,5850.0,Oply,car
31067585,twoway,56518.0,63283.0,478215,282876,null,282876,6597.010442541304,512.0,678.0,0.0,12102671,8.773742437166666,6765.0,Oply,car
29326971,twoway,61283.0,67330.0,375437,337736,null,337736,2217.446627754182,224.0,359.0,0.0,12102702,8.719968668666667,6047.0,Oply,car
26724981,twoway,64487.0,69282.0,42467,423936,null,423936,5156.222958019345,407.0,362.0,0.0,12102632,8.71033304575,4795.0,Oply,car
26858022,twoway,40551.0,42596.0,440138,486024,null,486024,6063.814936779313,604.0,244.0,0.0,12132663,4.64131414175,2045.0,Oply,car
27210770,twoway,61052.0,71772.0,186275,243379,null,126200,13205.19499139576,1007.0,6530.0,0.0,12104713,13.013972415333333,10720.0,Oply,car
30930499,twoway,42459.0,49629.0,363105,255316,null,255316,8490.801213227549,716.0,278.0,0.0,12132612,8.92140326125,7170.0,Oply,car
32847487,twoway,40659.0,42651.0,189968,286148,null,286148,3336.4927173351316,314.0,254.0,0.0,12131681,4.6380356455000005,1992.0,Oply,car
33753371,twoway,84084.0,87145.0,271533,276589,null,100067,4510.125420079426,372.0,2689.0,0.0,12102621,4.306256969,3061.0,Oply,car
26956602,twoway,60323.0,64168.0,422296,414631,null,414631,9373.462844863236,712.0,244.0,0.0,12120623,4.7323048915833335,3845.0,Oply,car
28021585,twoway,74233.0,79050.0,434340,79825,null,79825,14375.487872662132,1111.0,127.0,0.0,12120661,8.65236627425,4817.0,Oply,car
28021586,twoway,69432.0,78301.0,434340,79825,null,79825,14564.263921389938,1119.0,127.0,0.0,12120662,12.959101795999999,8869.0,Oply,car
28021587,twoway,67385.0,73822.0,434340,79825,null,79825,14905.908929815192,1173.0,127.0,0.0,12120661,8.69309646625,6437.0,Oply,car
29597072,twoway,78727.0,79638.0,234405,289762,null,186275,7609.124361189735,623.0,288.0,0.0,12131641,4.339748534916667,911.0,Oply,car
26835393,twoway,69196.0,73443.0,442311,172623,null,172623,6866.7324604121595,601.0,583.0,0.0,12104671,8.672184766666668,4247.0,Oply,car
28471172,twoway,79066.0,83698.0,275609,485280,null,485280,3268.997116334616,375.0,334.0,0.0,12131622,8.629122520833333,4632.0,Oply,car
26808914,twoway,50568.0,54970.0,323482,403375,null,403375,6061.443765467826,545.0,143.0,0.0,12132642,8.843039726,4402.0,Oply,car
26790781,twoway,88379.0,89438.0,190666,66928,null,94799,7473.231804180306,642.0,417.0,0.0,12108611,4.275154201666667,1059.0,Oply,car
27695324,twoway,56390.0,62201.0,131675,423936,null,423936,10096.034186032557,797.0,886.0,0.0,12102632,8.7777884075,5811.0,Oply,car
31128650,twoway,81464.0,81983.0,342717,126200,null,408992,3656.6383682093046,302.0,217.0,0.0,12104712,4.323854378666667,519.0,Oply,car
