personID,carsharingType,startTime,endTIme,startLink,pickupLink,dropoffLink,endLink,distance,inVehicleTime,accessTime,egressTime,vehicleID,cost,bookingTime,companyID,vehicleType
29158224,twoway,67874.0,71540.0,203716,501127,null,501127,2388.70678813989,216.0,1217.0,0.0,12133671,5.803300000000008,3666.0,Oply,car
28686595,twoway,57644.0,63519.0,485278,456157,null,456157,3701.559732733465,327.0,813.0,0.0,12103623,11.63400000000002,5875.0,Oply,car
27277649,twoway,49643.0,56926.0,187450,346913,null,346913,23944.130387469526,1717.0,193.0,0.0,12133733,11.528700000000034,7283.0,Oply,car
27518969,twoway,65702.0,73074.0,87197,87195,null,87195,16888.3340517456,1318.0,171.0,0.0,12133621,11.467999999999973,7372.0,Oply,car
27714263,twoway,55397.0,59253.0,286607,337736,null,337736,2466.509065699978,255.0,139.0,0.0,12102701,6.124799999999995,3856.0,Oply,car
33624130,twoway,84760.0,85625.0,436770,1825,null,11624,1803.9800189635487,166.0,699.0,0.0,12107641,5.138600000000004,865.0,Oply,car
26903727,twoway,67945.0,77562.0,344529,373984,null,373984,4926.812150881047,403.0,482.0,0.0,12104681,17.09460000000006,9617.0,Oply,car
28919026,twoway,17793.0,44078.0,440255,126200,null,126200,232197.36991468028,9841.0,127.0,0.0,12104712,42.103799999999794,26285.0,Oply,car
26863191,twoway,11013.0,39643.0,993,30901,null,30901,13550.607413796046,1033.0,786.0,0.0,12133711,41.97509999999989,28630.0,Oply,car
31574958,twoway,81534.0,85085.0,61449,257127,null,257127,3035.3976888033276,306.0,156.0,0.0,12095571,5.225199999999999,3551.0,Oply,car
29366096,twoway,52966.0,59069.0,21199,485280,null,485280,12429.286762563845,1047.0,126.0,0.0,12131621,11.513400000000011,6103.0,Oply,car
27820663,twoway,0.0,32687.0,500682,423936,null,423936,15609.856292930961,1261.0,288.0,0.0,12102631,47.36220000000002,32687.0,Oply,car
27072290,twoway,27487.0,33388.0,255010,59637,null,59637,8210.877977799124,669.0,263.0,0.0,12131631,10.491800000000035,5901.0,Oply,car
27840954,twoway,52782.0,58322.0,501129,501127,null,501127,9284.068998980973,792.0,297.0,0.0,12133671,11.493300000000014,5540.0,Oply,car
27878663,twoway,56505.0,60856.0,73280,280126,null,280126,7786.343305102473,639.0,201.0,0.0,12103642,11.63400000000002,4351.0,Oply,car
26768583,twoway,54038.0,59251.0,289218,286148,null,286148,1140.5893155014842,118.0,233.0,0.0,12131682,11.633999999999991,5213.0,Oply,car
26863856,twoway,13557.0,33979.0,370300,370301,null,370301,26460.8127673667,2172.0,90.0,0.0,12132681,31.490999999999858,20422.0,Oply,car
27238700,twoway,11839.0,51652.0,172611,1825,null,1825,240582.54438716563,10395.0,351.0,0.0,12107641,58.9179,39813.0,Oply,car
28665783,twoway,70044.0,70768.0,444375,7103,null,255282,4735.626996969674,394.0,330.0,0.0,12120632,5.649900000000003,724.0,Oply,car
28168860,twoway,77999.0,80472.0,255623,255488,null,255488,8242.85548024667,725.0,373.0,0.0,12103681,5.4807,2473.0,Oply,car
27120453,twoway,76020.0,81908.0,362878,282876,null,282876,7376.649669844385,628.0,242.0,0.0,12102671,10.972200000000027,5888.0,Oply,car
29334495,twoway,71429.0,77473.0,415458,153654,null,153654,13313.776095374138,1100.0,198.0,0.0,12103671,11.381999999999994,6044.0,Oply,car
29507695,twoway,67345.0,68674.0,482855,222465,null,356979,1927.2795274385885,194.0,1135.0,0.0,12102691,5.679600000000005,1329.0,Oply,car
28008802,twoway,63946.0,70268.0,354404,474619,null,474619,14753.697669463872,1210.0,146.0,0.0,12105614,11.305499999999999,6322.0,Oply,car
32107184,twoway,72325.0,78482.0,175197,1384,null,1384,2999.693581464773,282.0,121.0,0.0,12102641,11.365499999999978,6157.0,Oply,car
29192140,twoway,48784.0,55092.0,486026,486024,null,486024,14125.471652738932,1186.0,356.0,0.0,12132663,11.433000000000028,6308.0,Oply,car
29312807,twoway,15694.0,47791.0,342369,13762,null,13762,100886.08602529355,4931.0,364.0,0.0,12133681,47.54159999999993,32097.0,Oply,car
27445140,twoway,29864.0,31935.0,421149,454386,null,454386,9522.940040631876,749.0,596.0,0.0,12122612,5.288999999999999,2071.0,Oply,car
34839634,twoway,43571.0,49314.0,184728,126200,null,126200,957.9799598653508,92.0,185.0,0.0,12104711,11.119200000000015,5743.0,Oply,car
33008747,twoway,60149.0,65727.0,105073,105073,null,105073,6364.361378310297,528.0,1.0,0.0,12096522,11.462999999999981,5578.0,Oply,car
27098904,twoway,57328.0,58111.0,448610,251159,null,186265,2543.146883127511,207.0,576.0,0.0,12104701,5.866999999999993,783.0,Oply,car
27502283,twoway,63537.0,69399.0,220140,274193,null,274193,7608.0323848138605,671.0,139.0,0.0,12133611,11.31740000000001,5862.0,Oply,car
33262080,twoway,46999.0,53973.0,257108,131665,null,131665,9021.933194604602,747.0,98.0,0.0,12131612,11.341199999999981,6974.0,Oply,car
30437737,twoway,57845.0,65306.0,342369,13762,null,13762,4441.265414162635,466.0,364.0,0.0,12133682,12.003200000000012,7461.0,Oply,car
28663373,twoway,51654.0,58027.0,125457,244185,null,244185,6517.76633995267,545.0,238.0,0.0,12096532,11.433000000000021,6373.0,Oply,car
29658513,twoway,59631.0,60473.0,46022,337736,null,254293,3427.3221421407675,290.0,552.0,0.0,12102702,5.876999999999995,842.0,Oply,car
29838166,twoway,75255.0,81845.0,440255,126200,null,126200,1242.0828296979575,128.0,127.0,0.0,12104712,11.081400000000023,6590.0,Oply,car
28254074,twoway,69222.0,75804.0,65774,281994,null,281994,7498.247730463858,677.0,161.0,0.0,12095581,11.409200000000034,6582.0,Oply,car
29040308,twoway,80088.0,80791.0,255299,105073,null,151019,2360.4894482545997,188.0,515.0,0.0,12096523,5.292399999999997,703.0,Oply,car
27160016,twoway,59130.0,64340.0,137569,257127,null,257127,2739.8976074657016,228.0,113.0,0.0,12095571,11.591499999999987,5210.0,Oply,car
29103088,twoway,44698.0,51726.0,42660,241480,null,241480,7078.303394474904,634.0,1010.0,0.0,12132631,11.239800000000017,7028.0,Oply,car
32289422,twoway,45915.0,52264.0,354404,474619,null,474619,11985.013708158596,1079.0,146.0,0.0,12105613,11.305499999999999,6349.0,Oply,car
26790176,twoway,11004.0,42949.0,428820,105073,null,105073,14541.821620539851,1133.0,537.0,0.0,12096521,47.4140999999999,31945.0,Oply,car
27461086,twoway,67890.0,72116.0,165624,1384,null,1384,3220.439788521568,277.0,157.0,0.0,12102642,11.385000000000023,4226.0,Oply,car
26814681,twoway,69062.0,77648.0,165624,257127,null,257127,4162.085784332505,370.0,883.0,0.0,12095571,17.048400000000015,8586.0,Oply,car
26887705,twoway,50208.0,58388.0,107812,271647,null,271647,10402.935247437254,846.0,222.0,0.0,12104641,17.305000000000053,8180.0,Oply,car
27044933,twoway,41407.0,50312.0,382149,274193,null,274193,8507.932582942234,743.0,91.0,0.0,12133611,16.71900000000004,8905.0,Oply,car
27609177,twoway,68254.0,73969.0,294765,403375,null,403375,7689.135746067523,676.0,141.0,0.0,12132642,11.41500000000003,5715.0,Oply,car
27611477,twoway,64749.0,70776.0,65774,281994,null,281994,7518.611756450749,681.0,161.0,0.0,12095583,11.28169999999998,6027.0,Oply,car
27875159,twoway,37517.0,41586.0,359317,244185,null,244185,7070.839335907544,579.0,217.0,0.0,12096532,10.671500000000016,4069.0,Oply,car
27619637,twoway,76032.0,80658.0,281928,274193,null,274193,4787.813571900478,460.0,89.0,0.0,12133612,10.972200000000027,4626.0,Oply,car
32674453,twoway,75708.0,80986.0,500682,423936,null,423936,6296.5780791510115,512.0,288.0,0.0,12102632,11.022600000000027,5278.0,Oply,car
29838398,twoway,61316.0,67837.0,228879,337736,null,337736,8278.372246652769,819.0,681.0,0.0,12102701,11.284600000000001,6521.0,Oply,car
34873633,twoway,65023.0,72075.0,241416,301163,null,301163,9460.109219056834,858.0,196.0,0.0,12133642,11.279999999999974,7052.0,Oply,car
28300745,twoway,59069.0,64207.0,401839,7103,null,7103,3801.4751259672857,421.0,658.0,0.0,12120634,11.593199999999989,5138.0,Oply,car
26628524,twoway,6459.0,41352.0,13015,36125,null,36125,19543.479080653786,1721.0,390.0,0.0,12133721,52.64109999999979,34893.0,Oply,car
27179424,twoway,73679.0,81706.0,197453,423936,null,423936,4584.105634291125,355.0,222.0,0.0,12102631,16.541100000000032,8027.0,Oply,car
27179425,twoway,31623.0,35982.0,197453,423936,null,423936,5112.802485036496,439.0,222.0,0.0,12102632,10.470899999999991,4359.0,Oply,car
27875160,twoway,69698.0,75550.0,359317,244185,null,244185,6700.040725669687,568.0,217.0,0.0,12096534,11.396400000000032,5852.0,Oply,car
34731144,twoway,28959.0,35873.0,501129,501127,null,501127,27889.952003584585,1916.0,297.0,0.0,12133672,10.527000000000026,6914.0,Oply,car
34668948,twoway,69025.0,73311.0,157720,484179,null,484179,3877.938641047261,335.0,365.0,0.0,12121632,11.414000000000035,4286.0,Oply,car
27196598,twoway,19643.0,31219.0,425200,8897,null,8897,6949.71678235371,602.0,1114.0,0.0,12133632,20.76509999999992,11576.0,Oply,car
27581445,twoway,22284.0,29181.0,97168,484179,null,484179,14222.774906589064,983.0,118.0,0.0,12121632,10.199599999999991,6897.0,Oply,car
32837292,twoway,37530.0,42470.0,356662,274193,null,274193,2984.9507523539114,310.0,178.0,0.0,12133612,10.671500000000016,4940.0,Oply,car
27678044,twoway,77652.0,83456.0,257116,131665,null,131665,5815.992411779439,481.0,193.0,0.0,12131611,10.745800000000017,5804.0,Oply,car
28921140,twoway,69951.0,77230.0,43835,145569,null,145569,3442.6889616018784,310.0,182.0,0.0,12102611,11.581400000000032,7279.0,Oply,car
28076797,twoway,27436.0,37892.0,481187,322830,null,322830,4019.5167198306262,378.0,692.0,0.0,12132651,15.717000000000073,10456.0,Oply,car
29466065,twoway,69024.0,77492.0,241416,301163,null,301163,11780.516046267026,1704.0,196.0,0.0,12133641,17.05500000000002,8468.0,Oply,car
35171953,twoway,9600.0,41082.0,337570,126200,null,126200,5148.062111010363,412.0,1011.0,0.0,12104711,47.37699999999983,31482.0,Oply,car
28971239,twoway,70484.0,73906.0,356662,274193,null,274193,8098.3682229138985,778.0,178.0,0.0,12133612,5.646800000000002,3422.0,Oply,car
28627736,twoway,50492.0,55819.0,421149,410043,null,410043,2650.8141813513566,212.0,127.0,0.0,12096511,11.433000000000026,5327.0,Oply,car
28581372,twoway,59317.0,63032.0,409479,172623,null,172623,2141.949595628667,225.0,135.0,0.0,12104673,6.083399999999995,3715.0,Oply,car
28111597,twoway,52380.0,56669.0,993,30901,null,30901,2384.0342281207663,253.0,786.0,0.0,12133712,11.453100000000019,4289.0,Oply,car
28021953,twoway,56664.0,62668.0,421149,410043,null,410043,4258.038656851656,374.0,127.0,0.0,12096511,11.63400000000002,6004.0,Oply,car
27370254,twoway,45956.0,56104.0,440334,486024,null,486024,4892.952641920086,536.0,623.0,0.0,12132662,17.022000000000023,10148.0,Oply,car
27745497,twoway,72191.0,78800.0,255923,243383,null,243383,3998.0128531573087,336.0,206.0,0.0,12104632,11.372099999999978,6609.0,Oply,car
26808788,twoway,81237.0,84604.0,81621,254295,null,254295,1002.8267765786858,127.0,147.0,0.0,12102662,5.233199999999998,3367.0,Oply,car
26696722,twoway,65147.0,71952.0,87970,36249,null,36249,16009.112091885729,1288.0,254.0,0.0,12111613,11.279999999999971,6805.0,Oply,car
29183476,twoway,87531.0,88096.0,270934,271647,null,118082,3192.7107265930163,257.0,308.0,0.0,12104641,5.0298000000000025,565.0,Oply,car
29317060,twoway,51814.0,55383.0,186275,126200,null,126200,957.9799598653508,92.0,135.0,0.0,12104712,5.690999999999996,3569.0,Oply,car
31882953,twoway,45181.0,50092.0,422625,30901,null,30901,7243.061041346581,630.0,123.0,0.0,12133711,11.285100000000014,4911.0,Oply,car
26696720,twoway,65249.0,71970.0,87970,36249,null,36249,16017.17674148115,1063.0,254.0,0.0,12111611,11.279999999999973,6721.0,Oply,car
27941963,twoway,62596.0,69157.0,257116,131665,null,131665,9345.770523585397,758.0,193.0,0.0,12131613,11.319800000000019,6561.0,Oply,car
28338904,twoway,72437.0,79207.0,21199,485280,null,485280,4557.204400395528,476.0,126.0,0.0,12131621,11.358899999999979,6770.0,Oply,car
27579935,twoway,59002.0,64143.0,65774,281994,null,281994,2516.5518008388412,243.0,161.0,0.0,12095582,11.59489999999999,5141.0,Oply,car
31136695,twoway,59091.0,64434.0,415458,153654,null,153654,2733.159265654618,236.0,198.0,0.0,12103671,11.593199999999989,5343.0,Oply,car
26693570,twoway,75554.0,82809.0,286148,286148,null,286148,24277.186175477855,1488.0,1.0,0.0,12131681,11.126700000000026,7255.0,Oply,car
29612570,twoway,72444.0,72680.0,342364,13762,null,488928,2290.6063895723346,185.0,51.0,0.0,12133683,0.376,236.0,Oply,car
28923301,twoway,65001.0,71353.0,271533,272361,null,272361,1429.0129628461652,178.0,164.0,0.0,12102622,11.279999999999974,6352.0,Oply,car
28031638,twoway,19657.0,29796.0,220151,255488,null,255488,7545.607683336214,649.0,431.0,0.0,12103681,15.47609999999998,10139.0,Oply,car
28479717,twoway,54874.0,55926.0,410255,501127,null,501129,284.0179142858247,24.0,1028.0,0.0,12133673,5.7419999999999956,1052.0,Oply,car
32921140,twoway,68372.0,74768.0,184728,126200,null,126200,957.9799598653508,92.0,185.0,0.0,12104712,11.425000000000031,6396.0,Oply,car
27359048,twoway,13479.0,44773.0,367895,8897,null,8897,12585.160316063071,1031.0,311.0,0.0,12133631,47.482399999999885,31294.0,Oply,car
28170067,twoway,54096.0,59675.0,172623,172623,null,172623,6199.0788705825535,516.0,1.0,0.0,12104672,11.633999999999991,5579.0,Oply,car
27367425,twoway,16146.0,26762.0,234120,380534,null,380534,12553.391408366719,960.0,700.0,0.0,12120651,15.627699999999972,10616.0,Oply,car
27936841,twoway,50450.0,54119.0,476663,66928,null,66928,1676.6913470522288,198.0,177.0,0.0,12108611,5.7867000000000015,3669.0,Oply,car
28677063,twoway,63095.0,69552.0,187450,346913,null,346913,3874.990244795422,331.0,193.0,0.0,12133734,11.32930000000002,6457.0,Oply,car
33025684,twoway,30362.0,39705.0,157720,484179,null,484179,2078.3627599179013,254.0,365.0,0.0,12121632,15.76120000000001,9343.0,Oply,car
26691261,twoway,65637.0,70049.0,175197,1384,null,1384,3882.352924463764,330.0,121.0,0.0,12102641,11.279999999999974,4412.0,Oply,car
28661153,twoway,85580.0,86172.0,402902,60605,null,106927,3433.064159631069,267.0,325.0,0.0,12107631,5.114799999999999,592.0,Oply,car
34693504,twoway,42590.0,51259.0,423291,20711,null,20711,8252.27258629158,878.0,120.0,0.0,12132621,16.75130000000004,8669.0,Oply,car
28920154,twoway,45422.0,52112.0,7101,7103,null,7103,11271.600986285412,856.0,122.0,0.0,12120632,11.291900000000009,6690.0,Oply,car
27051499,twoway,59454.0,63894.0,79823,79825,null,79825,14343.277878670673,1107.0,112.0,0.0,12120661,11.58299999999998,4440.0,Oply,car
27217556,twoway,74569.0,80087.0,70032,414631,null,414631,10813.39050224398,861.0,67.0,0.0,12120623,11.182200000000016,5518.0,Oply,car
28751477,twoway,79107.0,84510.0,65774,281994,null,281994,6658.567116356582,601.0,161.0,0.0,12095583,10.546599999999975,5403.0,Oply,car
28416528,twoway,11501.0,40474.0,295993,110,null,110,53967.67086637324,2752.0,351.0,0.0,12103631,42.25569999999988,28973.0,Oply,car
29550622,twoway,8305.0,29496.0,37224,79825,null,79825,4064.3962754534605,333.0,305.0,0.0,12120661,31.592999999999872,21191.0,Oply,car
30406769,twoway,58604.0,65830.0,120291,456157,null,456157,10669.45753480047,862.0,522.0,0.0,12103624,11.700799999999997,7226.0,Oply,car
26696719,twoway,60490.0,64004.0,87970,36249,null,36249,4278.954334728431,312.0,254.0,0.0,12111612,5.801999999999995,3514.0,Oply,car
28008795,twoway,31174.0,37769.0,354404,474619,null,474619,19179.24032685852,1525.0,146.0,0.0,12105612,10.497300000000005,6595.0,Oply,car
27092681,twoway,76039.0,81325.0,456888,60605,null,60605,7480.036258932351,614.0,266.0,0.0,12107632,10.972200000000027,5286.0,Oply,car
27679380,twoway,67132.0,67758.0,363071,66928,null,442311,2726.8031863015462,254.0,372.0,0.0,12108612,5.666400000000003,626.0,Oply,car
27548451,twoway,79424.0,85878.0,231205,276589,null,272361,3665.04462635443,319.0,2400.0,0.0,12102622,10.514999999999974,6454.0,Oply,car
27981722,twoway,77363.0,80962.0,356662,373984,null,373984,7416.535428474741,647.0,779.0,0.0,12104682,5.545999999999999,3599.0,Oply,car
27056719,twoway,19830.0,30308.0,97168,484179,null,484179,9862.438702765363,823.0,118.0,0.0,12121631,15.470999999999982,10478.0,Oply,car
29130643,twoway,4487.0,37173.0,425793,286148,null,286148,28405.67545408033,1921.0,477.0,0.0,12131681,47.642699999999806,32686.0,Oply,car
27536227,twoway,63882.0,69867.0,359317,244185,null,244185,2051.564640361625,185.0,217.0,0.0,12096533,11.3072,5985.0,Oply,car
26691130,twoway,11261.0,47510.0,362976,282876,null,282876,13021.268730802964,1036.0,409.0,0.0,12102671,53.25219999999993,36249.0,Oply,car
29773584,twoway,57593.0,58313.0,444395,7103,null,21199,2160.117598214579,247.0,473.0,0.0,12120633,5.8869999999999925,720.0,Oply,car
26933106,twoway,12506.0,16877.0,186265,126200,null,126200,1242.0828296979575,128.0,266.0,0.0,12104712,10.778600000000024,4371.0,Oply,car
29553323,twoway,71168.0,77619.0,280124,280126,null,280126,6607.687252148075,568.0,171.0,0.0,12103643,11.382,6451.0,Oply,car
27177849,twoway,47348.0,54669.0,27478,380534,null,380534,18150.304991263572,1458.0,458.0,0.0,12120652,11.552999999999988,7321.0,Oply,car
27166063,twoway,73973.0,74394.0,280059,320455,null,93351,711.880293596762,85.0,336.0,0.0,12103613,5.738599999999996,421.0,Oply,car
27088366,twoway,22259.0,32789.0,283333,501127,null,501127,14279.433280267242,1344.0,477.0,0.0,12133671,15.487000000000025,10530.0,Oply,car
29059307,twoway,54300.0,61705.0,11624,42301,null,42301,9093.817988736932,810.0,163.0,0.0,12104663,11.921099999999994,7405.0,Oply,car
28439751,twoway,11569.0,41737.0,257108,131665,null,131665,4715.566719724511,428.0,98.0,0.0,12131611,47.42939999999989,30168.0,Oply,car
26795573,twoway,70137.0,76705.0,65774,281994,null,281994,7505.308936356025,678.0,161.0,0.0,12095582,11.38520000000003,6568.0,Oply,car
26769049,twoway,11863.0,44570.0,445439,445439,null,445439,11024.115404155284,979.0,1.0,0.0,12133691,52.93299999999994,32707.0,Oply,car
27909088,twoway,56960.0,58662.0,291118,501129,null,501127,6631.070030142785,653.0,429.0,0.0,12133673,5.8369999999999935,1702.0,Oply,car
27339817,twoway,57511.0,63267.0,172993,456157,null,456157,9707.126612647506,820.0,107.0,0.0,12103622,11.63400000000002,5756.0,Oply,car
26905506,twoway,28057.0,36766.0,36249,36249,null,36249,7923.761715329707,639.0,1.0,0.0,12111611,15.717000000000054,8709.0,Oply,car
28477222,twoway,30194.0,38808.0,8899,346913,null,346913,7008.44310593409,521.0,1280.0,0.0,12133732,15.75610000000001,8614.0,Oply,car
28216613,twoway,69338.0,75790.0,403976,222465,null,222465,5263.798865837952,465.0,240.0,0.0,12102692,11.406000000000034,6452.0,Oply,car
26658417,twoway,15228.0,50685.0,358470,152242,null,152242,14057.877988961085,1123.0,390.0,0.0,12133651,53.21299999999998,35457.0,Oply,car
27030498,twoway,11779.0,46265.0,402707,7103,null,7103,221953.3059555248,9077.0,502.0,0.0,12120631,52.92799999999994,34486.0,Oply,car
27050544,twoway,85518.0,85769.0,131665,131665,null,419114,3110.4759644366577,250.0,1.0,0.0,12131612,0.3428,251.0,Oply,car
27905719,twoway,54760.0,61247.0,255282,255316,null,255316,8726.735305980143,683.0,165.0,0.0,12132611,11.633999999999997,6487.0,Oply,car
34974198,twoway,71012.0,76127.0,379132,370301,null,370301,17267.458728237514,1228.0,115.0,0.0,12132681,11.382000000000005,5115.0,Oply,car
27008203,twoway,72506.0,79769.0,282261,245646,null,245646,5533.176017806521,448.0,446.0,0.0,12131662,11.44629999999998,7263.0,Oply,car
27149052,twoway,76427.0,77252.0,185953,119231,null,389729,6434.938079179863,430.0,395.0,0.0,12133661,5.625999999999998,825.0,Oply,car
28506440,twoway,72064.0,78836.0,267467,442311,null,66928,7454.378446902849,663.0,2646.0,0.0,12108612,11.37869999999998,6772.0,Oply,car
35031325,twoway,76073.0,76617.0,270940,272361,null,276589,2754.7970712822,248.0,296.0,0.0,12102622,5.656,544.0,Oply,car
34705142,twoway,55953.0,61273.0,43835,145569,null,145569,3612.1876573898385,309.0,182.0,0.0,12102611,11.634000000000015,5320.0,Oply,car
27493290,twoway,19143.0,27498.0,136810,427832,null,427832,4541.5896877162795,368.0,196.0,0.0,12121651,15.489699999999972,8355.0,Oply,car
27305231,twoway,58379.0,66880.0,8200,378375,null,378375,9098.769171139807,697.0,141.0,0.0,12106611,17.194200000000002,8501.0,Oply,car
29699359,twoway,54085.0,59050.0,370300,370301,null,370301,4531.407476613868,403.0,90.0,0.0,12132681,11.633999999999991,4965.0,Oply,car
26710753,twoway,13952.0,49238.0,341904,486024,null,486024,24193.496915184794,1788.0,1014.0,0.0,12132661,53.107999999999976,35286.0,Oply,car
28856788,twoway,59054.0,63956.0,487060,469756,null,469756,15085.94426873012,1230.0,403.0,0.0,12132672,11.593199999999989,4902.0,Oply,car
29145679,twoway,72590.0,78828.0,356662,274193,null,274193,5427.715773775266,493.0,178.0,0.0,12133611,11.35229999999998,6238.0,Oply,car
28176764,twoway,71213.0,79682.0,98440,316629,null,316629,6503.859234504115,535.0,158.0,0.0,12122632,16.81579999999999,8469.0,Oply,car
27938546,twoway,74321.0,77771.0,373216,110655,null,471723,6885.979177127823,508.0,2942.0,0.0,12102621,5.728399999999999,3450.0,Oply,car
26725247,twoway,92169.0,92656.0,180209,423936,null,256822,2535.4579881974755,212.0,275.0,0.0,12102632,4.9788000000000014,487.0,Oply,car
27578650,twoway,61659.0,67908.0,20711,20711,null,20711,18674.09874082809,1173.0,1.0,0.0,12132622,11.29420000000001,6249.0,Oply,car
26914128,twoway,55971.0,61224.0,172993,456157,null,456157,1029.5892808435856,116.0,107.0,0.0,12103621,11.634000000000015,5253.0,Oply,car
26807987,twoway,66754.0,72115.0,16200,105073,null,105073,4466.098226802989,350.0,471.0,0.0,12096523,11.28999999999999,5361.0,Oply,car
26793058,twoway,53300.0,58638.0,8869,8897,null,8897,2645.1050170786334,293.0,181.0,0.0,12133632,11.553600000000003,5338.0,Oply,car
27602493,twoway,11104.0,46997.0,494984,79825,null,79825,61409.520573727976,2406.0,524.0,0.0,12120662,52.87299999999992,35893.0,Oply,car
26917075,twoway,72594.0,78529.0,255623,254295,null,254295,4304.205628417255,404.0,233.0,0.0,12102662,11.35229999999998,5935.0,Oply,car
26995486,twoway,59751.0,63465.0,456159,320455,null,320455,8783.529435940625,757.0,522.0,0.0,12103611,6.058399999999995,3714.0,Oply,car
27714563,twoway,76004.0,79433.0,125553,105073,null,105073,4066.4518398930973,316.0,142.0,0.0,12096521,5.661,3429.0,Oply,car
29549838,twoway,12078.0,39569.0,131721,410043,null,410043,4651.084470920611,379.0,630.0,0.0,12096511,42.00569999999987,27491.0,Oply,car
26803144,twoway,17680.0,23332.0,362976,281994,null,281994,6845.428101236506,568.0,532.0,0.0,12095581,10.460999999999997,5652.0,Oply,car
28021892,twoway,69915.0,76812.0,229018,414631,null,414631,9191.041991281409,728.0,91.0,0.0,12120622,11.39000000000003,6897.0,Oply,car
26716528,twoway,64153.0,69961.0,280055,320455,null,320455,4947.221608026489,453.0,234.0,0.0,12103612,11.298699999999993,5808.0,Oply,car
27564566,twoway,11000.0,32591.0,137569,257127,null,257127,6524.999360539933,556.0,113.0,0.0,12095571,31.541999999999895,21591.0,Oply,car
27695237,twoway,71462.0,77934.0,409816,139511,null,139511,3345.846866523157,290.0,185.0,0.0,12104691,11.381999999999993,6472.0,Oply,car
31059622,twoway,17658.0,43125.0,270630,30901,null,30901,22231.850775714265,1163.0,1172.0,0.0,12133712,37.02739999999979,25467.0,Oply,car
29313639,twoway,8180.0,40650.0,291599,281413,null,281413,18002.909257558484,1324.0,338.0,0.0,12102681,47.42619999999979,32470.0,Oply,car
27859526,twoway,78663.0,79062.0,127904,369565,null,1484,1700.4301813904938,169.0,230.0,0.0,12096541,5.400299999999999,399.0,Oply,car
28709493,twoway,88498.0,89126.0,36588,13928,null,421149,3344.8867217809347,257.0,371.0,0.0,12121611,4.989,628.0,Oply,car
27803022,twoway,79204.0,87286.0,108588,152242,null,152242,9178.66460081924,789.0,259.0,0.0,12133652,15.620999999999938,8082.0,Oply,car
28121110,twoway,53534.0,64119.0,43312,380534,null,380534,13986.478584813081,1043.0,205.0,0.0,12120653,17.362400000000036,10585.0,Oply,car
28121111,twoway,63188.0,68749.0,43312,380534,null,380534,15689.985034760235,1253.0,205.0,0.0,12120652,11.325900000000019,5561.0,Oply,car
28960673,twoway,58961.0,62091.0,440255,126200,null,126200,957.9799598653508,92.0,127.0,0.0,12104712,5.891999999999994,3130.0,Oply,car
26737443,twoway,52736.0,58349.0,363801,172623,null,172623,6733.251938328157,577.0,224.0,0.0,12104671,11.486600000000015,5613.0,Oply,car
29017550,twoway,21544.0,27757.0,487247,469756,null,469756,7943.7092527336845,759.0,234.0,0.0,12132671,10.185299999999968,6213.0,Oply,car
26880919,twoway,54594.0,60573.0,389093,87195,null,87195,12410.423301282652,878.0,149.0,0.0,12133622,11.633999999999995,5979.0,Oply,car
29197333,twoway,60920.0,66772.0,241416,301163,null,301163,6021.803606590844,447.0,196.0,0.0,12133641,11.332999999999993,5852.0,Oply,car
29149572,twoway,68881.0,74754.0,255282,255316,null,255316,8490.801213227549,716.0,165.0,0.0,12132611,11.417200000000037,5873.0,Oply,car
28160401,twoway,49821.0,53372.0,370300,370301,null,370301,11885.874647583205,972.0,90.0,0.0,12132682,5.708000000000003,3551.0,Oply,car
26790584,twoway,55006.0,65929.0,255282,255316,null,255316,3105.408535173519,329.0,165.0,0.0,12132612,17.536800000000053,10923.0,Oply,car
26790583,twoway,70719.0,78040.0,255282,255316,null,255316,5231.900932349348,525.0,165.0,0.0,12132612,11.570000000000013,7321.0,Oply,car
28881428,twoway,22521.0,46502.0,271533,272361,null,272361,236065.1419006359,10164.0,164.0,0.0,12102621,36.87599999999999,23981.0,Oply,car
28376054,twoway,72259.0,78022.0,247104,110,null,110,8163.06504138899,715.0,492.0,0.0,12103632,11.368799999999977,5763.0,Oply,car
27837361,twoway,20824.0,26793.0,135310,474619,null,474619,3366.739308028085,322.0,421.0,0.0,12105611,10.22489999999997,5969.0,Oply,car
27236459,twoway,48536.0,57934.0,87197,87195,null,87195,9770.159781693983,696.0,171.0,0.0,12133621,17.168200000000066,9398.0,Oply,car
27445225,twoway,9383.0,32641.0,498129,454386,null,454386,48596.61882929025,2295.0,382.0,0.0,12122611,36.86159999999982,23258.0,Oply,car
27340041,twoway,81924.0,82620.0,316616,126200,null,275609,6118.05220465291,564.0,132.0,0.0,12104712,5.2139999999999995,696.0,Oply,car
27937195,twoway,58352.0,66462.0,450264,409369,null,409369,4014.2754271556323,326.0,439.0,0.0,12121641,17.194200000000002,8110.0,Oply,car
29694306,twoway,64972.0,70759.0,81621,255488,null,255488,9233.687354097128,831.0,397.0,0.0,12103682,11.279999999999974,5787.0,Oply,car
34477979,twoway,63153.0,66786.0,456888,60605,null,60605,5928.351425532978,479.0,266.0,0.0,12107631,5.771700000000001,3633.0,Oply,car
27429421,twoway,56262.0,62158.0,280124,280126,null,280126,8663.230786018596,742.0,171.0,0.0,12103641,11.63400000000002,5896.0,Oply,car
27570300,twoway,61288.0,68007.0,267467,254295,null,254295,6861.484000602807,573.0,977.0,0.0,12102662,11.284600000000001,6719.0,Oply,car
27332411,twoway,24508.0,35103.0,282261,245646,null,245646,9617.796059614066,801.0,446.0,0.0,12131661,15.578400000000062,10595.0,Oply,car
28497556,twoway,53362.0,61745.0,267467,66928,null,66928,5194.037348883757,451.0,171.0,0.0,12108612,17.357300000000038,8383.0,Oply,car
27178888,twoway,35025.0,45377.0,501129,501127,null,501127,5697.652154797022,493.0,297.0,0.0,12133673,15.983000000000018,10352.0,Oply,car
32950700,twoway,50120.0,54144.0,60517,289762,null,289762,15881.022470232954,1293.0,318.0,0.0,12131642,11.43300000000003,4024.0,Oply,car
27619635,twoway,61384.0,65538.0,281928,274193,null,274193,6685.257727279929,605.0,89.0,0.0,12133612,11.287800000000004,4154.0,Oply,car
26871562,twoway,65458.0,70859.0,7101,7103,null,7103,1620.962195098064,187.0,122.0,0.0,12120631,11.279999999999974,5401.0,Oply,car
29874703,twoway,55197.0,56163.0,380430,380534,null,466218,5913.3314801969045,458.0,508.0,0.0,12120651,5.7419999999999956,966.0,Oply,car
31502089,twoway,14371.0,50608.0,257254,445439,null,445439,104839.83329106227,5745.0,1123.0,0.0,12133692,53.52579999999998,36237.0,Oply,car
29874702,twoway,66724.0,70611.0,466218,59637,null,59637,5927.185732136948,619.0,209.0,0.0,12131633,6.022600000000001,3887.0,Oply,car
32796888,twoway,60710.0,65765.0,255282,255316,null,255316,3890.345672756941,389.0,165.0,0.0,12132613,11.37299999999999,5055.0,Oply,car
27962967,twoway,61816.0,72690.0,14501,487115,null,487115,7974.272829868285,653.0,1046.0,0.0,12132691,17.09900000000002,10874.0,Oply,car
31179974,twoway,68897.0,77766.0,447997,501127,null,501127,4028.160784076337,432.0,330.0,0.0,12133673,17.068200000000033,8869.0,Oply,car
27846053,twoway,57334.0,62913.0,359317,244185,null,244185,2956.971822318579,284.0,217.0,0.0,12096531,11.63400000000002,5579.0,Oply,car
32349529,twoway,55668.0,61004.0,153658,153662,null,153662,3146.6441985749047,309.0,193.0,0.0,12103661,11.634000000000011,5336.0,Oply,car
32796891,twoway,72955.0,75465.0,255282,454386,null,454386,4216.99368316687,374.0,369.0,0.0,12122613,5.7164999999999955,2510.0,Oply,car
28100296,twoway,68421.0,68868.0,271533,272361,null,110655,3242.6564178225317,283.0,164.0,0.0,12102621,5.739000000000005,447.0,Oply,car
26986814,twoway,43787.0,54413.0,138264,445439,null,445439,7110.52304279226,587.0,479.0,0.0,12133693,16.83030000000002,10626.0,Oply,car
28392302,twoway,50468.0,55785.0,11624,42301,null,42301,2261.7128777049525,232.0,163.0,0.0,12104661,11.433000000000026,5317.0,Oply,car
32742232,twoway,51669.0,57497.0,321827,42301,null,42301,8373.604053204628,757.0,173.0,0.0,12104662,11.433000000000021,5828.0,Oply,car
27379595,twoway,60981.0,67508.0,97168,484179,null,484179,3001.8269544752156,298.0,118.0,0.0,12121631,11.322999999999995,6527.0,Oply,car
29143337,twoway,78542.0,84546.0,414282,110,null,110,10075.424815973502,866.0,372.0,0.0,12103631,10.62129999999999,6004.0,Oply,car
27169370,twoway,48879.0,55520.0,229018,414631,null,414631,9821.05570286083,811.0,91.0,0.0,12120621,11.43300000000003,6641.0,Oply,car
27880711,twoway,82074.0,88382.0,460492,13928,null,13928,13174.811930594222,1121.0,165.0,0.0,12121611,10.32389999999999,6308.0,Oply,car
26809327,twoway,67368.0,73724.0,370300,370301,null,370301,7513.135494941704,572.0,90.0,0.0,12132682,11.340000000000009,6356.0,Oply,car
27010232,twoway,76759.0,84070.0,125496,244185,null,244185,26276.038888467476,1722.0,201.0,0.0,12096532,11.046000000000026,7311.0,Oply,car
31066366,twoway,53503.0,60215.0,376896,486024,null,486024,15034.789389149519,1268.0,230.0,0.0,12132661,11.5737,6712.0,Oply,car
26841256,twoway,0.0,5860.0,333278,316629,null,316629,6073.385521151941,503.0,368.0,0.0,12122631,10.130999999999982,5860.0,Oply,car
28720334,twoway,59900.0,60734.0,422797,16208,null,476665,2644.4685520171483,224.0,610.0,0.0,12107621,5.851999999999996,834.0,Oply,car
28600679,twoway,47766.0,53754.0,125457,244185,null,244185,6860.495926392543,611.0,238.0,0.0,12096534,11.385399999999999,5988.0,Oply,car
32022676,twoway,82637.0,88695.0,391584,60605,null,60605,6012.038361510736,480.0,423.0,0.0,12107633,10.290899999999995,6058.0,Oply,car
26845977,twoway,31310.0,36916.0,60517,289762,null,289762,4836.449070759084,497.0,318.0,0.0,12131641,10.4907,5606.0,Oply,car
26738200,twoway,58572.0,69325.0,79496,445439,null,445439,12201.272752138007,1002.0,201.0,0.0,12133692,17.200599999999998,10753.0,Oply,car
28811623,twoway,47608.0,52301.0,359317,244185,null,244185,6890.720832533881,578.0,217.0,0.0,12096533,11.375199999999994,4693.0,Oply,car
26738201,twoway,50781.0,56391.0,79496,445439,null,445439,16660.135989701317,1103.0,201.0,0.0,12133691,11.433000000000025,5610.0,Oply,car
27641061,twoway,5820.0,42013.0,209248,346913,null,346913,35456.54004388109,2529.0,259.0,0.0,12133731,52.8349999999998,36193.0,Oply,car
28706072,twoway,15898.0,46939.0,361058,244185,null,244185,3128.528422679147,281.0,324.0,0.0,12096531,47.54639999999993,31041.0,Oply,car
29102238,twoway,59874.0,65943.0,184728,378375,null,378375,2304.76409557094,198.0,756.0,0.0,12106612,11.512999999999977,6069.0,Oply,car
28932186,twoway,81132.0,81714.0,299824,280126,null,7101,2912.497890505319,263.0,319.0,0.0,12103644,5.234799999999998,582.0,Oply,car
32801843,twoway,53251.0,59386.0,341841,13928,null,13928,11628.656785154291,897.0,179.0,0.0,12121611,11.546900000000004,6135.0,Oply,car
26531740,twoway,56765.0,69085.0,243379,243383,null,243383,12486.035834594506,1046.0,168.0,0.0,12104631,22.937800000000003,12320.0,Oply,car
27348893,twoway,81047.0,81577.0,363071,66928,null,65774,1821.3238413182894,158.0,372.0,0.0,12108612,5.237999999999998,530.0,Oply,car
33753371,twoway,86623.0,91411.0,271533,471723,null,100067,5532.710641933468,450.0,4338.0,0.0,12102621,10.06979999999999,4788.0,Oply,car
28021585,twoway,80124.0,84565.0,316616,254293,null,434340,8138.2879622776645,665.0,3776.0,0.0,12102702,10.454999999999975,4441.0,Oply,car
28021586,twoway,73623.0,80136.0,434340,79825,null,79825,14596.473915381397,1123.0,127.0,0.0,12120661,11.292899999999996,6513.0,Oply,car
28869916,twoway,9783.0,40531.0,356662,274193,null,274193,17474.865135460164,1076.0,178.0,0.0,12133611,47.38179999999984,30748.0,Oply,car
28021587,twoway,67206.0,71070.0,434340,79825,null,79825,14905.908929815192,1173.0,127.0,0.0,12120662,6.049000000000006,3864.0,Oply,car
28625941,twoway,59856.0,65509.0,391664,172623,null,172623,7066.047804704714,582.0,191.0,0.0,12104674,11.512999999999977,5653.0,Oply,car
26808914,twoway,50076.0,55578.0,323482,403375,null,403375,6061.443765467826,545.0,143.0,0.0,12132641,11.43300000000003,5502.0,Oply,car
26790781,twoway,86064.0,88621.0,190666,65774,null,94799,9001.958750172633,765.0,1792.0,0.0,12108612,5.101199999999999,2557.0,Oply,car
29755413,twoway,80833.0,88072.0,87197,87195,null,87195,5608.220763748408,438.0,171.0,0.0,12133622,10.394999999999978,7239.0,Oply,car
