time	time	departures_all	arrivals_all	stuck_all	en-route_all	departures_access_walk_tw	arrivals_access_walk_tw	stuck_access_walk_tw	en-route_access_walk_tw	departures_bike	arrivals_bike	stuck_bike	en-route_bike	departures_car	arrivals_car	stuck_car	en-route_car	departures_egress_walk_tw	arrivals_egress_walk_tw	stuck_egress_walk_tw	en-route_egress_walk_tw	departures_pt	arrivals_pt	stuck_pt	en-route_pt	departures_twoway_vehicle	arrivals_twoway_vehicle	stuck_twoway_vehicle	en-route_twoway_vehicle	departures_walk	arrivals_walk	stuck_walk	en-route_walk
00:00:00	0	5	1	0	4	1	1	0	0	0	0	0	0	3	0	0	3	0	0	0	0	0	0	0	0	1	0	0	1	0	0	0	0
00:05:00	300	1	1	0	4	0	0	0	0	0	0	0	0	1	1	0	3	0	0	0	0	0	0	0	0	0	0	0	1	0	0	0	0
00:10:00	600	1	2	0	3	0	0	0	0	0	0	0	0	1	2	0	2	0	0	0	0	0	0	0	0	0	0	0	1	0	0	0	0
00:15:00	900	0	1	0	2	0	0	0	0	0	0	0	0	0	0	0	2	0	0	0	0	0	0	0	0	0	1	0	0	0	0	0	0
00:20:00	1200	4	1	0	5	1	0	0	1	0	0	0	0	3	1	0	4	0	0	0	0	0	0	0	0	0	0	0	0	0	0	0	0
00:25:00	1500	2	2	0	5	0	1	0	0	0	0	0	0	0	1	0	3	0	0	0	0	0	0	0	0	1	0	0	1	1	0	0	1
00:30:00	1800	0	2	0	3	0	0	0	0	0	0	0	0	0	1	0	2	0	0	0	0	0	0	0	0	0	1	0	0	0	0	0	1
00:35:00	2100	1	1	0	3	0	0	0	0	0	0	0	0	1	1	0	2	0	0	0	0	0	0	0	0	0	0	0	0	0	0	0	1
00:40:00	2400	2	1	0	4	0	0	0	0	0	0	0	0	2	1	0	3	0	0	0	0	0	0	0	0	0	0	0	0	0	0	0	1
00:45:00	2700	0	1	0	3	0	0	0	0	0	0	0	0	0	1	0	2	0	0	0	0	0	0	0	0	0	0	0	0	0	0	0	1
00:50:00	3000	2	1	0	4	1	0	0	1	0	0	0	0	1	1	0	2	0	0	0	0	0	0	0	0	0	0	0	0	0	0	0	1
00:55:00	3300	3	1	0	6	1	1	0	1	1	0	0	1	0	0	0	2	0	0	0	0	0	0	0	0	1	0	0	1	0	0	0	1
01:00:00	3600	3	1	0	8	1	0	0	2	0	0	0	1	2	1	0	3	0	0	0	0	0	0	0	0	0	0	0	1	0	0	0	1
01:05:00	3900	3	1	0	10	0	1	0	1	0	0	0	1	2	0	0	5	0	0	0	0	0	0	0	0	1	0	0	2	0	0	0	1
01:10:00	4200	1	4	0	7	0	1	0	0	0	0	0	1	0	2	0	3	0	0	0	0	0	0	0	0	1	1	0	2	0	0	0	1
01:15:00	4500	2	1	0	8	0	0	0	0	0	0	0	1	2	0	0	5	0	0	0	0	0	0	0	0	0	1	0	1	0	0	0	1
01:20:00	4800	2	2	0	8	0	0	0	0	0	0	0	1	2	2	0	5	0	0	0	0	0	0	0	0	0	0	0	1	0	0	0	1
01:25:00	5100	0	4	0	4	0	0	0	0	0	0	0	1	0	2	0	3	0	0	0	0	0	0	0	0	0	1	0	0	0	1	0	0
01:30:00	5400	1	1	0	4	0	0	0	0	0	1	0	0	1	0	0	4	0	0	0	0	0	0	0	0	0	0	0	0	0	0	0	0
01:35:00	5700	0	2	0	2	0	0	0	0	0	0	0	0	0	2	0	2	0	0	0	0	0	0	0	0	0	0	0	0	0	0	0	0
01:40:00	6000	1	1	0	2	0	0	0	0	0	0	0	0	1	1	0	2	0	0	0	0	0	0	0	0	0	0	0	0	0	0	0	0
01:45:00	6300	2	1	0	3	1	0	0	1	0	0	0	0	1	1	0	2	0	0	0	0	0	0	0	0	0	0	0	0	0	0	0	0
01:50:00	6600	1	0	0	4	0	0	0	1	0	0	0	0	1	0	0	3	0	0	0	0	0	0	0	0	0	0	0	0	0	0	0	0
01:55:00	6900	4	2	0	6	0	1	0	0	0	0	0	0	1	1	0	3	0	0	0	0	0	0	0	0	2	0	0	2	1	0	0	1
02:00:00	7200	1	1	0	6	0	0	0	0	0	0	0	0	0	0	0	3	1	0	0	1	0	0	0	0	0	1	0	1	0	0	0	1
02:05:00	7500	2	1	0	7	0	0	0	0	0	0	0	0	2	0	0	5	0	1	0	0	0	0	0	0	0	0	0	1	0	0	0	1
02:10:00	7800	3	2	0	8	0	0	0	0	0	0	0	0	3	2	0	6	0	0	0	0	0	0	0	0	0	0	0	1	0	0	0	1
02:15:00	8100	2	1	0	9	1	0	0	1	0	0	0	0	1	1	0	6	0	0	0	0	0	0	0	0	0	0	0	1	0	0	0	1
02:20:00	8400	6	2	0	13	2	0	0	3	0	0	0	0	4	2	0	8	0	0	0	0	0	0	0	0	0	0	0	1	0	0	0	1
02:25:00	8700	2	1	0	14	1	0	0	4	0	0	0	0	1	1	0	8	0	0	0	0	0	0	0	0	0	0	0	1	0	0	0	1
02:30:00	9000	11	7	0	18	1	3	0	2	0	0	0	0	6	3	0	11	0	0	0	0	0	0	0	0	4	1	0	4	0	0	0	1
02:35:00	9300	10	6	0	22	0	2	0	0	0	0	0	0	7	3	0	15	0	0	0	0	1	0	0	1	2	1	0	5	0	0	0	1
02:40:00	9600	4	8	0	18	1	0	0	1	1	0	0	1	1	5	0	11	1	0	0	1	0	0	0	1	0	3	0	2	0	0	0	1
02:45:00	9900	9	5	0	22	1	1	0	1	0	0	0	1	6	3	0	14	0	1	0	0	1	0	0	2	1	0	0	3	0	0	0	1
02:50:00	10200	8	4	0	26	1	1	0	1	0	0	0	1	6	3	0	17	0	0	0	0	0	0	0	2	1	0	0	4	0	0	0	1
02:55:00	10500	6	4	0	28	2	1	0	2	0	0	0	1	3	0	0	20	0	0	0	0	0	0	0	2	1	2	0	3	0	1	0	0
03:00:00	10800	12	11	0	29	1	3	0	0	1	0	0	2	5	6	0	19	0	0	0	0	2	2	0	2	3	0	0	6	0	0	0	0
03:05:00	11100	4	4	0	29	1	0	0	1	1	0	0	3	2	4	0	17	0	0	0	0	0	0	0	2	0	0	0	6	0	0	0	0
03:10:00	11400	4	10	0	23	1	0	0	2	0	0	0	3	3	7	0	13	0	0	0	0	0	0	0	2	0	3	0	3	0	0	0	0
03:15:00	11700	8	2	0	29	0	1	0	1	1	0	0	4	6	0	0	19	0	0	0	0	0	0	0	2	1	1	0	3	0	0	0	0
03:20:00	12000	3	4	0	28	1	1	0	1	0	0	0	4	1	2	0	18	0	0	0	0	0	0	0	2	1	1	0	3	0	0	0	0
03:25:00	12300	13	6	0	35	0	1	0	0	0	0	0	4	9	4	0	23	0	0	0	0	2	0	0	4	1	1	0	3	1	0	0	1
03:30:00	12600	13	5	0	43	0	0	0	0	0	0	0	4	13	4	0	32	0	0	0	0	0	1	0	3	0	0	0	3	0	0	0	1
03:35:00	12900	16	9	0	50	1	0	0	1	0	1	0	3	13	6	0	39	0	0	0	0	1	1	0	3	0	1	0	2	1	0	0	2
03:40:00	13200	16	20	0	46	2	0	0	3	1	2	0	2	10	16	0	33	0	0	0	0	1	1	0	3	0	1	0	1	2	0	0	4
03:45:00	13500	15	15	0	46	2	2	0	3	2	0	0	4	9	11	0	31	0	0	0	0	0	1	0	2	2	1	0	2	0	0	0	4
03:50:00	13800	14	16	0	44	2	2	0	3	0	1	0	3	8	12	0	27	1	0	0	1	0	0	0	2	3	1	0	4	0	0	0	4
03:55:00	14100	29	11	0	62	1	3	0	1	0	0	0	3	23	5	0	45	0	1	0	0	1	0	0	3	3	2	0	5	1	0	0	5
04:00:00	14400	15	20	0	57	0	0	0	1	0	1	0	2	13	17	0	41	0	0	0	0	0	1	0	2	0	1	0	4	2	0	0	7
04:05:00	14700	20	15	0	62	2	2	0	1	0	0	0	2	15	13	0	43	0	0	0	0	1	0	0	3	2	0	0	6	0	0	0	7
04:10:00	15000	21	18	0	65	1	2	0	0	1	0	0	3	16	11	0	48	0	0	0	0	0	0	0	3	2	4	0	4	1	1	0	7
04:15:00	15300	19	6	0	78	0	0	0	0	2	0	0	5	12	5	0	55	0	0	0	0	3	0	0	6	0	1	0	3	2	0	0	9
04:20:00	15600	20	16	0	82	1	0	0	1	2	1	0	6	15	15	0	55	0	0	0	0	1	0	0	7	0	0	0	3	1	0	0	10
04:25:00	15900	25	19	0	88	3	2	0	2	1	1	0	6	17	15	0	57	0	0	0	0	1	1	0	7	2	0	0	5	1	0	0	11
04:30:00	16200	20	21	0	87	0	1	0	1	2	1	0	7	13	17	0	53	0	0	0	0	2	1	0	8	1	1	0	5	2	0	0	13
04:35:00	16500	25	22	0	90	1	1	0	1	1	1	0	7	20	17	0	56	0	0	0	0	2	1	0	9	1	2	0	4	0	0	0	13
04:40:00	16800	35	19	0	106	0	1	0	0	0	1	0	6	26	13	0	69	2	0	0	2	2	1	0	10	3	3	0	4	2	0	0	15
04:45:00	17100	25	27	0	104	1	0	0	1	1	0	0	7	15	22	0	62	0	0	0	2	4	2	0	12	0	2	0	2	4	1	0	18
04:50:00	17400	15	23	0	96	0	0	0	1	3	0	0	10	11	20	0	53	0	1	0	1	0	2	0	10	0	0	0	2	1	0	0	19
04:55:00	17700	26	20	0	102	0	1	0	0	1	0	0	11	21	18	0	56	0	1	0	0	2	0	0	12	1	0	0	3	1	0	0	20
05:00:00	18000	29	17	0	114	1	0	0	1	0	3	0	8	28	14	0	70	0	0	0	0	0	0	0	12	0	0	0	3	0	0	0	20
05:05:00	18300	34	31	0	117	3	0	0	4	3	1	0	10	25	28	0	67	0	0	0	0	1	1	0	12	0	0	0	3	2	1	0	21
05:10:00	18600	34	26	0	125	1	4	0	1	2	0	0	12	23	21	0	69	0	0	0	0	0	1	0	11	4	0	0	7	4	0	0	25
05:15:00	18900	41	32	0	134	0	0	0	1	2	3	0	11	34	27	0	76	0	0	0	0	2	1	0	12	0	1	0	6	3	0	0	28
05:20:00	19200	37	28	0	143	0	1	0	0	5	0	0	16	28	23	0	81	0	0	0	0	2	1	0	13	1	3	0	4	1	0	0	29
05:25:00	19500	30	29	0	144	0	0	0	0	0	1	0	15	24	23	0	82	0	0	0	0	4	2	0	15	0	1	0	3	2	2	0	29
05:30:00	19800	28	24	0	148	2	0	0	2	1	0	0	16	20	21	0	81	0	0	0	0	2	2	0	15	0	0	0	3	3	1	0	31
05:35:00	20100	36	32	0	152	1	2	0	1	2	1	0	17	25	26	0	80	1	0	0	1	3	2	0	16	3	1	0	5	1	0	0	32
05:40:00	20400	41	34	0	159	2	1	0	2	4	0	0	21	31	29	0	82	0	0	0	1	0	1	0	15	1	1	0	5	3	2	0	33
05:45:00	20700	50	28	0	181	0	0	0	2	7	5	0	23	40	21	0	101	0	1	0	0	0	0	0	15	0	1	0	4	3	0	0	36
05:50:00	21000	39	37	0	183	0	1	0	1	4	1	0	26	32	33	0	100	0	0	0	0	0	2	0	13	1	0	0	5	2	0	0	38
05:55:00	21300	56	44	0	195	0	1	0	0	3	1	0	28	42	39	0	103	0	0	0	0	8	0	0	21	1	2	0	4	2	1	0	39
06:00:00	21600	49	45	0	199	0	0	0	0	2	1	0	29	38	40	0	101	0	0	0	0	6	2	0	25	0	2	0	2	3	0	0	42
06:05:00	21900	44	52	0	191	2	1	0	1	1	5	0	25	33	44	0	90	0	0	0	0	1	2	0	24	1	0	0	3	6	0	0	48
06:10:00	22200	57	41	0	207	0	1	0	0	5	2	0	28	40	32	0	98	0	0	0	0	2	5	0	21	2	1	0	4	8	0	0	56
06:15:00	22500	41	40	0	208	1	0	0	1	2	2	0	28	35	34	0	99	1	0	0	1	0	0	0	21	0	2	0	2	2	2	0	56
06:20:00	22800	48	50	0	206	2	3	0	0	0	7	0	21	35	34	0	100	0	0	0	1	3	3	0	21	3	2	0	3	5	1	0	60
06:25:00	23100	48	38	0	216	0	0	0	0	5	3	0	23	35	31	0	104	0	1	0	0	3	2	0	22	0	0	0	3	5	1	0	64
06:30:00	23400	56	59	0	213	1	1	0	0	2	2	0	23	45	49	0	100	0	0	0	0	0	4	0	18	2	2	0	3	6	1	0	69
06:35:00	23700	49	59	0	203	0	0	0	0	1	3	0	21	38	48	0	90	1	0	0	1	4	2	0	20	0	3	0	0	5	3	0	71
06:40:00	24000	50	32	0	221	0	0	0	0	3	1	0	23	42	29	0	103	0	1	0	0	2	0	0	22	0	0	0	0	3	1	0	73
06:45:00	24300	41	40	0	222	0	0	0	0	0	0	0	23	37	37	0	103	0	0	0	0	2	2	0	22	0	0	0	0	2	1	0	74
06:50:00	24600	54	40	0	236	0	0	0	0	2	1	0	24	44	36	0	111	0	0	0	0	4	2	0	24	1	0	0	1	3	1	0	76
06:55:00	24900	61	51	0	246	1	0	0	1	4	2	0	26	47	47	0	111	1	0	0	1	1	0	0	25	1	1	0	1	6	1	0	81
07:00:00	25200	52	53	0	245	0	1	0	0	4	3	0	27	44	44	0	111	1	0	0	2	2	2	0	25	1	1	0	1	0	2	0	79
07:05:00	25500	71	51	0	265	2	0	0	2	2	5	0	24	61	39	0	133	0	2	0	0	3	4	0	24	0	1	0	0	3	0	0	82
07:10:00	25800	57	60	0	262	0	1	0	1	1	0	0	25	47	53	0	127	0	0	0	0	3	3	0	24	1	0	0	1	5	3	0	84
07:15:00	26100	75	53	0	284	0	0	0	1	3	3	0	25	64	44	0	147	0	0	0	0	4	3	0	25	1	1	0	1	3	2	0	85
07:20:00	26400	49	80	0	253	0	1	0	0	1	4	0	22	42	69	0	120	1	0	0	1	2	4	0	23	1	1	0	1	2	1	0	86
07:25:00	26700	61	64	0	250	0	0	0	0	3	1	0	24	50	57	0	113	0	1	0	0	3	4	0	22	0	0	0	1	5	1	0	90
07:30:00	27000	62	62	0	250	0	0	0	0	4	1	0	27	52	55	0	110	0	0	0	0	1	3	0	20	0	1	0	0	5	2	0	93
07:35:00	27300	53	59	0	244	0	0	0	0	3	2	0	28	42	51	0	101	0	0	0	0	3	2	0	21	0	0	0	0	5	4	0	94
07:40:00	27600	63	56	0	251	2	0	0	2	2	3	0	27	53	50	0	104	0	0	0	0	1	1	0	21	0	0	0	0	5	2	0	97
07:45:00	27900	68	62	0	257	1	1	0	2	4	2	0	29	59	53	0	110	0	0	0	0	2	5	0	18	1	0	0	1	1	1	0	97
07:50:00	28200	67	63	0	261	2	2	0	2	3	3	0	29	52	51	0	111	0	0	0	0	1	2	0	17	4	1	0	4	5	4	0	98
07:55:00	28500	83	71	0	273	1	0	0	3	5	2	0	32	63	62	0	112	2	0	0	2	7	1	0	23	2	4	0	2	3	2	0	99
08:00:00	28800	74	79	0	268	1	2	0	2	4	5	0	31	57	62	0	107	2	1	0	3	6	3	0	26	2	3	0	1	2	3	0	98
08:05:00	29100	90	68	0	290	0	0	0	2	10	3	0	38	74	53	0	128	0	3	0	0	4	5	0	25	0	1	0	0	2	3	0	97
08:10:00	29400	77	80	0	287	0	1	0	1	5	5	0	38	61	71	0	118	0	0	0	0	6	2	0	29	1	1	0	0	4	0	0	101
08:15:00	29700	76	85	0	278	2	2	0	1	4	8	0	34	59	68	0	109	0	0	0	0	3	4	0	28	2	0	0	2	6	3	0	104
08:20:00	30000	86	66	0	298	2	1	0	2	8	5	0	37	67	51	0	125	0	0	0	0	2	3	0	27	2	2	0	2	5	4	0	105
08:25:00	30300	79	81	0	296	1	1	0	2	5	5	0	37	61	69	0	117	0	0	0	0	7	3	0	31	1	1	0	2	4	2	0	107
08:30:00	30600	82	87	0	291	0	2	0	0	7	5	0	39	64	70	0	111	0	0	0	0	3	7	0	27	4	0	0	6	4	3	0	108
08:35:00	30900	105	92	0	304	0	0	0	0	4	9	0	34	81	70	0	122	4	1	0	3	4	5	0	26	3	6	0	3	9	1	0	116
08:40:00	31200	87	100	0	291	0	0	0	0	5	7	0	32	73	83	0	112	2	1	0	4	5	5	0	26	0	2	0	1	2	2	0	116
08:45:00	31500	86	66	0	311	1	0	0	1	8	6	0	34	64	53	0	123	0	2	0	2	4	2	0	28	0	0	0	1	9	3	0	122
08:50:00	31800	102	94	0	319	2	0	0	3	7	3	0	38	88	82	0	129	0	2	0	0	3	6	0	25	0	0	0	1	2	1	0	123
08:55:00	32100	78	95	0	302	0	0	0	3	2	6	0	34	64	85	0	108	0	0	0	0	4	4	0	25	1	0	0	2	7	0	0	130
09:00:00	32400	100	82	0	320	0	1	0	2	4	3	0	35	87	65	0	130	1	1	0	0	0	6	0	19	2	1	0	3	6	5	0	131
09:05:00	32700	97	104	0	313	0	2	0	0	5	7	0	33	79	86	0	123	1	1	0	0	4	3	0	20	5	1	0	7	3	4	0	130
09:10:00	33000	95	84	0	324	0	0	0	0	2	5	0	30	79	69	0	133	1	1	0	0	8	2	0	26	0	4	0	3	5	3	0	132
09:15:00	33300	96	99	0	321	1	0	0	1	4	8	0	26	81	80	0	134	1	0	0	1	5	4	0	27	0	1	0	2	4	6	0	130
09:20:00	33600	107	106	0	322	0	0	0	1	9	5	0	30	82	86	0	130	0	1	0	0	7	5	0	29	1	0	0	3	8	9	0	129
09:25:00	33900	118	91	0	349	0	0	0	1	3	6	0	27	104	78	0	156	0	0	0	0	5	4	0	30	0	0	0	3	6	3	0	132
09:30:00	34200	121	130	0	340	0	0	0	1	6	5	0	28	103	110	0	149	1	0	0	1	5	10	0	25	1	1	0	3	5	4	0	133
09:35:00	34500	103	114	0	329	1	2	0	0	5	5	0	28	87	93	0	143	1	0	0	2	4	6	0	23	2	2	0	3	3	6	0	130
09:40:00	34800	92	111	0	310	1	1	0	0	4	7	0	25	81	87	0	137	0	1	0	1	1	5	0	19	1	1	0	3	4	9	0	125
09:45:00	35100	92	118	0	284	0	0	0	0	6	8	0	23	78	96	0	119	1	1	0	1	3	4	0	18	0	2	0	1	4	7	0	122
09:50:00	35400	117	79	0	322	1	0	0	1	7	2	0	28	101	70	0	150	0	1	0	0	1	3	0	16	0	0	0	1	7	3	0	126
09:55:00	35700	90	112	0	300	1	0	0	2	2	5	0	25	73	99	0	124	2	1	0	1	3	4	0	15	2	2	0	1	7	1	0	132
10:00:00	36000	135	82	0	353	1	1	0	2	4	5	0	24	114	68	0	170	0	1	0	0	9	4	0	20	2	0	0	3	5	3	0	134
10:05:00	36300	116	126	0	343	1	2	0	1	9	6	0	27	93	103	0	160	1	0	0	1	3	7	0	16	3	2	0	4	6	6	0	134
10:10:00	36600	111	126	0	328	0	1	0	0	5	5	0	27	96	110	0	146	1	0	0	2	4	4	0	16	1	2	0	3	4	4	0	134
10:15:00	36900	150	116	0	362	1	0	0	1	9	5	0	31	128	100	0	174	1	1	0	2	3	3	0	16	3	3	0	3	5	4	0	135
10:20:00	37200	122	128	0	356	2	2	0	1	3	6	0	28	95	104	0	165	2	1	0	3	5	4	0	17	3	3	0	3	12	8	0	139
10:25:00	37500	142	129	0	369	1	1	0	1	2	5	0	25	121	109	0	177	2	1	0	4	4	5	0	16	3	3	0	3	9	5	0	143
10:30:00	37800	117	132	0	354	1	1	0	1	7	5	0	27	91	106	0	162	2	4	0	2	8	4	0	20	2	3	0	2	6	9	0	140
10:35:00	38100	157	122	0	389	0	1	0	0	9	10	0	26	127	101	0	188	1	1	0	2	7	6	0	21	2	2	0	2	11	1	0	150
10:40:00	38400	124	116	0	397	0	0	0	0	5	5	0	26	102	100	0	190	0	2	0	0	7	4	0	24	2	0	0	4	8	5	0	153
10:45:00	38700	145	139	0	403	2	1	0	1	8	8	0	26	125	120	0	195	1	0	0	1	4	4	0	24	4	2	0	6	1	4	0	150
10:50:00	39000	150	150	0	403	0	1	0	0	8	3	0	31	120	121	0	194	4	1	0	4	12	8	0	28	2	6	0	2	4	10	0	144
10:55:00	39300	138	140	0	401	1	0	0	1	5	9	0	27	117	116	0	195	1	1	0	4	4	7	0	25	1	1	0	2	9	6	0	147
11:00:00	39600	116	136	0	381	1	1	0	1	1	9	0	19	97	109	0	183	1	2	0	3	9	8	0	26	2	1	0	3	5	6	0	146
11:05:00	39900	133	127	0	387	1	2	0	0	8	7	0	20	108	103	0	188	1	3	0	1	3	4	0	25	2	2	0	3	10	6	0	150
11:10:00	40200	122	127	0	382	1	0	0	1	4	2	0	22	109	109	0	188	1	1	0	1	5	7	0	23	0	3	0	0	2	5	0	147
11:15:00	40500	121	133	0	370	0	0	0	1	8	7	0	23	105	114	0	179	0	1	0	0	3	5	0	21	0	0	0	0	5	6	0	146
11:20:00	40800	121	130	0	361	0	1	0	0	3	5	0	21	102	106	0	175	0	0	0	0	5	10	0	16	2	1	0	1	9	7	0	148
11:25:00	41100	128	112	0	377	1	0	0	1	7	5	0	23	99	100	0	174	0	0	0	0	11	3	0	24	4	0	0	5	6	4	0	150
11:30:00	41400	132	122	0	387	2	0	0	3	11	5	0	29	104	106	0	172	1	0	0	1	3	5	0	22	0	1	0	4	11	5	0	156
11:35:00	41700	126	115	0	398	1	2	0	2	7	6	0	30	101	91	0	182	3	2	0	2	6	5	0	23	2	3	0	3	6	6	0	156
11:40:00	42000	163	125	0	436	2	2	0	2	7	9	0	28	142	103	0	221	0	1	0	1	4	5	0	22	4	2	0	5	4	3	0	157
11:45:00	42300	134	158	0	412	2	0	0	4	4	4	0	28	115	141	0	195	0	0	0	1	3	7	0	18	1	2	0	4	9	4	0	162
11:50:00	42600	166	149	0	429	2	4	0	2	7	10	0	25	134	117	0	212	3	2	0	2	7	3	0	22	6	3	0	7	7	10	0	159
11:55:00	42900	141	160	0	410	3	2	0	3	1	9	0	17	122	128	0	206	1	1	0	2	9	6	0	25	2	4	0	5	3	10	0	152
12:00:00	43200	159	153	0	416	1	2	0	2	2	7	0	12	141	123	0	224	1	3	0	0	5	7	0	23	3	2	0	6	6	9	0	149
12:05:00	43500	145	162	0	399	1	3	0	0	8	3	0	17	114	136	0	202	1	0	0	1	11	5	0	29	5	4	0	7	5	11	0	143
12:10:00	43800	146	159	0	386	2	0	0	2	5	5	0	17	127	134	0	195	3	2	0	2	3	9	0	23	2	5	0	4	4	4	0	143
12:15:00	44100	147	136	0	397	1	2	0	1	6	4	0	19	119	107	0	207	2	2	0	2	7	8	0	22	7	2	0	9	5	11	0	137
12:20:00	44400	145	147	0	395	1	1	0	1	12	7	0	24	118	122	0	203	3	2	0	3	3	5	0	20	2	6	0	5	6	4	0	139
12:25:00	44700	130	138	0	387	1	1	0	1	0	8	0	16	118	115	0	206	2	1	0	4	3	3	0	20	1	3	0	3	5	7	0	137
12:30:00	45000	147	144	0	390	3	1	0	3	5	5	0	16	125	125	0	206	0	1	0	3	5	3	0	22	3	2	0	4	6	7	0	136
12:35:00	45300	107	133	0	364	0	2	0	1	6	4	0	18	84	112	0	178	3	1	0	5	4	6	0	20	3	3	0	4	7	5	0	138
12:40:00	45600	119	122	0	361	2	0	0	3	3	5	0	16	104	94	0	188	0	5	0	0	5	7	0	18	1	1	0	4	4	10	0	132
12:45:00	45900	156	136	0	381	2	3	0	2	7	7	0	16	126	110	0	204	1	0	0	1	7	5	0	20	3	3	0	4	10	8	0	134
12:50:00	46200	115	135	0	361	1	1	0	2	5	7	0	14	96	109	0	191	2	0	0	3	2	8	0	14	5	3	0	6	4	7	0	131
12:55:00	46500	124	125	0	360	2	1	0	3	5	4	0	15	99	106	0	184	1	2	0	2	5	4	0	15	3	4	0	5	9	4	0	136
13:00:00	46800	144	122	0	382	0	2	0	1	6	6	0	15	125	100	0	209	0	2	0	0	7	4	0	18	2	0	0	7	4	8	0	132
13:05:00	47100	127	137	0	372	2	1	0	2	7	5	0	17	103	116	0	196	2	0	0	2	6	4	0	20	1	4	0	4	6	7	0	131
13:10:00	47400	120	138	0	354	4	2	0	4	4	7	0	14	98	114	0	180	1	0	0	3	2	8	0	14	4	1	0	7	7	6	0	132
13:15:00	47700	135	125	0	364	2	3	0	3	6	4	0	16	102	96	0	186	3	4	0	2	9	2	0	21	5	8	0	4	8	8	0	132
13:20:00	48000	134	134	0	364	2	3	0	2	8	6	0	18	110	111	0	185	0	2	0	0	5	5	0	21	3	2	0	5	6	5	0	133
13:25:00	48300	131	127	0	368	0	2	0	0	5	9	0	14	111	97	0	199	1	1	0	0	6	9	0	18	2	4	0	3	6	5	0	134
13:30:00	48600	141	131	0	378	3	2	0	1	5	4	0	15	119	114	0	204	1	0	0	1	4	6	0	16	4	2	0	5	5	3	0	136
13:35:00	48900	135	128	0	385	1	2	0	0	3	4	0	14	114	110	0	208	1	1	0	1	4	3	0	17	5	2	0	8	7	6	0	137
13:40:00	49200	145	128	0	402	3	1	0	2	5	1	0	18	120	110	0	218	2	2	0	1	8	4	0	21	2	5	0	5	5	5	0	137
13:45:00	49500	146	139	0	409	1	2	0	1	5	5	0	18	124	118	0	224	0	1	0	0	9	6	0	24	2	1	0	6	5	6	0	136
13:50:00	49800	131	132	0	408	3	1	0	3	2	4	0	16	112	107	0	229	0	0	0	0	4	8	0	20	1	2	0	5	9	10	0	135
13:55:00	50100	127	143	0	392	4	5	0	2	5	5	0	16	100	121	0	208	2	1	0	1	4	5	0	19	9	3	0	11	3	3	0	135
14:00:00	50400	138	123	0	407	1	1	0	2	4	7	0	13	116	103	0	221	2	1	0	2	5	2	0	22	2	5	0	8	8	4	0	139
14:05:00	50700	129	141	0	395	3	2	0	3	4	1	0	16	106	117	0	210	2	3	0	1	6	7	0	21	2	4	0	6	6	7	0	138
14:10:00	51000	137	133	0	399	4	3	0	4	4	3	0	17	111	105	0	216	2	1	0	2	5	9	0	17	5	4	0	7	6	8	0	136
14:15:00	51300	145	152	0	392	2	4	0	2	10	4	0	23	107	122	0	201	3	3	0	2	10	6	0	21	6	5	0	8	7	8	0	135
14:20:00	51600	122	136	0	378	1	1	0	2	2	4	0	21	96	112	0	185	2	2	0	2	6	4	0	23	5	6	0	7	10	7	0	138
14:25:00	51900	125	127	0	376	3	2	0	3	3	8	0	16	105	100	0	190	3	2	0	3	7	7	0	23	2	3	0	6	2	5	0	135
14:30:00	52200	141	133	0	384	1	2	0	2	6	7	0	15	117	104	0	203	1	2	0	2	6	7	0	22	3	2	0	7	7	9	0	133
14:35:00	52500	152	131	0	405	5	3	0	4	5	3	0	17	124	105	0	222	1	1	0	2	7	5	0	24	6	6	0	7	4	8	0	129
14:40:00	52800	137	138	0	404	4	4	0	4	3	4	0	16	113	105	0	230	4	6	0	0	3	7	0	20	6	4	0	9	4	8	0	125
14:45:00	53100	124	145	0	383	1	3	0	2	4	1	0	19	106	120	0	216	2	1	0	1	3	6	0	17	5	8	0	6	3	6	0	122
14:50:00	53400	149	152	0	380	3	3	0	2	6	9	0	16	121	124	0	213	2	0	0	3	5	7	0	15	6	5	0	7	6	4	0	124
14:55:00	53700	142	135	0	387	1	2	0	1	6	4	0	18	115	113	0	215	2	3	0	2	6	4	0	17	5	3	0	9	7	6	0	125
15:00:00	54000	144	151	0	380	2	0	0	3	4	5	0	17	115	127	0	203	5	3	0	4	8	4	0	21	5	7	0	7	5	5	0	125
15:05:00	54300	160	150	0	390	2	3	0	2	6	4	0	19	134	124	0	213	4	5	0	3	4	3	0	22	5	6	0	6	5	5	0	125
15:10:00	54600	140	142	0	388	2	1	0	3	4	3	0	20	119	125	0	207	1	3	0	1	3	1	0	24	4	4	0	6	7	5	0	127
15:15:00	54900	148	143	0	393	4	3	0	4	5	6	0	19	119	117	0	209	3	3	0	1	5	6	0	23	4	5	0	5	8	3	0	132
15:20:00	55200	167	147	0	413	3	3	0	4	5	5	0	19	136	122	0	223	2	0	0	3	7	6	0	24	5	5	0	5	9	6	0	135
15:25:00	55500	155	158	0	410	3	4	0	3	7	3	0	23	122	130	0	215	2	1	0	4	5	8	0	21	7	3	0	9	9	9	0	135
15:30:00	55800	145	136	0	419	2	3	0	2	6	3	0	26	125	110	0	230	1	5	0	0	2	1	0	22	5	7	0	7	4	7	0	132
15:35:00	56100	168	136	0	451	7	2	0	7	13	4	0	35	127	112	0	245	4	1	0	3	6	6	0	22	3	5	0	5	8	6	0	134
15:40:00	56400	175	165	0	461	5	8	0	4	12	10	0	37	134	123	0	256	2	2	0	3	5	5	0	22	10	5	0	10	7	12	0	129
15:45:00	56700	139	164	0	436	2	3	0	3	9	6	0	40	111	132	0	235	1	2	0	2	6	3	0	25	4	8	0	6	6	10	0	125
15:50:00	57000	152	147	0	441	2	3	0	2	4	8	0	36	121	118	0	238	2	2	0	2	12	4	0	33	6	7	0	5	5	5	0	125
15:55:00	57300	142	146	0	437	1	1	0	2	10	5	0	41	120	120	0	238	1	2	0	1	2	7	0	28	2	2	0	5	6	9	0	122
16:00:00	57600	141	131	0	447	3	2	0	3	5	7	0	39	111	114	0	235	1	1	0	1	11	2	0	37	6	1	0	10	4	4	0	122
16:05:00	57900	180	162	0	465	6	2	0	7	8	10	0	37	148	126	0	257	3	2	0	2	5	10	0	32	7	6	0	11	3	6	0	119
16:10:00	58200	162	162	0	465	0	4	0	3	8	9	0	36	127	130	0	254	4	2	0	4	8	9	0	31	6	8	0	9	9	0	0	128
16:15:00	58500	186	161	0	490	3	2	0	4	7	5	0	38	147	126	0	275	6	6	0	4	12	8	0	35	5	10	0	4	6	4	0	130
16:20:00	58800	180	178	0	492	2	2	0	4	11	9	0	40	146	151	0	270	2	3	0	3	8	7	0	36	4	3	0	5	7	3	0	134
16:25:00	59100	181	161	0	512	8	2	0	10	10	10	0	40	140	141	0	269	0	1	0	2	7	4	0	39	4	1	0	8	12	2	0	144
16:30:00	59400	176	179	0	509	3	6	0	7	2	6	0	36	145	139	0	275	3	3	0	2	11	10	0	40	6	7	0	7	6	8	0	142
16:35:00	59700	181	173	0	517	4	5	0	6	2	11	0	27	149	134	0	290	1	2	0	1	6	8	0	38	7	4	0	10	12	9	0	145
16:40:00	60000	184	193	0	508	3	3	0	6	9	8	0	28	140	154	0	276	4	2	0	3	9	11	0	36	8	9	0	9	11	6	0	150
16:45:00	60300	173	167	0	514	6	3	0	9	3	3	0	28	135	135	0	276	5	4	0	4	7	7	0	36	7	8	0	8	10	7	0	153
16:50:00	60600	181	178	0	517	1	6	0	4	3	4	0	27	154	145	0	285	3	2	0	5	3	10	0	29	7	6	0	9	10	5	0	158
16:55:00	60900	153	179	0	491	6	3	0	7	10	5	0	32	104	144	0	245	2	3	0	4	9	9	0	29	8	6	0	11	14	9	0	163
17:00:00	61200	158	147	0	502	4	3	0	8	8	6	0	34	120	118	0	247	2	2	0	4	11	4	0	36	6	8	0	9	7	6	0	164
17:05:00	61500	174	153	0	523	6	5	0	9	5	4	0	35	149	121	0	275	3	5	0	2	1	8	0	29	8	5	0	12	2	5	0	161
17:10:00	61800	194	176	0	541	4	6	0	7	9	0	0	44	146	144	0	277	3	2	0	3	11	7	0	33	10	9	0	13	11	8	0	164
17:15:00	62100	179	170	0	550	6	1	0	12	9	10	0	43	144	127	0	294	4	4	0	3	8	6	0	35	2	12	0	3	6	10	0	160
17:20:00	62400	169	179	0	540	4	8	0	8	3	5	0	41	138	141	0	291	4	6	0	1	5	6	0	34	11	5	0	9	4	8	0	156
17:25:00	62700	165	205	0	500	3	5	0	6	4	7	0	38	134	168	0	257	2	2	0	1	7	7	0	34	7	9	0	7	8	7	0	157
17:30:00	63000	159	164	0	495	2	3	0	5	2	6	0	34	135	132	0	260	3	1	0	3	7	5	0	36	7	8	0	6	3	9	0	151
17:35:00	63300	165	157	0	503	2	3	0	4	8	6	0	36	139	126	0	273	4	2	0	5	4	7	0	33	6	7	0	5	2	6	0	147
17:40:00	63600	183	181	0	505	6	5	0	5	6	7	0	35	144	146	0	271	5	6	0	4	5	6	0	32	11	6	0	10	6	5	0	148
17:45:00	63900	171	160	0	516	4	3	0	6	13	9	0	39	129	123	0	277	4	4	0	4	7	7	0	32	5	6	0	9	9	8	0	149
17:50:00	64200	159	199	0	476	4	2	0	8	5	6	0	38	130	168	0	239	5	3	0	6	4	5	0	31	6	10	0	5	5	5	0	149
17:55:00	64500	133	148	0	461	4	3	0	9	5	7	0	36	101	122	0	218	2	4	0	4	7	5	0	33	4	3	0	6	10	4	0	155
18:00:00	64800	159	143	0	477	5	5	0	9	6	5	0	37	123	117	0	224	5	1	0	8	4	4	0	33	14	8	0	12	2	3	0	154
18:05:00	65100	148	147	0	478	4	4	0	9	6	4	0	39	123	114	0	233	5	7	0	6	1	5	0	29	5	9	0	8	4	4	0	154
18:10:00	65400	159	183	0	454	5	6	0	8	6	10	0	35	125	138	0	220	2	6	0	2	8	7	0	30	8	7	0	9	5	9	0	150
18:15:00	65700	162	150	0	466	2	7	0	3	9	5	0	39	121	117	0	224	3	3	0	2	8	7	0	31	13	9	0	13	6	2	0	154
18:20:00	66000	141	148	0	459	2	3	0	2	5	3	0	41	114	113	0	225	7	2	0	7	3	7	0	27	5	14	0	4	5	6	0	153
18:25:00	66300	142	155	0	446	1	1	0	2	7	11	0	37	120	124	0	221	2	4	0	5	4	5	0	26	4	2	0	6	4	8	0	149
18:30:00	66600	128	142	0	432	3	2	0	3	11	3	0	45	95	122	0	194	3	3	0	5	4	2	0	28	3	5	0	4	9	5	0	153
18:35:00	66900	134	133	0	433	6	2	0	7	4	5	0	44	103	105	0	192	1	6	0	0	8	5	0	31	5	4	0	5	7	6	0	154
18:40:00	67200	142	145	0	430	4	6	0	5	2	9	0	37	110	110	0	192	2	0	0	2	8	5	0	34	11	4	0	12	5	11	0	148
18:45:00	67500	145	146	0	429	5	2	0	8	11	7	0	41	108	109	0	191	5	3	0	4	11	7	0	38	3	10	0	5	2	8	0	142
18:50:00	67800	135	143	0	421	5	5	0	8	6	5	0	42	107	111	0	187	2	2	0	4	3	7	0	34	6	7	0	4	6	6	0	142
18:55:00	68100	106	125	0	402	1	6	0	3	3	12	0	33	80	86	0	181	2	4	0	2	4	10	0	28	11	4	0	11	5	3	0	144
19:00:00	68400	114	134	0	382	1	1	0	3	2	8	0	27	99	105	0	175	4	3	0	3	4	6	0	26	2	9	0	4	2	2	0	144
19:05:00	68700	117	133	0	366	3	1	0	5	6	2	0	31	92	112	0	155	3	4	0	2	5	6	0	25	3	6	0	1	5	2	0	147
19:10:00	69000	123	119	0	370	1	3	0	3	8	3	0	36	96	102	0	149	1	2	0	1	5	2	0	28	3	1	0	3	9	6	0	150
19:15:00	69300	123	119	0	374	3	3	0	3	3	6	0	33	98	91	0	156	1	1	0	1	3	8	0	23	9	3	0	9	6	7	0	149
19:20:00	69600	128	128	0	374	6	2	0	7	1	4	0	30	93	99	0	150	8	2	0	7	1	4	0	20	9	10	0	8	10	7	0	152
19:25:00	69900	91	119	0	346	6	4	0	9	4	4	0	30	66	84	0	132	4	6	0	5	4	7	0	17	7	7	0	8	0	7	0	145
19:30:00	70200	128	103	0	371	2	4	0	7	5	4	0	31	95	74	0	153	6	5	0	6	3	2	0	18	12	10	0	10	5	4	0	146
19:35:00	70500	111	130	0	352	2	6	0	3	7	6	0	32	82	91	0	144	5	7	0	4	3	3	0	18	8	9	0	9	4	8	0	142
19:40:00	70800	97	121	0	328	3	3	0	3	1	5	0	28	71	92	0	123	7	4	0	7	3	1	0	20	8	10	0	7	4	6	0	140
19:45:00	71100	112	94	0	346	5	2	0	6	5	8	0	25	91	69	0	145	2	2	0	7	1	5	0	16	5	4	0	8	3	4	0	139
19:50:00	71400	86	111	0	321	4	4	0	6	5	1	0	29	64	88	0	121	2	5	0	4	4	3	0	17	5	7	0	6	2	3	0	138
19:55:00	71700	101	112	0	310	1	4	0	3	2	3	0	28	79	86	0	114	3	3	0	4	4	3	0	18	8	6	0	8	4	7	0	135
20:00:00	72000	95	103	0	302	6	4	0	5	3	6	0	25	69	71	0	112	4	4	0	4	4	3	0	19	5	7	0	6	4	8	0	131
20:05:00	72300	101	100	0	303	1	4	0	2	4	6	0	23	75	71	0	116	3	2	0	5	5	3	0	21	10	6	0	10	3	8	0	126
20:10:00	72600	62	100	0	265	4	0	0	6	0	1	0	22	49	77	0	88	5	4	0	6	2	6	0	17	0	8	0	2	2	4	0	124
20:15:00	72900	89	73	0	281	9	4	0	11	3	4	0	21	66	53	0	101	1	3	0	4	1	2	0	16	7	4	0	5	2	3	0	123
20:20:00	73200	88	85	0	284	5	8	0	8	4	3	0	22	61	51	0	111	4	5	0	3	2	6	0	12	9	8	0	6	3	4	0	122
20:25:00	73500	104	99	0	289	2	4	0	6	6	6	0	22	74	66	0	119	1	3	0	1	4	3	0	13	10	8	0	8	7	9	0	120
20:30:00	73800	94	79	0	304	1	1	0	6	1	1	0	22	75	65	0	129	6	1	0	6	4	1	0	16	4	7	0	5	3	3	0	120
20:35:00	74100	96	102	0	298	4	3	0	7	1	5	0	18	72	73	0	128	3	6	0	3	4	4	0	16	8	6	0	7	4	5	0	119
20:40:00	74400	74	88	0	284	0	3	0	4	0	2	0	16	59	70	0	117	4	3	0	4	1	0	0	17	6	7	0	6	4	3	0	120
20:45:00	74700	68	99	0	253	1	2	0	3	2	5	0	13	53	73	0	97	4	4	0	4	2	5	0	14	4	5	0	5	2	5	0	117
20:50:00	75000	79	88	0	244	3	3	0	3	2	1	0	14	62	64	0	95	4	4	0	4	1	4	0	11	7	4	0	8	0	8	0	109
20:55:00	75300	59	86	0	217	3	1	0	5	2	3	0	13	43	60	0	78	4	4	0	4	0	3	0	8	3	7	0	4	4	8	0	105
21:00:00	75600	75	61	0	231	1	4	0	2	2	1	0	14	60	47	0	91	1	2	0	3	3	1	0	10	6	4	0	6	2	2	0	105
21:05:00	75900	65	77	0	219	5	3	0	4	0	0	0	14	44	53	0	82	3	2	0	4	2	5	0	7	11	8	0	9	0	6	0	99
21:10:00	76200	78	79	0	218	4	5	0	3	1	3	0	12	50	48	0	84	7	5	0	6	2	3	0	6	8	7	0	10	6	8	0	97
21:15:00	76500	65	71	0	212	5	0	0	8	2	0	0	14	52	58	0	78	2	3	0	5	2	0	0	8	1	8	0	3	1	2	0	96
21:20:00	76800	66	57	0	221	4	5	0	7	2	4	0	12	49	38	0	89	2	4	0	3	0	0	0	8	8	4	0	7	1	2	0	95
21:25:00	77100	59	62	0	218	1	2	0	6	5	3	0	14	40	43	0	86	1	3	0	1	3	3	0	8	6	5	0	8	3	3	0	95
21:30:00	77400	56	80	0	194	2	6	0	2	1	3	0	12	35	54	0	67	5	3	0	3	3	1	0	10	8	7	0	9	2	6	0	91
21:35:00	77700	53	51	0	196	2	3	0	1	1	0	0	13	37	31	0	73	4	4	0	3	0	0	0	10	8	7	0	10	1	6	0	86
21:40:00	78000	54	63	0	187	1	1	0	1	0	1	0	12	36	41	0	68	7	6	0	4	3	3	0	10	4	8	0	6	3	3	0	86
21:45:00	78300	61	53	0	195	5	0	0	6	1	3	0	10	46	36	0	78	4	3	0	5	0	2	0	8	3	7	0	2	2	2	0	86
21:50:00	78600	78	48	0	225	3	5	0	4	2	2	0	10	59	34	0	103	1	3	0	3	2	0	0	10	7	1	0	8	4	3	0	87
21:55:00	78900	106	71	0	260	3	2	0	5	2	3	0	9	88	49	0	142	2	2	0	3	3	3	0	10	6	6	0	8	2	6	0	83
22:00:00	79200	120	71	0	309	2	3	0	4	2	3	0	8	107	58	0	191	3	1	0	5	2	0	0	12	3	4	0	7	1	2	0	82
22:05:00	79500	76	140	0	245	2	2	0	4	2	1	0	9	59	118	0	132	4	7	0	2	2	2	0	12	4	7	0	4	3	3	0	82
22:10:00	79800	39	111	0	173	2	2	0	4	1	2	0	8	29	99	0	62	1	2	0	1	2	2	0	12	3	2	0	5	1	2	0	81
22:15:00	80100	39	55	0	157	0	2	0	2	0	4	0	4	26	34	0	54	4	2	0	3	1	3	0	10	6	6	0	5	2	4	0	79
22:20:00	80400	36	38	0	155	2	0	0	4	1	2	0	3	24	25	0	53	2	2	0	3	4	2	0	12	3	2	0	6	0	5	0	74
22:25:00	80700	37	49	0	143	1	3	0	2	0	0	0	3	25	30	0	48	6	5	0	4	1	1	0	12	4	8	0	2	0	2	0	72
22:30:00	81000	33	29	0	147	1	1	0	2	1	0	0	4	22	20	0	50	0	4	0	0	1	2	0	11	6	0	0	8	2	2	0	72
22:35:00	81300	23	48	0	122	2	0	0	4	0	0	0	4	13	35	0	28	7	3	0	4	0	1	0	10	1	8	0	1	0	1	0	71
22:40:00	81600	25	25	0	122	1	1	0	4	1	1	0	4	17	16	0	29	0	3	0	1	0	2	0	8	3	0	0	4	3	2	0	72
22:45:00	81900	17	26	0	113	2	1	0	5	0	2	0	2	10	13	0	26	3	2	0	2	0	1	0	7	2	4	0	2	0	3	0	69
22:50:00	82200	21	24	0	110	2	1	0	6	1	0	0	3	12	16	0	22	2	1	0	3	0	1	0	6	3	3	0	2	1	2	0	68
22:55:00	82500	21	17	0	114	3	2	0	7	0	0	0	3	12	7	0	27	2	2	0	3	1	0	0	7	3	3	0	2	0	3	0	65
23:00:00	82800	22	24	0	112	1	2	0	6	1	1	0	3	13	18	0	22	1	1	0	3	2	0	0	9	4	2	0	4	0	0	0	65
23:05:00	83100	21	29	0	104	0	2	0	4	0	1	0	2	9	13	0	18	4	3	0	4	2	1	0	10	5	6	0	3	1	3	0	63
23:10:00	83400	13	17	0	100	1	0	0	5	0	1	0	1	7	8	0	17	2	1	0	5	1	1	0	10	0	3	0	0	2	3	0	62
23:15:00	83700	13	19	0	94	0	1	0	4	2	1	0	2	5	8	0	14	1	3	0	3	1	2	0	9	3	1	0	2	1	3	0	60
23:20:00	84000	17	13	0	98	0	0	0	4	0	1	0	1	13	5	0	22	0	1	0	2	0	2	0	7	3	0	0	5	1	4	0	57
23:25:00	84300	17	30	0	85	0	0	0	4	2	1	0	2	9	14	0	17	4	3	0	3	1	3	0	5	1	4	0	2	0	5	0	52
23:30:00	84600	18	17	0	86	0	1	0	3	2	1	0	3	12	8	0	21	2	4	0	1	0	0	0	5	1	2	0	1	1	1	0	52
23:35:00	84900	13	23	0	76	1	1	0	3	0	2	0	1	8	17	0	12	0	1	0	0	2	0	0	7	2	1	0	2	0	1	0	51
23:40:00	85200	16	15	0	77	1	0	0	4	1	0	0	2	8	9	0	11	2	0	0	2	1	3	0	5	2	2	0	2	1	1	0	51
23:45:00	85500	10	12	0	75	1	2	0	3	1	1	0	2	6	5	0	12	0	2	0	0	0	1	0	4	2	1	0	3	0	0	0	51
23:50:00	85800	14	11	0	78	3	1	0	5	0	0	0	2	7	6	0	13	2	0	0	2	0	0	0	4	2	3	0	2	0	1	0	50
23:55:00	86100	14	19	0	73	4	2	0	7	0	0	0	2	5	6	0	12	2	4	0	0	0	0	0	4	3	4	0	1	0	3	0	47
24:00:00	86400	11	11	0	73	2	1	0	8	1	1	0	2	6	6	0	12	1	1	0	0	0	0	0	4	1	1	0	1	0	1	0	46
24:05:00	86700	9	14	0	68	1	3	0	6	0	0	0	2	4	9	0	7	0	0	0	0	0	0	0	4	3	1	0	3	1	1	0	46
24:10:00	87000	10	11	0	67	2	2	0	6	0	0	0	2	5	2	0	10	1	1	0	0	0	1	0	3	2	3	0	2	0	2	0	44
24:15:00	87300	13	11	0	69	1	0	0	7	0	0	0	2	6	5	0	11	1	1	0	0	0	0	0	3	1	1	0	2	4	4	0	44
24:20:00	87600	14	12	0	71	0	2	0	5	1	1	0	2	7	4	0	14	2	1	0	1	1	0	0	4	3	2	0	3	0	2	0	42
24:25:00	87900	10	12	0	69	2	1	0	6	0	0	0	2	6	8	0	12	1	0	0	2	0	0	0	4	1	3	0	1	0	0	0	42
24:30:00	88200	15	14	0	70	1	2	0	5	2	0	0	4	6	8	0	10	2	1	0	3	1	0	0	5	3	2	0	2	0	1	0	41
24:35:00	88500	8	17	0	61	0	1	0	4	0	0	0	4	2	6	0	6	3	6	0	0	0	1	0	4	1	3	0	0	2	0	0	43
24:40:00	88800	8	8	0	61	1	3	0	2	0	0	0	4	2	2	0	6	0	0	0	0	1	0	0	5	3	1	0	2	1	2	0	42
24:45:00	89100	4	7	0	58	0	1	0	1	0	1	0	3	2	2	0	6	0	0	0	0	0	0	0	5	1	0	0	3	1	3	0	40
24:50:00	89400	9	12	0	55	0	0	0	1	0	0	0	3	2	2	0	6	4	3	0	1	2	1	0	6	1	4	0	0	0	2	0	38
24:55:00	89700	4	11	0	48	1	0	0	2	0	1	0	2	2	4	0	4	0	1	0	0	1	2	0	5	0	0	0	0	0	3	0	35
25:00:00	90000	4	5	0	47	0	0	0	2	0	0	0	2	3	2	0	5	0	0	0	0	0	1	0	4	0	0	0	0	1	2	0	34
25:05:00	90300	8	8	0	47	1	2	0	1	0	0	0	2	2	3	0	4	1	1	0	0	0	1	0	3	2	1	0	1	2	0	0	36
25:10:00	90600	5	3	0	49	1	0	0	2	0	0	0	2	3	2	0	5	0	0	0	0	0	0	0	3	0	1	0	0	1	0	0	37
25:15:00	90900	2	4	0	47	0	0	0	2	0	0	0	2	2	2	0	5	0	0	0	0	0	2	0	1	0	0	0	0	0	0	0	37
25:20:00	91200	1	2	0	46	0	0	0	2	0	0	0	2	1	2	0	4	0	0	0	0	0	0	0	1	0	0	0	0	0	0	0	37
25:25:00	91500	0	2	0	44	0	0	0	2	0	0	0	2	0	2	0	2	0	0	0	0	0	0	0	1	0	0	0	0	0	0	0	37
25:30:00	91800	1	1	0	44	0	0	0	2	0	0	0	2	0	1	0	1	0	0	0	0	0	0	0	1	0	0	0	0	1	0	0	38
25:35:00	92100	2	1	0	45	0	0	0	2	0	0	0	2	1	1	0	1	0	0	0	0	1	0	0	2	0	0	0	0	0	0	0	38
25:40:00	92400	1	1	0	45	0	0	0	2	0	0	0	2	1	1	0	1	0	0	0	0	0	0	0	2	0	0	0	0	0	0	0	38
25:45:00	92700	1	1	0	45	0	1	0	1	0	0	0	2	0	0	0	1	0	0	0	0	0	0	0	2	1	0	0	1	0	0	0	38
25:50:00	93000	1	3	0	43	1	0	0	2	0	0	0	2	0	1	0	0	0	0	0	0	0	0	0	2	0	1	0	0	0	1	0	37
25:55:00	93300	3	4	0	42	0	2	0	0	0	1	0	1	0	0	0	0	0	0	0	0	1	1	0	2	2	0	0	2	0	0	0	37
26:00:00	93600	2	4	0	40	0	0	0	0	0	0	0	1	0	0	0	0	2	2	0	0	0	0	0	2	0	2	0	0	0	0	0	37
26:05:00	93900	0	1	0	39	0	0	0	0	0	0	0	1	0	0	0	0	0	0	0	0	0	0	0	2	0	0	0	0	0	1	0	36
26:10:00	94200	0	0	0	39	0	0	0	0	0	0	0	1	0	0	0	0	0	0	0	0	0	0	0	2	0	0	0	0	0	0	0	36
26:15:00	94500	0	1	0	38	0	0	0	0	0	0	0	1	0	0	0	0	0	0	0	0	0	0	0	2	0	0	0	0	0	1	0	35
26:20:00	94800	0	1	0	37	0	0	0	0	0	0	0	1	0	0	0	0	0	0	0	0	0	1	0	1	0	0	0	0	0	0	0	35
26:25:00	95100	0	1	0	36	0	0	0	0	0	0	0	1	0	0	0	0	0	0	0	0	0	0	0	1	0	0	0	0	0	1	0	34
26:30:00	95400	1	0	0	37	0	0	0	0	0	0	0	1	1	0	0	1	0	0	0	0	0	0	0	1	0	0	0	0	0	0	0	34
26:35:00	95700	0	0	0	37	0	0	0	0	0	0	0	1	0	0	0	1	0	0	0	0	0	0	0	1	0	0	0	0	0	0	0	34
26:40:00	96000	0	1	0	36	0	0	0	0	0	0	0	1	0	1	0	0	0	0	0	0	0	0	0	1	0	0	0	0	0	0	0	34
26:45:00	96300	0	0	0	36	0	0	0	0	0	0	0	1	0	0	0	0	0	0	0	0	0	0	0	1	0	0	0	0	0	0	0	34
26:50:00	96600	0	0	0	36	0	0	0	0	0	0	0	1	0	0	0	0	0	0	0	0	0	0	0	1	0	0	0	0	0	0	0	34
26:55:00	96900	0	0	0	36	0	0	0	0	0	0	0	1	0	0	0	0	0	0	0	0	0	0	0	1	0	0	0	0	0	0	0	34
27:00:00	97200	0	1	0	35	0	0	0	0	0	0	0	1	0	0	0	0	0	0	0	0	0	0	0	1	0	0	0	0	0	1	0	33
27:05:00	97500	0	0	0	35	0	0	0	0	0	0	0	1	0	0	0	0	0	0	0	0	0	0	0	1	0	0	0	0	0	0	0	33
27:10:00	97800	0	1	0	34	0	0	0	0	0	0	0	1	0	0	0	0	0	0	0	0	0	0	0	1	0	0	0	0	0	1	0	32
27:15:00	98100	1	1	0	34	0	0	0	0	0	0	0	1	0	0	0	0	0	0	0	0	0	0	0	1	0	0	0	0	1	1	0	32
27:20:00	98400	0	1	0	33	0	0	0	0	0	0	0	1	0	0	0	0	0	0	0	0	0	0	0	1	0	0	0	0	0	1	0	31
27:25:00	98700	0	0	0	33	0	0	0	0	0	0	0	1	0	0	0	0	0	0	0	0	0	0	0	1	0	0	0	0	0	0	0	31
27:30:00	99000	1	0	0	34	0	0	0	0	0	0	0	1	1	0	0	1	0	0	0	0	0	0	0	1	0	0	0	0	0	0	0	31
27:35:00	99300	0	0	0	34	0	0	0	0	0	0	0	1	0	0	0	1	0	0	0	0	0	0	0	1	0	0	0	0	0	0	0	31
27:40:00	99600	0	1	0	33	0	0	0	0	0	0	0	1	0	1	0	0	0	0	0	0	0	0	0	1	0	0	0	0	0	0	0	31
27:45:00	99900	1	1	0	33	0	0	0	0	0	0	0	1	0	0	0	0	0	0	0	0	0	0	0	1	0	0	0	0	1	1	0	31
27:50:00	100200	0	0	0	33	0	0	0	0	0	0	0	1	0	0	0	0	0	0	0	0	0	0	0	1	0	0	0	0	0	0	0	31
27:55:00	100500	0	0	0	33	0	0	0	0	0	0	0	1	0	0	0	0	0	0	0	0	0	0	0	1	0	0	0	0	0	0	0	31
28:00:00	100800	0	0	0	33	0	0	0	0	0	0	0	1	0	0	0	0	0	0	0	0	0	0	0	1	0	0	0	0	0	0	0	31
28:05:00	101100	0	1	0	32	0	0	0	0	0	0	0	1	0	0	0	0	0	0	0	0	0	1	0	0	0	0	0	0	0	0	0	31
28:10:00	101400	0	0	0	32	0	0	0	0	0	0	0	1	0	0	0	0	0	0	0	0	0	0	0	0	0	0	0	0	0	0	0	31
28:15:00	101700	0	0	0	32	0	0	0	0	0	0	0	1	0	0	0	0	0	0	0	0	0	0	0	0	0	0	0	0	0	0	0	31
28:20:00	102000	0	0	0	32	0	0	0	0	0	0	0	1	0	0	0	0	0	0	0	0	0	0	0	0	0	0	0	0	0	0	0	31
28:25:00	102300	0	0	0	32	0	0	0	0	0	0	0	1	0	0	0	0	0	0	0	0	0	0	0	0	0	0	0	0	0	0	0	31
28:30:00	102600	0	0	0	32	0	0	0	0	0	0	0	1	0	0	0	0	0	0	0	0	0	0	0	0	0	0	0	0	0	0	0	31
28:35:00	102900	0	0	0	32	0	0	0	0	0	0	0	1	0	0	0	0	0	0	0	0	0	0	0	0	0	0	0	0	0	0	0	31
28:40:00	103200	0	0	0	32	0	0	0	0	0	0	0	1	0	0	0	0	0	0	0	0	0	0	0	0	0	0	0	0	0	0	0	31
28:45:00	103500	1	1	0	32	0	0	0	0	0	0	0	1	0	0	0	0	0	0	0	0	0	0	0	0	0	0	0	0	1	1	0	31
28:50:00	103800	0	1	0	31	0	0	0	0	0	0	0	1	0	0	0	0	0	0	0	0	0	0	0	0	0	0	0	0	0	1	0	30
28:55:00	104100	0	1	0	30	0	0	0	0	0	0	0	1	0	0	0	0	0	0	0	0	0	0	0	0	0	0	0	0	0	1	0	29
29:00:00	104400	0	0	0	30	0	0	0	0	0	0	0	1	0	0	0	0	0	0	0	0	0	0	0	0	0	0	0	0	0	0	0	29
29:05:00	104700	0	0	0	30	0	0	0	0	0	0	0	1	0	0	0	0	0	0	0	0	0	0	0	0	0	0	0	0	0	0	0	29
29:10:00	105000	0	0	0	30	0	0	0	0	0	0	0	1	0	0	0	0	0	0	0	0	0	0	0	0	0	0	0	0	0	0	0	29
29:15:00	105300	0	0	0	30	0	0	0	0	0	0	0	1	0	0	0	0	0	0	0	0	0	0	0	0	0	0	0	0	0	0	0	29
29:20:00	105600	0	0	0	30	0	0	0	0	0	0	0	1	0	0	0	0	0	0	0	0	0	0	0	0	0	0	0	0	0	0	0	29
29:25:00	105900	1	1	0	30	0	0	0	0	0	0	0	1	0	0	0	0	0	0	0	0	0	0	0	0	0	0	0	0	1	1	0	29
29:30:00	106200	0	0	0	30	0	0	0	0	0	0	0	1	0	0	0	0	0	0	0	0	0	0	0	0	0	0	0	0	0	0	0	29
29:35:00	106500	0	1	0	29	0	0	0	0	0	0	0	1	0	0	0	0	0	0	0	0	0	0	0	0	0	0	0	0	0	1	0	28
29:40:00	106800	0	0	0	29	0	0	0	0	0	0	0	1	0	0	0	0	0	0	0	0	0	0	0	0	0	0	0	0	0	0	0	28
29:45:00	107100	0	0	0	29	0	0	0	0	0	0	0	1	0	0	0	0	0	0	0	0	0	0	0	0	0	0	0	0	0	0	0	28
29:50:00	107400	0	0	0	29	0	0	0	0	0	0	0	1	0	0	0	0	0	0	0	0	0	0	0	0	0	0	0	0	0	0	0	28
29:55:00	107700	0	1	0	28	0	0	0	0	0	1	0	0	0	0	0	0	0	0	0	0	0	0	0	0	0	0	0	0	0	0	0	28
30:00:00	108000	0	0	28	0	0	0	0	0	0	0	0	0	0	0	0	0	0	0	0	0	0	0	0	0	0	0	0	0	0	0	28	0
30:05:00	108300	0	0	0	0	0	0	0	0	0	0	0	0	0	0	0	0	0	0	0	0	0	0	0	0	0	0	0	0	0	0	0	0
