personID,carsharingType,startTime,endTIme,startLink,pickupLink,dropoffLink,endLink,distance,inVehicleTime,accessTime,egressTime,vehicleID,cost,bookingTime,companyID,vehicleType
29192138,twoway,68068.0,74250.0,486026,486024,null,486024,10526.311407963225,902.0,356.0,0.0,12132662,8.677246677,6182.0,Oply,car
28634356,twoway,58749.0,74445.0,79807,79825,null,79825,13675.996776070995,1129.0,349.0,0.0,12120661,21.633722460999998,15696.0,Oply,car
27277649,twoway,51228.0,58687.0,187450,346913,null,346913,23944.130387469526,1717.0,193.0,0.0,12133731,9.135002290000001,7459.0,Oply,car
27518969,twoway,67248.0,70998.0,87197,87195,null,87195,16888.3340517456,1318.0,171.0,0.0,12133621,4.573649028,3750.0,Oply,car
27703922,twoway,67755.0,74002.0,421149,454386,null,454386,10654.049408212919,872.0,596.0,0.0,12122613,8.6819042475,6247.0,Oply,car
28704787,twoway,16662.0,45418.0,280055,320455,null,320455,7318.102341265547,605.0,234.0,0.0,12103611,34.895466353,28756.0,Oply,car
29466384,twoway,82565.0,87754.0,425134,412100,null,414280,9644.433057005535,767.0,4422.0,0.0,12121651,8.60650847875,5189.0,Oply,car
27564862,twoway,12252.0,43227.0,125457,244185,null,244185,21643.403980315346,1701.0,238.0,0.0,12096531,39.281453393,30975.0,Oply,car
29183787,twoway,79268.0,87895.0,172611,42301,null,42301,8551.774317602474,707.0,718.0,0.0,12104663,12.913947978333333,8627.0,Oply,car
27139995,twoway,64837.0,70687.0,8869,8897,null,8897,2669.5944218821783,279.0,181.0,0.0,12133632,8.6978525765,5850.0,Oply,car
27741199,twoway,35675.0,46449.0,421149,454386,null,454386,4957.556429872544,384.0,596.0,0.0,12122613,13.250522041666667,10774.0,Oply,car
27840954,twoway,55290.0,63850.0,501129,501127,null,501127,9284.068998980973,792.0,297.0,0.0,12133673,13.086707075,8560.0,Oply,car
29056301,twoway,59189.0,62133.0,275609,485280,null,485280,4251.49868656954,423.0,334.0,0.0,12131621,4.4678828421666665,2944.0,Oply,car
33681735,twoway,43197.0,53955.0,406139,474619,null,474619,14206.197827767406,1449.0,485.0,0.0,12105614,13.1987244265,10758.0,Oply,car
33681734,twoway,37860.0,46181.0,406139,474619,null,474619,9707.667563231938,881.0,485.0,0.0,12105612,13.239332769999999,8321.0,Oply,car
27884882,twoway,55013.0,62697.0,257108,131665,null,131665,3586.148565676877,333.0,98.0,0.0,12131611,13.093682071083332,7684.0,Oply,car
28168860,twoway,75615.0,82000.0,255623,254295,null,254295,7145.586870435415,609.0,233.0,0.0,12102661,8.64414648375,6385.0,Oply,car
27071639,twoway,69995.0,78999.0,21199,485280,null,485280,5846.862499046987,553.0,126.0,0.0,12131621,12.957903458333332,9004.0,Oply,car
27180197,twoway,65569.0,71038.0,187458,301163,null,301163,8543.234418161761,693.0,688.0,0.0,12133642,8.696084219333333,5469.0,Oply,car
26867543,twoway,18363.0,31480.0,373411,487115,null,487115,10007.543461882895,831.0,344.0,0.0,12132691,17.714138686000002,13117.0,Oply,car
28096589,twoway,38833.0,44086.0,143737,241480,null,241480,3907.363120003943,302.0,259.0,0.0,12132631,8.944478173583333,5253.0,Oply,car
27760840,twoway,61068.0,64448.0,37224,79825,null,79825,18074.770738271454,1302.0,305.0,0.0,12120662,4.443383149,3380.0,Oply,car
28008802,twoway,59714.0,66027.0,354404,474619,null,474619,14753.697669463872,1210.0,146.0,0.0,12105612,8.744441355833333,6313.0,Oply,car
29312809,twoway,59331.0,78576.0,342369,13762,null,13762,100886.08602529355,4931.0,364.0,0.0,12133681,25.9111527755,19245.0,Oply,car
32107184,twoway,72786.0,78143.0,175197,1384,null,1384,2808.312650382582,281.0,121.0,0.0,12102642,8.658784218,5357.0,Oply,car
29192140,twoway,49941.0,56375.0,486026,486024,null,486024,14081.713182854583,1189.0,356.0,0.0,12132663,8.845688886,6434.0,Oply,car
29312807,twoway,19802.0,46257.0,342369,13762,null,13762,100886.08602529355,4931.0,364.0,0.0,12133681,34.851712882166666,26455.0,Oply,car
26857866,twoway,64418.0,71985.0,210921,105073,null,105073,26249.090067139015,1662.0,653.0,0.0,12096521,12.992498358666666,7567.0,Oply,car
27445140,twoway,28423.0,37959.0,421149,454386,null,454386,9522.940040631876,749.0,596.0,0.0,12122612,13.295604325583332,9536.0,Oply,car
28581959,twoway,51616.0,52937.0,175098,316629,null,7101,10090.114967278341,751.0,570.0,0.0,12122632,4.532299546666667,1321.0,Oply,car
32870411,twoway,36046.0,42714.0,60517,289762,null,289762,15881.022470232954,1293.0,318.0,0.0,12131642,8.957738923333334,6668.0,Oply,car
27098904,twoway,46261.0,57078.0,186265,126200,null,126200,4559.055024668418,402.0,266.0,0.0,12104711,13.199712524,10817.0,Oply,car
33262080,twoway,46780.0,54115.0,257108,131665,null,131665,9021.933194604602,747.0,98.0,0.0,12131611,9.04570792,7335.0,Oply,car
26760170,twoway,85859.0,89612.0,267939,350145,null,195830,6685.8286012544495,538.0,3215.0,0.0,12106612,4.4740584016666665,3753.0,Oply,car
27937051,twoway,59049.0,70590.0,125455,244185,null,244185,8994.51279692021,754.0,136.0,0.0,12096534,17.341729161,11541.0,Oply,car
30437737,twoway,56169.0,66608.0,342369,13762,null,13762,4441.265414162635,466.0,364.0,0.0,12133682,13.075724474249999,10439.0,Oply,car
34617832,twoway,11491.0,17080.0,169381,172623,null,172623,2206.2496159615503,220.0,690.0,0.0,12104671,9.262358565833333,5589.0,Oply,car
27812228,twoway,63591.0,73284.0,21203,485280,null,485280,7173.367310230484,627.0,300.0,0.0,12131622,12.99832913625,9693.0,Oply,car
29414923,twoway,68046.0,68946.0,137540,109148,null,229018,2588.0781820515963,209.0,691.0,0.0,12121623,4.3883468500000005,900.0,Oply,car
28254074,twoway,68149.0,78207.0,65774,281994,null,281994,7506.857994206399,676.0,161.0,0.0,12095582,12.964861093416665,10058.0,Oply,car
29067223,twoway,71431.0,72755.0,364245,172623,null,390166,6676.629026997779,543.0,781.0,0.0,12104673,4.375823514083334,1324.0,Oply,car
27219414,twoway,68862.0,74095.0,11624,42301,null,42301,8635.209462989593,736.0,163.0,0.0,12104661,8.6749141945,5233.0,Oply,car
28154665,twoway,44029.0,49307.0,139507,139511,null,139511,3278.724189322044,261.0,299.0,0.0,12104691,8.904664256583333,5278.0,Oply,car
27239397,twoway,46199.0,54413.0,257108,131665,null,131665,7742.905819368356,638.0,98.0,0.0,12131613,13.180190915999999,8214.0,Oply,car
29776267,twoway,22710.0,33554.0,60517,289762,null,289762,19564.78167831663,1647.0,318.0,0.0,12131641,13.408019317499999,10844.0,Oply,car
32952841,twoway,52199.0,57609.0,441743,255488,null,255488,3753.7138337326724,327.0,360.0,0.0,12103682,8.821903673,5410.0,Oply,car
27619637,twoway,72399.0,78123.0,281928,274193,null,274193,4787.813571900478,460.0,89.0,0.0,12133611,8.6595233465,5724.0,Oply,car
27619638,twoway,40010.0,45587.0,281928,274193,null,274193,5287.045710709776,495.0,89.0,0.0,12133612,8.9454024325,5577.0,Oply,car
32674453,twoway,76000.0,81543.0,500682,423936,null,423936,6296.465541124361,512.0,288.0,0.0,12102632,8.6418566,5543.0,Oply,car
34063378,twoway,48910.0,54368.0,456159,456157,null,456157,4759.803996459041,387.0,145.0,0.0,12103624,8.857219805,5458.0,Oply,car
28154652,twoway,63083.0,74198.0,257108,131665,null,131665,2472.169724756712,270.0,98.0,0.0,12131611,17.286189660916666,11115.0,Oply,car
28151382,twoway,79684.0,80322.0,126200,126200,null,380434,7790.433726285311,637.0,1.0,0.0,12104712,4.332104283,638.0,Oply,car
28235682,twoway,3025.0,39294.0,405193,301163,null,301163,34568.91872952351,2452.0,455.0,0.0,12133641,44.04202191666666,36269.0,Oply,car
30437736,twoway,45165.0,55480.0,342369,13762,null,13762,11740.94860929822,902.0,364.0,0.0,12133683,13.19037876875,10315.0,Oply,car
27295278,twoway,52702.0,58816.0,109036,346913,null,346913,6490.561055518971,559.0,342.0,0.0,12133733,8.8129290005,6114.0,Oply,car
28339980,twoway,8302.0,44247.0,60303,486024,null,486024,7531.938263151588,704.0,1098.0,0.0,12132661,43.657439961166666,35945.0,Oply,car
29339050,twoway,76474.0,80609.0,490737,373984,null,373984,7082.394069834655,594.0,548.0,0.0,12104681,8.640101102833333,4135.0,Oply,car
27467290,twoway,58676.0,65125.0,363105,255316,null,255316,5307.254947174475,503.0,278.0,0.0,12132611,8.762721953,6449.0,Oply,car
27148279,twoway,21975.0,38134.0,110566,286148,null,286148,6288.110678291279,557.0,150.0,0.0,12131682,21.95055540625,16159.0,Oply,car
27929850,twoway,11123.0,17009.0,403421,153662,null,153662,1908.5467184449458,208.0,619.0,0.0,12103661,9.269744331750001,5886.0,Oply,car
28623142,twoway,66112.0,72225.0,105177,7103,null,7103,11620.690208121401,941.0,344.0,0.0,12120632,8.691971162666666,6113.0,Oply,car
28076797,twoway,28711.0,39249.0,481187,322830,null,322830,4019.5167198306262,378.0,692.0,0.0,12132651,13.293490141583332,10538.0,Oply,car
29466066,twoway,31933.0,37538.0,241416,346913,null,346913,5314.733747102742,489.0,1001.0,0.0,12133732,8.9827562315,5605.0,Oply,car
27072893,twoway,67707.0,89663.0,403976,222465,null,222465,3941.3641557811734,317.0,240.0,0.0,12102692,30.13116495825,21956.0,Oply,car
27415808,twoway,18303.0,28672.0,419028,8897,null,8897,9279.474384673465,823.0,557.0,0.0,12133632,13.428276230249999,10369.0,Oply,car
26923421,twoway,61643.0,68510.0,112451,241480,null,241480,3081.9526592589614,281.0,406.0,0.0,12132632,8.721942196416666,6867.0,Oply,car
26785687,twoway,33420.0,44571.0,484179,36249,null,36249,5394.059741190314,412.0,1188.0,0.0,12111613,17.554599455,11151.0,Oply,car
32285566,twoway,54877.0,60139.0,382149,274193,null,274193,1586.126992691306,146.0,91.0,0.0,12133611,8.804651286416666,5262.0,Oply,car
27540731,twoway,51910.0,56617.0,450264,409369,null,409369,4715.551968969291,380.0,439.0,0.0,12121642,8.822099680833334,4707.0,Oply,car
27527512,twoway,52424.0,70055.0,398537,254295,null,254295,10475.984052374035,886.0,573.0,0.0,12102662,21.690312247999998,17631.0,Oply,car
28810916,twoway,66951.0,76662.0,187458,346913,null,346913,6804.0711887200205,544.0,378.0,0.0,12133734,12.981509220749999,9711.0,Oply,car
31386721,twoway,68871.0,69476.0,316274,126200,null,148466,3312.0000652349418,294.0,311.0,0.0,12104712,4.383926225,605.0,Oply,car
26808788,twoway,82257.0,85969.0,81621,254295,null,254295,1002.8267765786858,127.0,147.0,0.0,12102662,4.44863745175,3712.0,Oply,car
29183476,twoway,89073.0,89638.0,270934,271647,null,118082,3192.7107265930163,257.0,308.0,0.0,12104641,4.2702345015,565.0,Oply,car
29317060,twoway,49295.0,58994.0,186275,378375,null,378375,2020.6612257383329,162.0,587.0,0.0,12106612,13.144372922499999,9699.0,Oply,car
26695510,twoway,56227.0,62004.0,442585,20711,null,20711,7764.518381659546,683.0,248.0,0.0,12132622,8.7837130095,5777.0,Oply,car
26696720,twoway,64607.0,71879.0,87970,36249,null,36249,16017.17674148115,1063.0,254.0,0.0,12111613,8.791445124666666,7272.0,Oply,car
28763578,twoway,66870.0,72808.0,189969,286148,null,286148,8015.67772349023,689.0,314.0,0.0,12131681,8.69302011,5938.0,Oply,car
27941963,twoway,61645.0,69849.0,257116,255488,null,255488,8573.086989800599,736.0,1052.0,0.0,12103681,13.010604274166665,8204.0,Oply,car
26693570,twoway,78822.0,84681.0,286148,286148,null,286148,24277.186175477855,1488.0,1.0,0.0,12131682,8.627102322,5859.0,Oply,car
26880577,twoway,76527.0,83301.0,189969,243383,null,243383,16467.043298384167,1372.0,1093.0,0.0,12104632,8.639251164000001,6774.0,Oply,car
28923301,twoway,65659.0,70486.0,271533,272361,null,272361,1429.0129628461652,178.0,164.0,0.0,12102622,8.6933599355,4827.0,Oply,car
28031638,twoway,18452.0,28825.0,220151,255488,null,255488,7545.607683336214,649.0,431.0,0.0,12103681,13.419772930333332,10373.0,Oply,car
28057804,twoway,62392.0,66633.0,36144,280126,null,280126,3691.5495879585715,323.0,301.0,0.0,12103642,8.712502152666667,4241.0,Oply,car
28479717,twoway,52841.0,53529.0,501129,501127,null,501127,2388.70678813989,216.0,297.0,0.0,12133671,4.518371791583333,688.0,Oply,car
26695508,twoway,42588.0,50668.0,442585,20711,null,20711,7594.09983122146,674.0,248.0,0.0,12132621,13.205705798999999,8080.0,Oply,car
28677063,twoway,65347.0,70274.0,187450,346913,null,346913,3874.990244795422,331.0,193.0,0.0,12133733,8.697321351333333,4927.0,Oply,car
33025684,twoway,27974.0,37212.0,157720,36249,null,36249,3528.0443487892267,356.0,835.0,0.0,12111611,13.305161716833332,9238.0,Oply,car
29690807,twoway,69802.0,75510.0,127887,369565,null,369565,6098.7705712328825,535.0,269.0,0.0,12096542,8.668937616666668,5708.0,Oply,car
27903046,twoway,16089.0,51196.0,186275,378375,null,378375,229683.4314656403,9552.0,587.0,0.0,12106611,43.487729649,35107.0,Oply,car
26970500,twoway,53615.0,58633.0,19652,36125,null,36125,12667.40506270944,1140.0,373.0,0.0,12133721,8.804861386666667,5018.0,Oply,car
28920154,twoway,43426.0,48441.0,7101,7103,null,7103,11271.600986285412,856.0,122.0,0.0,12120632,8.906982003666666,5015.0,Oply,car
28031309,twoway,79553.0,80291.0,142046,244185,null,125531,478.5012568474093,69.0,669.0,0.0,12096531,4.332558669666667,738.0,Oply,car
28751477,twoway,71275.0,78051.0,65774,172623,null,172623,6562.2957190883635,561.0,739.0,0.0,12104672,8.667528375,6776.0,Oply,car
28416528,twoway,8875.0,40380.0,295993,110,null,110,53933.85448095357,2755.0,351.0,0.0,12103632,39.349420529166665,31505.0,Oply,car
28415797,twoway,67115.0,75232.0,136309,42301,null,42301,6723.424671711274,525.0,326.0,0.0,12104663,12.97850223125,8117.0,Oply,car
29550622,twoway,13243.0,23810.0,37224,79825,null,79825,4064.3962754534605,333.0,305.0,0.0,12120661,13.524639318083333,10567.0,Oply,car
26696719,twoway,58036.0,63469.0,87970,36249,null,36249,4278.954334728431,312.0,254.0,0.0,12111611,8.759340844666667,5433.0,Oply,car
34889448,twoway,73326.0,76309.0,267465,254295,null,254295,3118.931980501803,290.0,929.0,0.0,12102662,4.3593543015,2983.0,Oply,car
27092681,twoway,77578.0,83516.0,456888,60605,null,60605,7480.036258932351,614.0,266.0,0.0,12107633,8.631052914,5938.0,Oply,car
27548451,twoway,79843.0,85465.0,231205,272361,null,272361,1549.5385501408634,170.0,247.0,0.0,12102622,8.62110747225,5622.0,Oply,car
33015509,twoway,3475.0,9696.0,117775,110,null,110,9791.321946140897,830.0,464.0,0.0,12103631,9.39314181875,6221.0,Oply,car
27164892,twoway,72137.0,79490.0,186265,148466,null,126200,20932.000061960294,1610.0,2856.0,0.0,12104712,8.838718685583332,7353.0,Oply,car
27704722,twoway,59338.0,64169.0,98440,60605,null,60605,9012.018378537625,743.0,957.0,0.0,12107632,8.7496584435,4831.0,Oply,car
26996423,twoway,75276.0,80889.0,136309,42301,null,42301,7362.957163083228,622.0,326.0,0.0,12104662,8.64556671,5613.0,Oply,car
26933106,twoway,10361.0,14038.0,186265,126200,null,126200,1242.0828296979575,128.0,266.0,0.0,12104712,5.093024039583334,3677.0,Oply,car
26933107,twoway,58025.0,68184.0,186265,126200,null,126200,5426.332240872702,444.0,266.0,0.0,12104711,13.050930822916666,10159.0,Oply,car
27121291,twoway,52905.0,60545.0,206044,66928,null,66928,6153.9663697853275,543.0,369.0,0.0,12108611,13.097936266249999,7640.0,Oply,car
27003666,twoway,25661.0,31034.0,180209,423936,null,423936,4268.565564502193,331.0,275.0,0.0,12102631,9.042152927833333,5373.0,Oply,car
27468661,twoway,67553.0,73084.0,37224,79825,null,79825,18473.155827609426,1240.0,305.0,0.0,12120662,8.681998393416666,5531.0,Oply,car
29059307,twoway,56643.0,62455.0,11624,42301,null,42301,9488.903920605904,813.0,163.0,0.0,12104663,8.77612094775,5812.0,Oply,car
28439751,twoway,15077.0,41614.0,257108,131665,null,131665,4715.566719724511,428.0,98.0,0.0,12131611,34.92765412925,26537.0,Oply,car
26793155,twoway,69787.0,75432.0,333278,316629,null,316629,6638.462490822154,533.0,368.0,0.0,12122631,8.669017991666667,5645.0,Oply,car
26769049,twoway,16168.0,52186.0,445439,445439,null,445439,11031.78123907953,979.0,1.0,0.0,12133692,43.50330602333334,36018.0,Oply,car
27875548,twoway,59503.0,65296.0,291599,281413,null,281413,8994.408370037123,752.0,338.0,0.0,12102682,8.747182786333333,5793.0,Oply,car
26889733,twoway,64741.0,71035.0,157720,36249,null,36249,3602.116370135447,371.0,835.0,0.0,12111611,8.699537825916666,6294.0,Oply,car
26905506,twoway,30099.0,31157.0,352574,145569,null,36249,4209.843147049056,357.0,701.0,0.0,12102611,4.700284154,1058.0,Oply,car
26736116,twoway,63800.0,69835.0,61447,131675,null,257127,10997.787380089301,862.0,1813.0,0.0,12095571,8.705942266666666,6035.0,Oply,car
27308508,twoway,59249.0,65331.0,108588,152242,null,152242,8112.269745025825,656.0,259.0,0.0,12133652,8.753126088916666,6082.0,Oply,car
28053912,twoway,56125.0,60522.0,289774,289762,null,289762,12188.903652895013,840.0,290.0,0.0,12131642,8.787646133333334,4397.0,Oply,car
27050544,twoway,87150.0,87401.0,131665,131665,null,419114,3110.4759644366577,250.0,1.0,0.0,12131613,0.29457468750000004,251.0,Oply,car
27601859,twoway,48691.0,58630.0,421149,410043,null,410043,4968.130810244757,387.0,127.0,0.0,12096511,13.152880348333333,9939.0,Oply,car
29083410,twoway,10556.0,35106.0,134304,337736,null,337736,111612.91000955008,4291.0,436.0,0.0,12102701,30.737131534,24550.0,Oply,car
26960595,twoway,42501.0,44829.0,110827,254295,null,254295,6867.990719202592,573.0,927.0,0.0,12102662,4.628724684,2328.0,Oply,car
27305231,twoway,56915.0,61630.0,8200,378375,null,378375,9098.769171139807,697.0,141.0,0.0,12106611,8.772748359166666,4715.0,Oply,car
27258177,twoway,66559.0,77534.0,460492,13928,null,13928,8893.431379135081,701.0,165.0,0.0,12121611,13.194819867,10975.0,Oply,car
26800101,twoway,69764.0,74466.0,21203,456157,null,456157,5596.276766855875,477.0,778.0,0.0,12103621,8.670032645666666,4702.0,Oply,car
27145930,twoway,22123.0,37670.0,389093,87195,null,87195,15199.844095727949,1205.0,149.0,0.0,12133621,21.945961332,15547.0,Oply,car
28068296,twoway,37271.0,47832.0,229018,414631,null,414631,6767.3343022891895,500.0,91.0,0.0,12120622,13.24118187725,10561.0,Oply,car
26951895,twoway,56156.0,64176.0,148466,316629,null,316629,3563.407534075101,321.0,426.0,0.0,12122631,13.075812940333332,8020.0,Oply,car
27248587,twoway,60533.0,70507.0,289774,289762,null,289762,15654.38428487259,1279.0,290.0,0.0,12131642,13.025236489333333,9974.0,Oply,car
28046488,twoway,51036.0,56254.0,75117,487115,null,487115,4476.058294296189,378.0,352.0,0.0,12132691,8.828234651,5218.0,Oply,car
28176764,twoway,77516.0,81363.0,98440,316629,null,316629,6362.403554388707,535.0,158.0,0.0,12122631,4.6309356736666665,3847.0,Oply,car
26725247,twoway,93123.0,93610.0,180209,423936,null,256822,2535.4579881974755,212.0,275.0,0.0,12102632,4.2399265357500004,487.0,Oply,car
26795596,twoway,55518.0,61414.0,224879,414631,null,414631,6684.6001771335905,499.0,232.0,0.0,12120622,8.795118865,5896.0,Oply,car
29612713,twoway,64299.0,65705.0,225710,380534,null,132980,2561.0879216391477,187.0,1219.0,0.0,12120652,4.41197726075,1406.0,Oply,car
27714563,twoway,76272.0,81924.0,125553,105073,null,105073,4066.4518398930973,316.0,142.0,0.0,12096522,8.640238812,5652.0,Oply,car
26716528,twoway,65089.0,70455.0,280055,320455,null,320455,5019.819781810533,454.0,234.0,0.0,12103612,8.697617184916666,5366.0,Oply,car
27564566,twoway,13882.0,37850.0,137569,257127,null,257127,6588.703659003318,559.0,113.0,0.0,12095571,30.663378255166666,23968.0,Oply,car
27418930,twoway,53246.0,58527.0,50756,484179,null,484179,2891.9832258399056,255.0,259.0,0.0,12121631,8.805615732833333,5281.0,Oply,car
26760447,twoway,64086.0,69743.0,75101,346913,null,346913,5184.2409624557295,461.0,366.0,0.0,12133731,8.704348484,5657.0,Oply,car
26917884,twoway,74386.0,74843.0,22286,153662,null,296747,2175.3780551107075,188.0,269.0,0.0,12103661,4.356306267166667,457.0,Oply,car
31224598,twoway,54552.0,60414.0,36249,36249,null,36249,7238.2449931525325,533.0,1.0,0.0,12111613,8.808673948,5862.0,Oply,car
33490036,twoway,45957.0,50594.0,456159,456157,null,456157,5596.276766855875,477.0,145.0,0.0,12103622,8.892058188,4637.0,Oply,car
28121110,twoway,60245.0,65578.0,43312,380534,null,380534,13986.478584813081,1043.0,205.0,0.0,12120653,8.7397678175,5333.0,Oply,car
28121111,twoway,64025.0,67898.0,43312,380534,null,380534,15750.184193732899,1247.0,205.0,0.0,12120651,4.7446884166666665,3873.0,Oply,car
27452087,twoway,79934.0,85828.0,21203,485280,null,485280,12145.183892731236,1011.0,300.0,0.0,12131622,8.620190500666666,5894.0,Oply,car
33141345,twoway,69452.0,75069.0,255099,255488,null,255488,4651.935718221273,447.0,271.0,0.0,12103682,8.670813033333333,5617.0,Oply,car
29286821,twoway,61446.0,74707.0,267467,66928,null,66928,5194.037348883757,451.0,171.0,0.0,12108611,17.3057459165,13261.0,Oply,car
32321432,twoway,50106.0,54662.0,189968,286148,null,286148,14707.520186987605,1246.0,254.0,0.0,12131681,8.8386522155,4556.0,Oply,car
29017550,twoway,22865.0,28780.0,487247,469756,null,469756,7943.7092527336845,759.0,234.0,0.0,12132671,9.063427225833333,5915.0,Oply,car
26880919,twoway,53549.0,59452.0,389093,87195,null,87195,12208.789937420013,878.0,149.0,0.0,12133622,8.805314058666667,5903.0,Oply,car
27634505,twoway,62787.0,63774.0,488628,469756,null,333278,3809.5765759521014,356.0,631.0,0.0,12132671,4.42032211475,987.0,Oply,car
29101995,twoway,52168.0,58092.0,43312,380534,null,380534,6230.68682492455,506.0,205.0,0.0,12120652,8.822122936,5924.0,Oply,car
26772894,twoway,57002.0,61993.0,108943,152242,null,152242,13991.687093466098,1168.0,295.0,0.0,12133651,8.770604382833334,4991.0,Oply,car
27236459,twoway,49512.0,58107.0,87197,87195,null,87195,9770.159781693983,696.0,171.0,0.0,12133621,13.140791733999999,8595.0,Oply,car
29530837,twoway,54307.0,62745.0,472270,1825,null,1825,8875.560375206422,770.0,245.0,0.0,12107641,13.095274139083333,8438.0,Oply,car
27445225,twoway,15781.0,39579.0,498129,454386,null,454386,48591.7932631478,2290.0,382.0,0.0,12122611,30.627872223833336,23798.0,Oply,car
27340041,twoway,81343.0,89668.0,316616,380434,null,275609,10162.762777835955,829.0,7496.0,0.0,12104712,12.903600393666666,8325.0,Oply,car
27515378,twoway,47284.0,52059.0,255474,255488,null,255488,4508.379395706804,432.0,393.0,0.0,12103681,8.879723090333334,4775.0,Oply,car
26843420,twoway,47676.0,54097.0,195752,255316,null,255316,10879.651432275547,937.0,389.0,0.0,12132613,8.874644462000001,6421.0,Oply,car
29916963,twoway,45087.0,50855.0,187458,346913,null,346913,5223.9421950901215,406.0,378.0,0.0,12133734,8.9031984845,5768.0,Oply,car
28517648,twoway,72279.0,79243.0,96210,16208,null,16208,23500.689012248233,1527.0,275.0,0.0,12107622,8.65944827625,6964.0,Oply,car
28563787,twoway,41642.0,47960.0,350145,275690,null,275690,6500.455837934332,536.0,223.0,0.0,12131651,8.927751010833333,6318.0,Oply,car
29866529,twoway,78358.0,84628.0,456014,456157,null,456157,12197.381282528491,997.0,383.0,0.0,12103624,8.631279142833334,6270.0,Oply,car
28563789,twoway,60450.0,71367.0,350145,275690,null,275690,7225.861237005175,640.0,223.0,0.0,12131652,13.168515574999999,10917.0,Oply,car
27258130,twoway,69987.0,76368.0,320524,280126,null,280126,4338.256622922324,371.0,284.0,0.0,12103643,8.66882578825,6381.0,Oply,car
27416730,twoway,55213.0,60882.0,36154,280126,null,280126,8030.943921701178,656.0,201.0,0.0,12103642,8.798914547583333,5669.0,Oply,car
27178888,twoway,36958.0,43612.0,501129,501127,null,501127,5697.652154797022,493.0,297.0,0.0,12133673,8.9535466705,6654.0,Oply,car
32950700,twoway,45834.0,52356.0,60517,289762,null,289762,15881.022470232954,1293.0,318.0,0.0,12131641,8.8951809175,6522.0,Oply,car
28403639,twoway,75597.0,77991.0,419130,272361,null,272361,9902.549504797335,908.0,150.0,0.0,12102622,4.354832404,2394.0,Oply,car
27694923,twoway,76102.0,82357.0,275609,456157,null,456157,6111.18100064807,520.0,1034.0,0.0,12103622,8.639594526,6255.0,Oply,car
27694922,twoway,60714.0,63276.0,275609,456157,null,456157,4087.039122288357,393.0,1034.0,0.0,12103622,4.4455265895,2562.0,Oply,car
31502089,twoway,12969.0,51751.0,257254,445439,null,445439,104839.83329106227,5745.0,1123.0,0.0,12133691,47.851025862,38782.0,Oply,car
27961511,twoway,59682.0,65427.0,363105,255316,null,255316,10775.655957948104,955.0,278.0,0.0,12132613,8.746070182,5745.0,Oply,car
28769279,twoway,71720.0,72279.0,127362,16208,null,117806,2157.5375768847543,214.0,345.0,0.0,12107621,4.37259335,559.0,Oply,car
28631277,twoway,74367.0,80685.0,492426,42301,null,42301,6587.370969499648,607.0,227.0,0.0,12104661,8.647055898,6318.0,Oply,car
26886278,twoway,55365.0,62327.0,373950,280126,null,280126,26738.680853239264,1856.0,318.0,0.0,12103643,8.79452167875,6962.0,Oply,car
32796888,twoway,60021.0,65950.0,255282,454386,null,454386,2457.643194220575,218.0,369.0,0.0,12122612,8.738309172,5929.0,Oply,car
31179974,twoway,73029.0,76220.0,447997,501127,null,501127,4028.160784076337,432.0,330.0,0.0,12133671,4.364512126,3191.0,Oply,car
32796891,twoway,69420.0,76134.0,255282,255316,null,255316,5604.855424930561,558.0,165.0,0.0,12132612,8.671894345,6714.0,Oply,car
29013173,twoway,70091.0,75846.0,442311,172623,null,172623,8495.772052346074,705.0,583.0,0.0,12104671,8.668262948916666,5755.0,Oply,car
26986814,twoway,42279.0,54307.0,138264,445439,null,445439,7110.52304279226,587.0,479.0,0.0,12133693,17.50280178625,12028.0,Oply,car
28912024,twoway,30353.0,39270.0,188979,301163,null,301163,8786.793050736616,596.0,370.0,0.0,12133642,13.272426801166667,8917.0,Oply,car
27131387,twoway,57416.0,63444.0,272402,153662,null,153662,11740.35837197743,999.0,344.0,0.0,12103661,8.767920179333334,6028.0,Oply,car
32899898,twoway,67815.0,72741.0,406139,474619,null,474619,3700.9292855580443,332.0,485.0,0.0,12105613,8.679584625,4926.0,Oply,car
27880711,twoway,85181.0,86382.0,342717,337736,null,460492,7251.455819685315,609.0,592.0,0.0,12102702,4.299144531666666,1201.0,Oply,car
26809327,twoway,65317.0,72795.0,370300,487115,null,487115,9095.472499291698,705.0,917.0,0.0,12132691,9.027488531333333,7478.0,Oply,car
29201599,twoway,70802.0,75929.0,440255,126200,null,126200,1493.2078795547,148.0,127.0,0.0,12104711,8.668594040333334,5127.0,Oply,car
27102936,twoway,66098.0,66398.0,363103,105073,null,363105,1655.5370809386868,151.0,149.0,0.0,12096523,0.47313627866666663,300.0,Oply,car
28600680,twoway,41808.0,49169.0,125457,244185,null,244185,6700.040725669687,567.0,238.0,0.0,12096533,9.118850648,7361.0,Oply,car
28014482,twoway,52576.0,58427.0,151009,320455,null,320455,10291.361663906457,929.0,143.0,0.0,12103612,8.815612346666667,5851.0,Oply,car
26841256,twoway,1411.0,7376.0,333278,316629,null,316629,6073.385521151941,503.0,368.0,0.0,12122631,9.422488874583333,5965.0,Oply,car
27329469,twoway,50539.0,57540.0,419130,272361,null,272361,8853.374392783237,727.0,150.0,0.0,12102621,8.831723301083333,7001.0,Oply,car
28176452,twoway,69661.0,73563.0,500682,423936,null,423936,5742.04068853514,454.0,288.0,0.0,12102632,8.669693141666666,3902.0,Oply,car
26818285,twoway,47779.0,53579.0,174249,1384,null,1384,4308.601643500059,365.0,296.0,0.0,12102641,8.867652426416667,5800.0,Oply,car
26845977,twoway,27842.0,31395.0,60517,289762,null,289762,4836.449070759084,497.0,318.0,0.0,12131642,4.729282596666667,3553.0,Oply,car
26738200,twoway,59898.0,70454.0,79496,445439,null,445439,12208.938587062257,1002.0,201.0,0.0,12133691,13.0304674015,10556.0,Oply,car
33670722,twoway,75187.0,80801.0,375437,337736,null,337736,10567.204426998996,931.0,359.0,0.0,12102702,8.646091290833333,5614.0,Oply,car
27641061,twoway,14886.0,47539.0,209248,346913,null,346913,35456.54004388109,2529.0,259.0,0.0,12133731,39.523113359999996,32653.0,Oply,car
27493889,twoway,40461.0,47921.0,187458,346913,null,346913,2113.199210733306,183.0,378.0,0.0,12133733,9.25185001825,7460.0,Oply,car
27937406,twoway,65145.0,70661.0,344210,172623,null,172623,6358.826166153303,558.0,825.0,0.0,12104674,8.69844703,5516.0,Oply,car
28176454,twoway,72947.0,78646.0,500682,257127,null,257127,2621.7658879350165,257.0,1293.0,0.0,12095571,8.65568994125,5699.0,Oply,car
28934487,twoway,75448.0,81539.0,37829,172623,null,172623,10019.145711542295,803.0,392.0,0.0,12104674,8.645139758000001,6091.0,Oply,car
28600676,twoway,60598.0,64082.0,125457,244185,null,244185,9153.810742658152,720.0,238.0,0.0,12096532,4.446228959833333,3484.0,Oply,car
28588940,twoway,61123.0,66179.0,370300,370301,null,370301,2801.9293534489802,265.0,90.0,0.0,12132681,8.731695702666666,5056.0,Oply,car
28932186,twoway,77283.0,77865.0,299824,280126,null,7101,2912.497890505319,263.0,319.0,0.0,12103642,4.342760079,582.0,Oply,car
27916969,twoway,45295.0,50365.0,267467,413333,null,66928,7299.706777484239,605.0,2480.0,0.0,12108612,8.89716618,5070.0,Oply,car
27753936,twoway,48253.0,52012.0,289774,289762,null,289762,7462.988839058257,645.0,290.0,0.0,12131642,4.766166078333334,3759.0,Oply,car
29388617,twoway,39415.0,44418.0,342369,13762,null,13762,6781.03195705944,542.0,364.0,0.0,12133682,8.947571485833333,5003.0,Oply,car
26531740,twoway,60502.0,64339.0,243379,243383,null,243383,12368.985857607553,1056.0,168.0,0.0,12104631,4.725422530666667,3837.0,Oply,car
29784866,twoway,70137.0,71094.0,61743,427832,null,412100,5397.473735447607,425.0,532.0,0.0,12121651,4.377142575,957.0,Oply,car
28763835,twoway,79292.0,85355.0,195834,281413,null,281413,5975.01026801745,494.0,429.0,0.0,12102681,8.623419218,6063.0,Oply,car
28869916,twoway,10838.0,41702.0,356662,274193,null,274193,17466.045101270647,1068.0,178.0,0.0,12133611,39.30640457933333,30864.0,Oply,car
26905504,twoway,43532.0,55962.0,36249,36249,null,36249,8254.956213344594,717.0,1.0,0.0,12111611,17.483878457,12430.0,Oply,car
27889513,twoway,55885.0,60154.0,241416,301163,null,301163,1559.7930667562878,154.0,196.0,0.0,12133642,8.79092730875,4269.0,Oply,car
27738678,twoway,8671.0,44764.0,254436,423936,null,423936,13357.342112114813,1059.0,477.0,0.0,12102632,43.755531226083335,36093.0,Oply,car
26820227,twoway,56408.0,68535.0,378949,370301,null,370301,6372.493710438314,487.0,94.0,0.0,12132682,17.360883916666666,12127.0,Oply,car
27315081,twoway,65287.0,72262.0,11902,1384,null,1384,12912.279367738829,1048.0,395.0,0.0,12102641,8.697655711333333,6975.0,Oply,car
28625941,twoway,62831.0,68510.0,391664,172623,null,172623,7066.047804704714,582.0,191.0,0.0,12104673,8.708816369500001,5679.0,Oply,car
29426711,twoway,78239.0,84308.0,394654,320455,null,320455,10228.244836793117,905.0,486.0,0.0,12103611,8.632037936416667,6069.0,Oply,car
28626918,twoway,70640.0,76174.0,362771,222465,null,222465,5398.006432911234,460.0,698.0,0.0,12102691,8.669514173333333,5534.0,Oply,car
29107016,twoway,59209.0,65084.0,129047,281413,null,281413,5730.951328133166,480.0,608.0,0.0,12102681,8.756295114416666,5875.0,Oply,car
32414409,twoway,36438.0,43990.0,501129,501127,null,501127,4047.1222220073273,380.0,297.0,0.0,12133672,13.2421211395,7552.0,Oply,car
28685029,twoway,57064.0,63179.0,174249,1384,null,1384,13536.041551462644,1117.0,296.0,0.0,12102642,8.76863048,6115.0,Oply,car
27999083,twoway,64933.0,68820.0,361058,369565,null,369565,8451.076665956874,719.0,467.0,0.0,12096542,4.748478161916666,3887.0,Oply,car
29028763,twoway,67199.0,71086.0,342369,13762,null,13762,1707.8046360814653,131.0,364.0,0.0,12133683,4.735971919083333,3887.0,Oply,car
27714140,twoway,76406.0,82721.0,245103,152242,null,152242,6182.298885516944,530.0,491.0,0.0,12133651,8.640512837166666,6315.0,Oply,car
33624130,twoway,82052.0,82641.0,436770,42301,null,11624,526.2058393622426,61.0,528.0,0.0,12104662,4.320287443333333,589.0,Oply,car
32286062,twoway,44708.0,51175.0,449763,409369,null,409369,4145.885599178483,327.0,371.0,0.0,12121641,8.903929468333333,6467.0,Oply,car
27397893,twoway,28806.0,36526.0,50756,7103,null,7103,11086.0715665648,779.0,1018.0,0.0,12120633,13.292792754499999,7720.0,Oply,car
32394521,twoway,62430.0,67425.0,501129,501127,null,501127,5435.664399766873,461.0,297.0,0.0,12133671,8.711008035,4995.0,Oply,car
26758312,twoway,64287.0,70046.0,356979,42301,null,42301,8872.196807180935,730.0,327.0,0.0,12104662,8.703228378,5759.0,Oply,car
31574958,twoway,78650.0,83978.0,61449,257127,null,257127,3035.3976888033276,306.0,156.0,0.0,12095571,8.629001958333333,5328.0,Oply,car
29366096,twoway,56473.0,62482.0,21199,485280,null,485280,12586.395622754319,1052.0,126.0,0.0,12131622,8.77724137525,6009.0,Oply,car
27544572,twoway,20481.0,31079.0,500295,16208,null,16208,10306.719766539567,835.0,823.0,0.0,12107621,13.38922748325,10598.0,Oply,car
27819321,twoway,62465.0,69633.0,187458,346913,null,346913,7005.006777431011,537.0,378.0,0.0,12133732,8.7108167425,7168.0,Oply,car
27820663,twoway,0.0,25414.0,500682,423936,null,423936,15609.856292930961,1261.0,288.0,0.0,12102631,31.151105599999998,25414.0,Oply,car
27397896,twoway,44180.0,51469.0,50756,484179,null,484179,7380.303996667659,647.0,259.0,0.0,12121632,9.011244943333333,7289.0,Oply,car
31420147,twoway,67350.0,72631.0,153656,153662,null,153662,2027.321724334366,222.0,340.0,0.0,12103661,8.68207625,5281.0,Oply,car
26992920,twoway,56308.0,61876.0,294765,403375,null,403375,4397.22357513627,442.0,141.0,0.0,12132642,8.783166138,5568.0,Oply,car
28546282,twoway,46661.0,57197.0,498129,454386,null,454386,3240.992254747105,269.0,382.0,0.0,12122612,13.178755472083333,10536.0,Oply,car
27467747,twoway,27775.0,36617.0,497471,245646,null,245646,6334.196469484111,523.0,514.0,0.0,12131661,13.31292653125,8842.0,Oply,car
28665783,twoway,78374.0,79784.0,444375,484179,null,255282,5613.966714976251,490.0,920.0,0.0,12121632,4.340747060333333,1410.0,Oply,car
28161672,twoway,61881.0,63504.0,391664,172623,null,172623,4807.358742870739,416.0,191.0,0.0,12104672,4.42795002375,1623.0,Oply,car
27120453,twoway,77866.0,83271.0,362878,282876,null,282876,7376.649669844385,628.0,242.0,0.0,12102671,8.6307580985,5405.0,Oply,car
29134707,twoway,15961.0,22725.0,1484,105073,null,105073,5991.406885729086,495.0,479.0,0.0,12096521,9.172573957416667,6764.0,Oply,car
26905247,twoway,72023.0,80824.0,364077,373984,null,373984,6977.841018873244,609.0,117.0,0.0,12104682,12.952429331416665,8801.0,Oply,car
28203261,twoway,51337.0,54163.0,375437,337736,null,337736,989.0438587462588,154.0,359.0,0.0,12102701,4.53236422175,2826.0,Oply,car
26992808,twoway,77085.0,80721.0,131675,131665,null,131665,9345.770523585397,758.0,316.0,0.0,12131613,4.383905905,3636.0,Oply,car
33675945,twoway,50887.0,56534.0,290432,243383,null,243383,4255.234211191315,398.0,405.0,0.0,12104632,8.831183449000001,5647.0,Oply,car
27723099,twoway,63156.0,69951.0,129560,410043,null,410043,4037.2507505274525,357.0,253.0,0.0,12096511,8.7045491,6795.0,Oply,car
26992807,twoway,52721.0,60706.0,131675,423936,null,423936,10051.040329815294,794.0,886.0,0.0,12102632,13.100993034666665,7985.0,Oply,car
27260533,twoway,63497.0,69862.0,275609,485280,null,485280,7523.89375802941,740.0,334.0,0.0,12131621,8.707630784666666,6365.0,Oply,car
27723097,twoway,57608.0,63715.0,129560,454386,null,454386,6764.50463278784,538.0,391.0,0.0,12122613,8.766675331333333,6107.0,Oply,car
27495069,twoway,41321.0,47116.0,356662,373984,null,373984,10204.223630728942,818.0,779.0,0.0,12104681,8.932660530166666,5795.0,Oply,car
33008747,twoway,64912.0,70458.0,105073,105073,null,105073,6364.361378310297,528.0,1.0,0.0,12096522,8.699745461333332,5546.0,Oply,car
27382061,twoway,47243.0,55388.0,434340,79825,null,79825,13487.51599985993,1087.0,127.0,0.0,12120661,13.172135412,8145.0,Oply,car
26815767,twoway,50298.0,51420.0,46022,337736,null,389729,6856.545524480351,570.0,552.0,0.0,12102702,4.5434149805,1122.0,Oply,car
27317964,twoway,59172.0,65126.0,257303,131665,null,131665,5761.44772138532,479.0,234.0,0.0,12131613,8.759452941,5954.0,Oply,car
28663373,twoway,50051.0,55686.0,125457,244185,null,244185,6523.459900385116,545.0,238.0,0.0,12096531,8.84293957875,5635.0,Oply,car
29838166,twoway,76735.0,82988.0,440255,337736,null,337736,1563.903409212628,173.0,783.0,0.0,12102701,8.63748500375,6253.0,Oply,car
28663372,twoway,62152.0,67660.0,125457,369565,null,369565,8343.133696852186,736.0,554.0,0.0,12096541,8.717724598666667,5508.0,Oply,car
29040308,twoway,87985.0,88688.0,255299,105073,null,151019,2360.4894482545997,188.0,515.0,0.0,12096521,4.278619435833334,703.0,Oply,car
28301823,twoway,72679.0,80363.0,36144,280126,null,280126,7428.96080309951,610.0,301.0,0.0,12103644,12.948668210083332,7684.0,Oply,car
26710150,twoway,31751.0,42762.0,484469,486024,null,486024,15172.196829251909,1285.0,692.0,0.0,12132663,13.527030306083333,11011.0,Oply,car
31091680,twoway,72630.0,78439.0,242977,454386,null,454386,3211.752326268238,261.0,834.0,0.0,12122611,8.6589491475,5809.0,Oply,car
32289422,twoway,42961.0,50825.0,354404,474619,null,474619,11982.533238676278,1073.0,146.0,0.0,12105613,13.202847717583333,7864.0,Oply,car
28629898,twoway,64211.0,71091.0,66325,244185,null,244185,25912.78204265254,1760.0,398.0,0.0,12096532,8.703651900666667,6880.0,Oply,car
33937858,twoway,72079.0,77790.0,320425,320455,null,320455,10007.258794073852,893.0,283.0,0.0,12103613,8.659806159333334,5711.0,Oply,car
26814681,twoway,74951.0,80809.0,165624,1384,null,1384,5765.498849645986,507.0,157.0,0.0,12102641,8.647482314166666,5858.0,Oply,car
27117040,twoway,56567.0,60204.0,449534,42301,null,42301,5023.775249488234,440.0,387.0,0.0,12104662,4.52662184475,3637.0,Oply,car
27609177,twoway,65795.0,71368.0,294765,403375,null,403375,7689.135746067523,676.0,141.0,0.0,12132642,8.690408458333334,5573.0,Oply,car
27611478,twoway,58619.0,63718.0,65774,281994,null,281994,6575.747156460995,577.0,161.0,0.0,12095581,8.760120428583333,5099.0,Oply,car
29838398,twoway,62173.0,66202.0,228879,378375,null,378375,8118.130899016925,709.0,901.0,0.0,12106613,8.71630715875,4029.0,Oply,car
26973124,twoway,19805.0,26495.0,288069,109148,null,109148,6599.287372225392,578.0,310.0,0.0,12121621,9.108120548333334,6690.0,Oply,car
26884554,twoway,20600.0,32677.0,445439,445439,null,445439,8330.34044360642,710.0,1.0,0.0,12133693,17.67476436666667,12077.0,Oply,car
28581141,twoway,59216.0,70805.0,60517,289762,null,289762,15246.689719905517,1290.0,318.0,0.0,12131641,17.33479312,11589.0,Oply,car
27376986,twoway,60179.0,66078.0,256018,109148,null,109148,11528.485340335721,1039.0,345.0,0.0,12121622,8.7401709785,5899.0,Oply,car
28981081,twoway,68826.0,74040.0,375437,337736,null,337736,8994.143212135508,817.0,359.0,0.0,12102701,8.676050697,5214.0,Oply,car
26804999,twoway,43114.0,48826.0,268657,254295,null,254295,3776.9925547759426,326.0,293.0,0.0,12102661,8.911675367833334,5712.0,Oply,car
29436393,twoway,68604.0,69831.0,373249,369565,null,370300,3662.9926440676286,298.0,929.0,0.0,12096541,4.386310469,1227.0,Oply,car
34731144,twoway,29770.0,36944.0,501129,501127,null,501127,27889.952003584585,1916.0,297.0,0.0,12133671,8.998750535,7174.0,Oply,car
34668948,twoway,70899.0,76453.0,157720,484179,null,484179,3877.938641047261,335.0,365.0,0.0,12121631,8.6680430965,5554.0,Oply,car
27581445,twoway,22835.0,29080.0,97168,484179,null,484179,14222.774906589064,983.0,118.0,0.0,12121631,9.067061515416666,6245.0,Oply,car
27581444,twoway,25753.0,34443.0,97168,7103,null,7103,14277.861780990483,1066.0,914.0,0.0,12120632,13.328203246749998,8690.0,Oply,car
29241158,twoway,59825.0,65012.0,210921,244185,null,244185,1965.630766446665,166.0,370.0,0.0,12096531,8.7423333875,5187.0,Oply,car
34898747,twoway,73703.0,80217.0,172611,1825,null,1825,10649.81913548396,929.0,351.0,0.0,12107641,8.64735441075,6514.0,Oply,car
27946745,twoway,13586.0,38794.0,331193,254295,null,254295,7574.228557701047,732.0,567.0,0.0,12102661,30.6837667775,25208.0,Oply,car
29150139,twoway,45637.0,51637.0,255099,255488,null,255488,4593.894714997217,405.0,271.0,0.0,12103682,8.898895742833334,6000.0,Oply,car
33038387,twoway,37780.0,45413.0,125496,244185,null,244185,6154.202439497117,502.0,201.0,0.0,12096532,13.239941476666665,7633.0,Oply,car
28111597,twoway,50238.0,58686.0,993,30901,null,30901,2384.0342281207663,253.0,786.0,0.0,12133711,13.125773826,8448.0,Oply,car
27056720,twoway,30194.0,39060.0,97168,484179,null,484179,7303.243818139073,602.0,118.0,0.0,12121631,13.2765801525,8866.0,Oply,car
27179698,twoway,61278.0,66971.0,359305,244185,null,244185,6675.626486642124,564.0,227.0,0.0,12096533,8.7267271345,5693.0,Oply,car
29015405,twoway,14788.0,51375.0,440255,126200,null,126200,231632.88914166074,9705.0,127.0,0.0,12104712,47.80779075633333,36587.0,Oply,car
31882953,twoway,44072.0,52913.0,422625,30901,null,30901,7243.061041346581,630.0,123.0,0.0,12133712,13.192066697333333,8841.0,Oply,car
34688641,twoway,66668.0,69793.0,129560,454386,null,454386,3211.752326268238,261.0,391.0,0.0,12122611,4.404189084,3125.0,Oply,car
31136697,twoway,37440.0,43100.0,415458,153654,null,153654,6718.561345235284,644.0,198.0,0.0,12103671,8.94990504,5660.0,Oply,car
28338904,twoway,74336.0,78344.0,21199,485280,null,485280,4557.204400395528,476.0,126.0,0.0,12131622,8.64787508,4008.0,Oply,car
29612570,twoway,73149.0,73385.0,342364,13762,null,488928,2290.6063895723346,185.0,51.0,0.0,12133682,0.3524233405,236.0,Oply,car
29150141,twoway,86355.0,88622.0,94475,65774,null,255099,1991.018488566307,210.0,2057.0,0.0,12108611,4.29032793,2267.0,Oply,car
28342043,twoway,61535.0,68956.0,280055,320455,null,320455,1882.601894133071,193.0,234.0,0.0,12103611,8.982561405416666,7421.0,Oply,car
27317443,twoway,73101.0,80059.0,117757,280126,null,280126,11345.968811817305,1015.0,647.0,0.0,12103641,8.654110894,6958.0,Oply,car
27359048,twoway,10758.0,41814.0,367895,8897,null,8897,12585.160316063071,1031.0,311.0,0.0,12133631,39.3111950365,31056.0,Oply,car
27014091,twoway,79195.0,80873.0,168485,296747,null,296749,74.78114687322051,25.0,1653.0,0.0,12103661,4.334397810416667,1678.0,Oply,car
29107755,twoway,72941.0,78490.0,127887,370300,null,369565,11175.348157765118,978.0,3547.0,0.0,12096541,8.656444876833334,5549.0,Oply,car
27936841,twoway,56831.0,64391.0,476663,66928,null,66928,1676.6913470522288,198.0,177.0,0.0,12108612,13.06488188675,7560.0,Oply,car
27796219,twoway,76274.0,86537.0,7101,7103,null,7103,7276.453440823823,634.0,122.0,0.0,12120632,12.929684331666666,10263.0,Oply,car
27582675,twoway,54204.0,64664.0,335223,389729,null,337736,7745.4138820864655,703.0,6922.0,0.0,12102702,13.099447477,10460.0,Oply,car
28661153,twoway,87916.0,88508.0,402902,60605,null,106927,3433.064159631069,267.0,325.0,0.0,12107632,4.279033635,592.0,Oply,car
27413174,twoway,54741.0,63276.0,280460,474619,null,474619,7260.143717524724,593.0,290.0,0.0,12105611,13.097316896499999,8535.0,Oply,car
26918640,twoway,71252.0,74296.0,373443,251159,null,251159,3725.4266056399133,336.0,232.0,0.0,12104701,4.3784731563333334,3044.0,Oply,car
28150949,twoway,86237.0,87055.0,415935,243383,null,243379,137.6708309113431,27.0,791.0,0.0,12104632,4.291196569416667,818.0,Oply,car
29152779,twoway,62340.0,64203.0,66928,222465,null,222465,3497.5297545381522,318.0,1006.0,0.0,12102692,4.42407836,1863.0,Oply,car
27159863,twoway,71365.0,75183.0,363141,244185,null,244185,4132.052016764531,375.0,368.0,0.0,12096534,4.635396294166666,3818.0,Oply,car
26675332,twoway,9284.0,35969.0,243379,243383,null,243383,3194.020370445553,310.0,168.0,0.0,12104631,35.051387423,26685.0,Oply,car
32153781,twoway,64139.0,70283.0,267414,211949,null,211949,12264.590054273664,919.0,405.0,0.0,12122641,8.702860314083333,6144.0,Oply,car
27104043,twoway,67223.0,73437.0,442585,20711,null,20711,11885.496176380939,1042.0,248.0,0.0,12132622,8.685839461083333,6214.0,Oply,car
26918639,twoway,77005.0,78013.0,316616,378375,null,373443,1948.5335821033254,177.0,831.0,0.0,12106611,4.344368865,1008.0,Oply,car
30406769,twoway,64715.0,71524.0,120291,456157,null,456157,10669.45753480047,862.0,522.0,0.0,12103624,8.700843276666667,6809.0,Oply,car
29923502,twoway,52821.0,58347.0,189968,286148,null,286148,6728.090145896268,570.0,254.0,0.0,12131682,8.810307168,5526.0,Oply,car
28716384,twoway,69814.0,74636.0,343630,281994,null,281994,7856.7789701678585,695.0,439.0,0.0,12095583,8.667984583500001,4822.0,Oply,car
27915918,twoway,52518.0,58628.0,7101,7103,null,7103,16324.181665692278,1309.0,122.0,0.0,12120631,8.819647386,6110.0,Oply,car
27056719,twoway,25136.0,34715.0,97168,484179,null,484179,9862.438702765363,826.0,118.0,0.0,12121632,13.336147565333333,9579.0,Oply,car
29700592,twoway,73199.0,77639.0,379132,370301,null,370301,8874.202496887854,719.0,115.0,0.0,12132682,8.651442711916667,4440.0,Oply,car
29130643,twoway,3842.0,31114.0,425793,286148,null,286148,28405.67545408033,1921.0,477.0,0.0,12131681,35.125119375666664,27272.0,Oply,car
28894009,twoway,71621.0,76938.0,189969,286148,null,286148,2097.188221855577,244.0,314.0,0.0,12131682,8.664734164916666,5317.0,Oply,car
32425013,twoway,10199.0,35752.0,440255,126200,null,126200,228681.92238085376,9499.0,127.0,0.0,12104711,35.038626230666665,25553.0,Oply,car
33044840,twoway,55007.0,60594.0,375437,337736,null,337736,2466.509065699978,259.0,359.0,0.0,12102701,8.805406972166667,5587.0,Oply,car
29888922,twoway,82783.0,88306.0,405192,301163,null,301163,2309.8630820905114,224.0,409.0,0.0,12133641,8.60500160825,5523.0,Oply,car
29013791,twoway,75429.0,79322.0,406139,474619,null,474619,3547.481714315855,369.0,485.0,0.0,12105611,4.70525276525,3893.0,Oply,car
29553322,twoway,59360.0,64732.0,280124,280126,null,280126,6449.378257346295,561.0,171.0,0.0,12103644,8.748071626666666,5372.0,Oply,car
29049289,twoway,23540.0,32785.0,81621,254295,null,254295,5116.928668835666,487.0,147.0,0.0,12102662,13.344923014999999,9245.0,Oply,car
27318751,twoway,56442.0,60336.0,37224,79825,null,79825,8881.253649127764,574.0,305.0,0.0,12120662,4.839050938,3894.0,Oply,car
28971240,twoway,66656.0,72334.0,356662,274193,null,274193,9286.56996971707,763.0,178.0,0.0,12133611,8.695316477333334,5678.0,Oply,car
28378037,twoway,72914.0,79142.0,286113,286148,null,286148,613.1715974372244,74.0,444.0,0.0,12131681,8.657320857166667,6228.0,Oply,car
29096296,twoway,74016.0,82065.0,157720,36249,null,36249,16684.590880536245,1302.0,835.0,0.0,12111611,12.937021176,8049.0,Oply,car
29390245,twoway,61298.0,65857.0,89257,337736,null,337736,2240.0994652674785,232.0,901.0,0.0,12102701,8.726610322833334,4559.0,Oply,car
27178172,twoway,74293.0,82404.0,125553,363105,null,105073,4080.304045972128,313.0,906.0,0.0,12096523,12.93811700875,8111.0,Oply,car
28286168,twoway,62022.0,62690.0,283955,257127,null,131675,2292.18114429765,215.0,453.0,0.0,12095571,4.4271567225,668.0,Oply,car
27030498,twoway,6521.0,47371.0,402707,7103,null,7103,221953.3059555248,9077.0,502.0,0.0,12120631,52.25471313808333,40850.0,Oply,car
28674767,twoway,73299.0,77048.0,288069,109148,null,109148,3246.829393207842,289.0,310.0,0.0,12121621,4.540199524999999,3749.0,Oply,car
26768742,twoway,85544.0,86204.0,267939,337736,null,282000,2795.329841063967,275.0,385.0,0.0,12102701,4.296421426666667,660.0,Oply,car
27008203,twoway,72030.0,81363.0,282261,245646,null,245646,5533.176017806521,448.0,446.0,0.0,12131662,12.951619205,9333.0,Oply,car
35031325,twoway,82846.0,83394.0,270940,272361,null,276589,3177.603758405953,252.0,296.0,0.0,12102621,4.314375701333334,548.0,Oply,car
29567250,twoway,53448.0,59884.0,487423,469756,null,469756,13328.599647097357,1065.0,321.0,0.0,12132672,8.806006784000001,6436.0,Oply,car
27859869,twoway,63889.0,72455.0,348211,251159,null,251159,4409.7951275152145,378.0,264.0,0.0,12104702,12.995446299333333,8566.0,Oply,car
28337972,twoway,87289.0,88318.0,21685,485280,null,494984,4069.1779227671464,311.0,718.0,0.0,12131622,4.283616831833333,1029.0,Oply,car
27635061,twoway,62164.0,67526.0,248694,301163,null,301163,5677.532781192733,477.0,292.0,0.0,12133641,8.716357795,5362.0,Oply,car
29052345,twoway,64722.0,69746.0,501129,501127,null,501127,5187.314767175299,441.0,297.0,0.0,12133673,8.6996426885,5024.0,Oply,car
27145374,twoway,13693.0,49321.0,30901,30901,null,30901,17082.46057466026,1196.0,1.0,0.0,12133711,43.53892488033333,35628.0,Oply,car
27493290,twoway,28274.0,33086.0,136810,427832,null,427832,4541.5896877162795,368.0,196.0,0.0,12121651,9.009812707,4812.0,Oply,car
26710753,twoway,13287.0,41772.0,341904,486024,null,486024,24193.496915184794,1788.0,1014.0,0.0,12132662,34.9703279495,28485.0,Oply,car
32757889,twoway,53019.0,55689.0,210921,244185,null,244185,8697.433746605884,750.0,370.0,0.0,12096532,4.518949152,2670.0,Oply,car
28684563,twoway,59515.0,65245.0,78291,251159,null,251159,4049.2639346207084,347.0,282.0,0.0,12104701,8.745667610416668,5730.0,Oply,car
26697580,twoway,13908.0,50148.0,224879,414631,null,414631,23374.1095961537,1790.0,232.0,0.0,12120621,43.819266805999995,36240.0,Oply,car
27138138,twoway,65573.0,75577.0,403683,403375,null,403375,2259.021901647337,268.0,323.0,0.0,12132641,12.984945948583333,10004.0,Oply,car
29288788,twoway,51079.0,56794.0,117807,110,null,110,8344.893570651853,685.0,334.0,0.0,12103632,8.826040199166666,5715.0,Oply,car
27733842,twoway,53971.0,60838.0,390843,280126,null,280126,9122.59762848847,796.0,479.0,0.0,12103641,8.80415735525,6867.0,Oply,car
27288123,twoway,70774.0,79509.0,389093,87195,null,87195,16344.996218471017,995.0,149.0,0.0,12133622,12.959590368833332,8735.0,Oply,car
29617937,twoway,58939.0,64864.0,295993,110,null,110,9782.843811952343,828.0,351.0,0.0,12103632,8.762460037666667,5925.0,Oply,car
32262119,twoway,65587.0,71454.0,108943,152242,null,152242,8049.127411980421,650.0,295.0,0.0,12133651,8.694868681416667,5867.0,Oply,car
28114293,twoway,17347.0,60075.0,465470,59637,null,59637,241776.5911584181,10438.0,358.0,0.0,12131631,52.05351393708333,42728.0,Oply,car
27764486,twoway,59896.0,66199.0,108588,346913,null,346913,4446.557713220453,380.0,723.0,0.0,12133734,8.741899684,6303.0,Oply,car
34857460,twoway,55541.0,60988.0,295993,110,null,110,4556.131233788715,387.0,351.0,0.0,12103631,8.79330512275,5447.0,Oply,car
27578650,twoway,61508.0,67709.0,20711,20711,null,20711,18674.09874082809,1173.0,1.0,0.0,12132621,8.724050004,6201.0,Oply,car
26995486,twoway,62678.0,68671.0,456159,456157,null,456157,9983.740145453852,834.0,145.0,0.0,12103623,8.708381487166667,5993.0,Oply,car
31116873,twoway,71439.0,78086.0,272414,272361,null,272361,3235.6140942900415,278.0,535.0,0.0,12102621,8.6649759865,6647.0,Oply,car
29549838,twoway,8451.0,37286.0,131721,410043,null,410043,4603.169701449471,377.0,630.0,0.0,12096511,35.111818105,28835.0,Oply,car
26803144,twoway,14391.0,20363.0,362976,282876,null,282876,6225.3191235920885,484.0,409.0,0.0,12102671,9.2050741245,5972.0,Oply,car
31306889,twoway,56392.0,64861.0,403976,222465,null,222465,2571.59070048616,217.0,240.0,0.0,12102691,13.072599012,8469.0,Oply,car
26771946,twoway,69845.0,75280.0,413333,282876,null,282876,5895.073427097547,464.0,1178.0,0.0,12102671,8.668707208333334,5435.0,Oply,car
28021892,twoway,69452.0,74785.0,229018,414631,null,414631,9191.041991281409,728.0,91.0,0.0,12120622,8.669904903,5333.0,Oply,car
29695576,twoway,39847.0,46580.0,500682,423936,null,423936,5648.859016114156,450.0,288.0,0.0,12102631,8.94668634275,6733.0,Oply,car
32743397,twoway,61913.0,69243.0,247104,110,null,110,7291.425264451155,566.0,492.0,0.0,12103631,8.866457888666668,7330.0,Oply,car
28067973,twoway,62243.0,67732.0,415451,255316,null,255316,5191.32063354567,468.0,377.0,0.0,12132612,8.714618908666667,5489.0,Oply,car
27269838,twoway,63666.0,68268.0,409844,139511,null,139511,1090.6796942464955,103.0,172.0,0.0,12104691,8.706689004,4602.0,Oply,car
27695237,twoway,72835.0,77571.0,409816,139511,null,139511,3345.846866523157,290.0,185.0,0.0,12104692,8.659227512916667,4736.0,Oply,car
28379275,twoway,58192.0,62171.0,255301,255316,null,255316,2838.2592920357424,281.0,445.0,0.0,12132612,8.756843004,3979.0,Oply,car
27501481,twoway,66968.0,72448.0,50756,7103,null,7103,2214.564483942385,255.0,1018.0,0.0,12120631,8.68932929,5480.0,Oply,car
27878389,twoway,50189.0,57946.0,43312,380534,null,380534,7183.919563501525,582.0,205.0,0.0,12120651,13.128060709083332,7757.0,Oply,car
28709493,twoway,78940.0,79568.0,36588,13928,null,421149,3344.8867217809347,257.0,371.0,0.0,12121611,4.335969141666666,628.0,Oply,car
27803022,twoway,73119.0,84416.0,108588,152242,null,152242,9178.66460081924,789.0,259.0,0.0,12133652,17.23329894575,11297.0,Oply,car
28721633,twoway,65711.0,76340.0,257108,131665,null,131665,7265.0730405590775,609.0,98.0,0.0,12131613,12.981967143916666,10629.0,Oply,car
29149573,twoway,34525.0,39954.0,255282,255316,null,255316,5231.900932349348,525.0,165.0,0.0,12132611,8.969148958333333,5429.0,Oply,car
29149572,twoway,67990.0,74064.0,255282,255316,null,255316,8249.546093364188,713.0,165.0,0.0,12132613,8.679633385833334,6074.0,Oply,car
29229683,twoway,35831.0,39728.0,96255,255316,null,255316,5408.751051585099,529.0,697.0,0.0,12132612,5.019351781666666,3897.0,Oply,car
28160401,twoway,48710.0,54936.0,370300,370301,null,370301,11852.024009509954,974.0,90.0,0.0,12132681,8.860718260833334,6226.0,Oply,car
27138597,twoway,42664.0,52811.0,389093,87195,null,87195,6567.3402028470955,532.0,149.0,0.0,12133622,13.202779934666665,10147.0,Oply,car
27504749,twoway,51566.0,61535.0,421149,454386,null,454386,15017.246043233868,1159.0,596.0,0.0,12122611,13.114514360166666,9969.0,Oply,car
26808958,twoway,44452.0,54473.0,125453,244185,null,244185,7502.643537320472,632.0,320.0,0.0,12096534,13.195918481666666,10021.0,Oply,car
26790583,twoway,71209.0,76345.0,255282,454386,null,454386,3844.0391905856577,341.0,369.0,0.0,12122612,8.669538285833333,5136.0,Oply,car
26837898,twoway,66952.0,70510.0,286594,337736,null,337736,1563.903409212628,173.0,334.0,0.0,12102702,4.400461398666667,3558.0,Oply,car
27837361,twoway,18851.0,25135.0,135310,474619,null,474619,3366.739308028085,322.0,421.0,0.0,12105611,9.1229250875,6284.0,Oply,car
28466936,twoway,47684.0,53367.0,295993,110,null,110,9782.843811952343,824.0,351.0,0.0,12103631,8.872509059,5683.0,Oply,car
26806990,twoway,48107.0,52515.0,110655,346913,null,346913,1971.3195044077697,167.0,286.0,0.0,12133732,8.86931318825,4408.0,Oply,car
28559961,twoway,61185.0,67212.0,478215,282876,null,282876,6597.010442541304,512.0,678.0,0.0,12102671,8.72997251625,6027.0,Oply,car
27181130,twoway,62960.0,63930.0,126200,378375,null,350145,3249.6938234749214,257.0,713.0,0.0,12106612,4.41811132,970.0,Oply,car
28238167,twoway,20290.0,55060.0,359141,262858,null,262858,19916.183467501167,1501.0,815.0,0.0,12133701,43.4207319425,34770.0,Oply,car
29922715,twoway,75966.0,81392.0,75117,487115,null,487115,4424.36644604707,417.0,352.0,0.0,12132691,8.642617912,5426.0,Oply,car
34477979,twoway,55582.0,61296.0,456888,60605,null,60605,5937.742228820834,479.0,266.0,0.0,12107631,8.791370389333334,5714.0,Oply,car
31996068,twoway,58060.0,63566.0,280055,320455,null,320455,10142.823963481931,916.0,234.0,0.0,12103613,8.757670545,5506.0,Oply,car
34356365,twoway,67652.0,76260.0,476663,66928,null,66928,5517.874677864552,462.0,177.0,0.0,12108612,12.971462613666667,8608.0,Oply,car
27878180,twoway,86891.0,90485.0,211596,282000,null,291599,1850.4993676213542,166.0,3428.0,0.0,12102701,4.28644822875,3594.0,Oply,car
32683341,twoway,60333.0,66066.0,172611,42301,null,42301,4101.867247869414,368.0,718.0,0.0,12104661,8.73783351275,5733.0,Oply,car
26835484,twoway,70464.0,73998.0,152060,346913,null,346913,10445.8054915757,888.0,253.0,0.0,12133732,4.377952112,3534.0,Oply,car
27780645,twoway,34927.0,44331.0,172993,456157,null,456157,4371.757623966141,369.0,107.0,0.0,12103621,13.256133288333332,9404.0,Oply,car
29874702,twoway,67182.0,73269.0,466218,59637,null,59637,5927.185732136948,619.0,209.0,0.0,12131632,8.687095508,6087.0,Oply,car
27884962,twoway,42073.0,42869.0,141215,66928,null,413333,2646.0813306417376,229.0,567.0,0.0,12108612,4.636777508833333,796.0,Oply,car
28218398,twoway,64153.0,72153.0,267467,254295,null,254295,6861.484000602807,573.0,977.0,0.0,12102661,12.9915909785,8000.0,Oply,car
28894500,twoway,73352.0,77171.0,280460,474619,null,474619,4465.700149269999,492.0,290.0,0.0,12105614,4.618517222666666,3819.0,Oply,car
28338627,twoway,70287.0,74646.0,117806,110,null,110,5275.675766533294,406.0,387.0,0.0,12103632,8.66720221325,4359.0,Oply,car
27485246,twoway,50774.0,58416.0,442301,378375,null,378375,9055.37020701851,766.0,479.0,0.0,12106613,13.120073738166665,7642.0,Oply,car
26733464,twoway,60492.0,66112.0,96210,16208,null,16208,6888.608317325143,546.0,275.0,0.0,12107622,8.736870781,5620.0,Oply,car
26930696,twoway,38798.0,53285.0,79823,79825,null,79825,8368.338473424968,667.0,112.0,0.0,12120662,17.627297032,14487.0,Oply,car
28392302,twoway,47721.0,54010.0,11624,42301,null,42301,2261.7128777049525,232.0,163.0,0.0,12104661,8.870156965,6289.0,Oply,car
26836584,twoway,61724.0,66838.0,408992,281994,null,281994,5074.44963040581,440.0,268.0,0.0,12095582,8.720155567333334,5114.0,Oply,car
28673883,twoway,61877.0,64849.0,415451,105073,null,105073,1589.9331638894537,121.0,810.0,0.0,12096523,4.429286552833333,2972.0,Oply,car
27379595,twoway,63683.0,67623.0,97168,484179,null,484179,3001.8269544752156,298.0,118.0,0.0,12121631,8.705377016083334,3940.0,Oply,car
27707022,twoway,47538.0,52856.0,405204,139511,null,139511,3038.9634637762133,240.0,232.0,0.0,12104692,8.875694481,5318.0,Oply,car
27169370,twoway,47461.0,56113.0,229018,414631,null,414631,10075.38505046245,812.0,91.0,0.0,12120623,13.168366842583332,8652.0,Oply,car
30578497,twoway,69938.0,73825.0,414280,244185,null,244185,5011.942314170435,399.0,417.0,0.0,12096531,4.719090972166667,3887.0,Oply,car
30578496,twoway,55161.0,61171.0,414280,244185,null,244185,6283.7493494615255,497.0,417.0,0.0,12096533,8.800953447,6010.0,Oply,car
27010232,twoway,71352.0,77925.0,125496,244185,null,244185,26276.038888467476,1722.0,201.0,0.0,12096533,8.666276454,6573.0,Oply,car
28563091,twoway,56111.0,62124.0,460492,13928,null,13928,13471.723809555506,1029.0,165.0,0.0,12121611,8.787742154666667,6013.0,Oply,car
28684559,twoway,73236.0,76562.0,78291,251159,null,251159,3725.4266056399133,336.0,282.0,0.0,12104702,4.3605371,3326.0,Oply,car
31066366,twoway,55072.0,61649.0,376896,486024,null,486024,14370.406531098095,1268.0,230.0,0.0,12132661,8.803261602666666,6577.0,Oply,car
28161884,twoway,54291.0,59534.0,465470,59637,null,59637,28460.01615978808,1194.0,358.0,0.0,12131633,8.807106957,5243.0,Oply,car
27033556,twoway,61153.0,75318.0,97168,484179,null,484179,16186.068937902619,1336.0,118.0,0.0,12121632,17.31016284425,14165.0,Oply,car
28966982,twoway,72901.0,78032.0,35879,255488,null,255488,4499.769131964264,428.0,323.0,0.0,12103681,8.658118713,5131.0,Oply,car
32022676,twoway,82459.0,88125.0,391584,60605,null,60605,6012.038361510736,480.0,423.0,0.0,12107631,8.607452349166667,5666.0,Oply,car
28799455,twoway,60968.0,66537.0,36154,280126,null,280126,7137.922127092504,591.0,201.0,0.0,12103641,8.735351372,5569.0,Oply,car
31067584,twoway,76837.0,83518.0,478215,131665,null,131665,6551.237438711924,537.0,319.0,0.0,12131611,8.635853498416667,6681.0,Oply,car
34013823,twoway,9810.0,43838.0,267467,66928,null,66928,134466.2957403284,5043.0,171.0,0.0,12108611,43.6263987075,34028.0,Oply,car
28046757,twoway,49462.0,54941.0,105073,105073,null,105073,6489.111139483968,562.0,1.0,0.0,12096522,8.853138041,5479.0,Oply,car
27463342,twoway,63733.0,67947.0,362771,281994,null,281994,7592.483415406761,694.0,233.0,0.0,12095583,8.706315635333333,4214.0,Oply,car
29102238,twoway,57666.0,63851.0,184728,126200,null,126200,1242.0828296979575,128.0,185.0,0.0,12104712,8.7662992835,6185.0,Oply,car
28521381,twoway,56051.0,62880.0,456159,456157,null,456157,4794.066352106522,444.0,145.0,0.0,12103621,8.78977987525,6829.0,Oply,car
33117976,twoway,18242.0,54103.0,193966,59637,null,59637,96115.92817681062,5023.0,562.0,0.0,12131632,43.462428456333335,35861.0,Oply,car
26769971,twoway,71650.0,77593.0,281926,274193,null,274193,8485.558725546554,776.0,132.0,0.0,12133612,8.663777541666667,5943.0,Oply,car
26858022,twoway,42756.0,44450.0,440138,486024,null,486024,5716.381615869659,601.0,244.0,0.0,12132662,4.622079922,1694.0,Oply,car
26769973,twoway,57901.0,70069.0,281926,274193,null,274193,8971.109839974702,802.0,132.0,0.0,12133612,17.341721498583333,12168.0,Oply,car
26779753,twoway,64982.0,71849.0,344210,281994,null,281994,6094.570837625088,549.0,274.0,0.0,12095581,8.697060079,6867.0,Oply,car
27348893,twoway,80859.0,81389.0,363071,66928,null,65774,1872.6661358327156,158.0,372.0,0.0,12108611,4.326816251,530.0,Oply,car
33753371,twoway,90757.0,93814.0,271533,276589,null,100067,4631.901413194328,368.0,2689.0,0.0,12102621,4.257315238333334,3057.0,Oply,car
26956602,twoway,58090.0,64222.0,422296,414631,null,414631,9639.41845781534,711.0,244.0,0.0,12120621,8.755965523333334,6132.0,Oply,car
28021585,twoway,75043.0,79614.0,434340,79825,null,79825,14548.183025054204,1117.0,127.0,0.0,12120662,8.646331504916667,4571.0,Oply,car
28021586,twoway,76030.0,81455.0,434340,79825,null,79825,14564.263921389938,1119.0,127.0,0.0,12120661,8.641122508333334,5425.0,Oply,car
28471173,twoway,52568.0,56164.0,275609,485280,null,485280,3503.307165824565,383.0,334.0,0.0,12131621,4.527480904666667,3596.0,Oply,car
29597072,twoway,76783.0,77694.0,234405,289762,null,186275,7609.124361189735,623.0,288.0,0.0,12131642,4.346684200833334,911.0,Oply,car
26835393,twoway,70058.0,74774.0,442311,42301,null,42301,8768.689985073597,764.0,331.0,0.0,12104662,8.668441542166667,4716.0,Oply,car
28471172,twoway,76593.0,83350.0,275609,456157,null,456157,3935.919798987386,353.0,1034.0,0.0,12103623,8.63832958425,6757.0,Oply,car
32777331,twoway,51099.0,58359.0,458619,262858,null,262858,34564.83589638961,2426.0,369.0,0.0,12133702,8.89400933725,7260.0,Oply,car
26808914,twoway,50073.0,59570.0,323482,403375,null,403375,6061.443765467826,545.0,143.0,0.0,12132641,13.130833914499998,9497.0,Oply,car
26790781,twoway,83536.0,84595.0,190666,66928,null,94799,7473.231804180306,642.0,417.0,0.0,12108612,4.310563997333333,1059.0,Oply,car
29755413,twoway,73243.0,84565.0,87197,87195,null,87195,5608.220763748408,438.0,171.0,0.0,12133621,17.22979459575,11322.0,Oply,car
28171453,twoway,48738.0,53950.0,93351,456157,null,456157,8847.060181674302,778.0,188.0,0.0,12103623,8.858491659,5212.0,Oply,car
