time	time	departures_all	arrivals_all	stuck_all	en-route_all	departures_access_walk_tw	arrivals_access_walk_tw	stuck_access_walk_tw	en-route_access_walk_tw	departures_bike	arrivals_bike	stuck_bike	en-route_bike	departures_car	arrivals_car	stuck_car	en-route_car	departures_egress_walk_tw	arrivals_egress_walk_tw	stuck_egress_walk_tw	en-route_egress_walk_tw	departures_pt	arrivals_pt	stuck_pt	en-route_pt	departures_twoway_vehicle	arrivals_twoway_vehicle	stuck_twoway_vehicle	en-route_twoway_vehicle	departures_walk	arrivals_walk	stuck_walk	en-route_walk
00:00:00	0	4	1	0	3	2	1	0	1	0	0	0	0	1	0	0	1	0	0	0	0	0	0	0	0	1	0	0	1	0	0	0	0
00:05:00	300	1	1	0	3	0	1	0	0	0	0	0	0	0	0	0	1	0	0	0	0	0	0	0	0	1	0	0	2	0	0	0	0
00:10:00	600	0	1	0	2	0	0	0	0	0	0	0	0	0	1	0	0	0	0	0	0	0	0	0	0	0	0	0	2	0	0	0	0
00:15:00	900	0	1	0	1	0	0	0	0	0	0	0	0	0	0	0	0	0	0	0	0	0	0	0	0	0	1	0	1	0	0	0	0
00:20:00	1200	1	0	0	2	0	0	0	0	0	0	0	0	1	0	0	1	0	0	0	0	0	0	0	0	0	0	0	1	0	0	0	0
00:25:00	1500	0	0	0	2	0	0	0	0	0	0	0	0	0	0	0	1	0	0	0	0	0	0	0	0	0	0	0	1	0	0	0	0
00:30:00	1800	0	1	0	1	0	0	0	0	0	0	0	0	0	1	0	0	0	0	0	0	0	0	0	0	0	0	0	1	0	0	0	0
00:35:00	2100	1	0	0	2	0	0	0	0	0	0	0	0	1	0	0	1	0	0	0	0	0	0	0	0	0	0	0	1	0	0	0	0
00:40:00	2400	1	1	0	2	0	0	0	0	0	0	0	0	0	0	0	1	0	0	0	0	0	0	0	0	0	1	0	0	1	0	0	1
00:45:00	2700	0	0	0	2	0	0	0	0	0	0	0	0	0	0	0	1	0	0	0	0	0	0	0	0	0	0	0	0	0	0	0	1
00:50:00	3000	1	1	0	2	0	0	0	0	0	0	0	0	1	1	0	1	0	0	0	0	0	0	0	0	0	0	0	0	0	0	0	1
00:55:00	3300	2	0	0	4	1	0	0	1	0	0	0	0	1	0	0	2	0	0	0	0	0	0	0	0	0	0	0	0	0	0	0	1
01:00:00	3600	4	3	0	5	0	1	0	0	0	0	0	0	3	2	0	3	0	0	0	0	0	0	0	0	1	0	0	1	0	0	0	1
01:05:00	3900	0	4	0	1	0	0	0	0	0	0	0	0	0	3	0	0	0	0	0	0	0	0	0	0	0	1	0	0	0	0	0	1
01:10:00	4200	5	0	0	6	0	0	0	0	0	0	0	0	5	0	0	5	0	0	0	0	0	0	0	0	0	0	0	0	0	0	0	1
01:15:00	4500	1	2	0	5	0	0	0	0	0	0	0	0	1	2	0	4	0	0	0	0	0	0	0	0	0	0	0	0	0	0	0	1
01:20:00	4800	0	1	0	4	0	0	0	0	0	0	0	0	0	1	0	3	0	0	0	0	0	0	0	0	0	0	0	0	0	0	0	1
01:25:00	5100	2	1	0	5	0	0	0	0	0	0	0	0	2	1	0	4	0	0	0	0	0	0	0	0	0	0	0	0	0	0	0	1
01:30:00	5400	3	2	0	6	0	0	0	0	0	0	0	0	3	2	0	5	0	0	0	0	0	0	0	0	0	0	0	0	0	0	0	1
01:35:00	5700	3	1	0	8	0	0	0	0	0	0	0	0	3	1	0	7	0	0	0	0	0	0	0	0	0	0	0	0	0	0	0	1
01:40:00	6000	6	1	0	13	2	0	0	2	1	0	0	1	3	1	0	9	0	0	0	0	0	0	0	0	0	0	0	0	0	0	0	1
01:45:00	6300	1	4	0	10	0	0	0	2	0	0	0	1	1	4	0	6	0	0	0	0	0	0	0	0	0	0	0	0	0	0	0	1
01:50:00	6600	2	5	0	7	0	2	0	0	0	0	0	1	0	3	0	3	0	0	0	0	0	0	0	0	2	0	0	2	0	0	0	1
01:55:00	6900	4	1	0	10	0	0	0	0	0	1	0	0	3	0	0	6	0	0	0	0	0	0	0	0	1	0	0	3	0	0	0	1
02:00:00	7200	2	4	0	8	0	0	0	0	0	0	0	0	1	2	0	5	1	0	0	1	0	0	0	0	0	2	0	1	0	0	0	1
02:05:00	7500	6	3	0	11	2	0	0	2	0	0	0	0	3	1	0	7	0	1	0	0	1	0	0	1	0	1	0	0	0	0	0	1
02:10:00	7800	5	5	0	11	1	2	0	1	1	0	0	1	1	2	0	6	0	0	0	0	0	1	0	0	2	0	0	2	0	0	0	1
02:15:00	8100	3	3	0	11	0	0	0	1	0	0	0	1	3	2	0	7	0	0	0	0	0	0	0	0	0	1	0	1	0	0	0	1
02:20:00	8400	1	3	0	9	0	1	0	0	0	0	0	1	0	1	0	6	0	0	0	0	0	0	0	0	1	1	0	1	0	0	0	1
02:25:00	8700	4	1	0	12	0	0	0	0	0	0	0	1	2	0	0	8	0	0	0	0	0	0	0	0	0	0	0	1	2	1	0	2
02:30:00	9000	5	3	0	14	1	0	0	1	1	0	0	2	3	2	0	9	0	0	0	0	0	0	0	0	0	1	0	0	0	0	0	2
02:35:00	9300	5	0	0	19	0	0	0	1	1	0	0	3	4	0	0	13	0	0	0	0	0	0	0	0	0	0	0	0	0	0	0	2
02:40:00	9600	6	6	0	19	2	1	0	2	0	0	0	3	3	5	0	11	0	0	0	0	0	0	0	0	1	0	0	1	0	0	0	2
02:45:00	9900	8	3	0	24	2	1	0	3	1	0	0	4	4	1	0	14	0	0	0	0	0	0	0	0	1	1	0	1	0	0	0	2
02:50:00	10200	12	8	0	28	0	3	0	0	0	0	0	4	9	3	0	20	0	0	0	0	0	0	0	0	3	2	0	2	0	0	0	2
02:55:00	10500	11	6	0	33	2	0	0	2	1	0	0	5	7	5	0	22	0	0	0	0	1	0	0	1	0	1	0	1	0	0	0	2
03:00:00	10800	5	5	0	33	1	1	0	2	1	0	0	6	2	4	0	20	0	0	0	0	0	0	0	1	1	0	0	2	0	0	0	2
03:05:00	11100	13	10	0	36	2	1	0	3	1	0	0	7	8	8	0	20	0	0	0	0	1	0	0	2	1	1	0	2	0	0	0	2
03:10:00	11400	16	12	0	40	1	2	0	2	0	0	0	7	12	8	0	24	0	0	0	0	1	1	0	2	2	1	0	3	0	0	0	2
03:15:00	11700	5	10	0	35	0	1	0	1	0	0	0	7	4	6	0	22	0	0	0	0	0	0	0	2	1	3	0	1	0	0	0	2
03:20:00	12000	8	9	0	34	1	1	0	1	1	0	0	8	4	8	0	18	0	0	0	0	0	0	0	2	1	0	0	2	1	0	0	3
03:25:00	12300	7	10	0	31	0	1	0	0	0	0	0	8	6	9	0	15	0	0	0	0	0	0	0	2	1	0	0	3	0	0	0	3
03:30:00	12600	13	6	0	38	4	1	0	3	0	0	0	8	6	4	0	17	0	0	0	0	1	0	0	3	1	1	0	3	1	0	0	4
03:35:00	12900	12	5	0	45	1	1	0	3	0	1	0	7	8	3	0	22	0	0	0	0	0	0	0	3	2	0	0	5	1	0	0	5
03:40:00	13200	18	12	0	51	0	2	0	1	0	0	0	7	15	9	0	28	1	0	0	1	0	0	0	3	2	1	0	6	0	0	0	5
03:45:00	13500	11	6	0	56	1	0	0	2	0	0	0	7	10	5	0	33	0	0	0	1	0	0	0	3	0	1	0	5	0	0	0	5
03:50:00	13800	14	16	0	54	1	1	0	2	1	0	0	8	10	10	0	33	0	1	0	0	0	2	0	1	1	2	0	4	1	0	0	6
03:55:00	14100	16	16	0	54	0	1	0	1	0	1	0	7	13	12	0	34	0	0	0	0	1	1	0	1	1	1	0	4	1	0	0	7
04:00:00	14400	21	10	0	65	0	1	0	0	0	0	0	7	18	7	0	45	0	0	0	0	1	1	0	1	1	1	0	4	1	0	0	8
04:05:00	14700	19	13	0	71	0	0	0	0	0	0	0	7	17	12	0	50	0	0	0	0	2	0	0	3	0	0	0	4	0	1	0	7
04:10:00	15000	13	14	0	70	0	0	0	0	0	0	0	7	11	12	0	49	1	0	0	1	0	1	0	2	1	1	0	4	0	0	0	7
04:15:00	15300	17	18	0	69	1	0	0	1	2	1	0	8	12	15	0	46	0	1	0	0	0	0	0	2	0	1	0	3	2	0	0	9
04:20:00	15600	32	15	0	86	1	1	0	1	0	0	0	8	26	13	0	59	0	0	0	0	1	1	0	2	1	0	0	4	3	0	0	12
04:25:00	15900	24	23	0	87	1	1	0	1	0	0	0	8	19	21	0	57	0	0	0	0	1	0	0	3	1	1	0	4	2	0	0	14
04:30:00	16200	17	21	0	83	0	1	0	0	1	0	0	9	12	18	0	51	0	0	0	0	0	0	0	3	1	1	0	4	3	1	0	16
04:35:00	16500	31	10	0	104	1	0	0	1	2	1	0	10	21	9	0	63	0	0	0	0	2	0	0	5	0	0	0	4	5	0	0	21
04:40:00	16800	27	19	0	112	0	1	0	0	2	0	0	12	20	17	0	66	0	0	0	0	2	0	0	7	1	0	0	5	2	1	0	22
04:45:00	17100	16	24	0	104	1	0	0	1	2	1	0	13	11	21	0	56	0	0	0	0	2	0	0	9	0	2	0	3	0	0	0	22
04:50:00	17400	28	19	0	113	1	0	0	2	0	1	0	12	23	17	0	62	0	0	0	0	1	0	0	10	0	1	0	2	3	0	0	25
04:55:00	17700	27	23	0	117	0	1	0	1	0	1	0	11	23	18	0	67	0	0	0	0	1	1	0	10	1	1	0	2	2	1	0	26
05:00:00	18000	27	20	0	124	0	0	0	1	0	3	0	8	24	16	0	75	0	0	0	0	1	0	0	11	0	1	0	1	2	0	0	28
05:05:00	18300	22	24	0	122	0	1	0	0	2	0	0	10	17	21	0	71	0	0	0	0	1	2	0	10	1	0	0	2	1	0	0	29
05:10:00	18600	19	27	0	114	0	0	0	0	1	1	0	10	16	26	0	61	0	0	0	0	0	0	0	10	0	0	0	2	2	0	0	31
05:15:00	18900	38	21	0	131	2	1	0	1	1	0	0	11	29	18	0	72	0	0	0	0	0	2	0	8	1	0	0	3	5	0	0	36
05:20:00	19200	24	26	0	129	0	1	0	0	1	0	0	12	18	21	0	69	0	0	0	0	1	1	0	8	1	3	0	1	3	0	0	39
05:25:00	19500	45	22	0	152	1	0	0	1	4	3	0	13	35	16	0	88	0	0	0	0	2	2	0	8	0	0	0	1	3	1	0	41
05:30:00	19800	33	35	0	150	0	1	0	0	4	2	0	15	27	30	0	85	0	0	0	0	0	0	0	8	1	0	0	2	1	2	0	40
05:35:00	20100	41	31	0	160	0	0	0	0	1	0	0	16	34	29	0	90	0	0	0	0	3	0	0	11	0	1	0	1	3	1	0	42
05:40:00	20400	40	37	0	163	0	0	0	0	0	0	0	16	35	36	0	89	0	0	0	0	1	1	0	11	0	0	0	1	4	0	0	46
05:45:00	20700	49	44	0	168	0	0	0	0	2	2	0	16	43	38	0	94	0	0	0	0	2	0	0	13	0	0	0	1	2	4	0	44
05:50:00	21000	31	35	0	164	0	0	0	0	2	0	0	18	25	34	0	85	0	0	0	0	2	0	0	15	0	1	0	0	2	0	0	46
05:55:00	21300	45	26	0	183	0	0	0	0	4	2	0	20	31	22	0	94	0	0	0	0	8	1	0	22	0	0	0	0	2	1	0	47
06:00:00	21600	37	34	0	186	2	1	0	1	1	2	0	19	29	27	0	96	0	0	0	0	3	3	0	22	1	0	0	1	1	1	0	47
06:05:00	21900	35	40	0	181	0	1	0	0	2	0	0	21	27	35	0	88	0	0	0	0	5	3	0	24	1	1	0	1	0	0	0	47
06:10:00	22200	40	36	0	185	0	0	0	0	2	2	0	21	31	30	0	89	0	0	0	0	3	2	0	25	0	0	0	1	4	2	0	49
06:15:00	22500	47	36	0	196	2	0	0	2	2	0	0	23	37	31	0	95	0	0	0	0	3	4	0	24	0	1	0	0	3	0	0	52
06:20:00	22800	49	41	0	204	0	2	0	0	1	2	0	22	36	34	0	97	0	0	0	0	6	2	0	28	2	0	0	2	4	1	0	55
06:25:00	23100	52	46	0	210	0	0	0	0	2	4	0	20	42	33	0	106	0	0	0	0	3	6	0	25	1	1	0	2	4	2	0	57
06:30:00	23400	59	47	0	222	0	0	0	0	2	1	0	21	47	41	0	112	1	0	0	1	3	2	0	26	0	2	0	0	6	1	0	62
06:35:00	23700	52	45	0	229	1	0	0	1	1	4	0	18	42	32	0	122	0	1	0	0	7	5	0	28	0	0	0	0	1	3	0	60
06:40:00	24000	71	57	0	243	0	1	0	0	1	4	0	15	58	47	0	133	1	0	0	1	3	4	0	27	2	1	0	1	6	0	0	66
06:45:00	24300	54	62	0	235	0	0	0	0	2	0	0	17	46	55	0	124	0	1	0	0	2	3	0	26	0	0	0	1	4	3	0	67
06:50:00	24600	54	65	0	224	0	0	0	0	2	1	0	18	44	57	0	111	0	0	0	0	4	5	0	25	0	0	0	1	4	2	0	69
06:55:00	24900	59	48	0	235	0	0	0	0	4	2	0	20	46	46	0	111	0	0	0	0	4	0	0	29	1	0	0	2	4	0	0	73
07:00:00	25200	66	63	0	238	0	0	0	0	4	3	0	21	54	48	0	117	1	1	0	0	2	6	0	25	0	1	0	1	5	4	0	74
07:05:00	25500	65	47	0	256	0	0	0	0	8	1	0	28	51	42	0	126	0	0	0	0	2	4	0	23	0	0	0	1	4	0	0	78
07:10:00	25800	65	53	0	268	0	0	0	0	6	3	0	31	55	47	0	134	0	0	0	0	1	2	0	22	0	0	0	1	3	1	0	80
07:15:00	26100	61	66	0	263	0	0	0	0	2	5	0	28	50	55	0	129	0	0	0	0	3	5	0	20	1	1	0	1	5	0	0	85
07:20:00	26400	56	61	0	258	0	0	0	0	6	5	0	29	44	56	0	117	0	0	0	0	3	0	0	23	0	0	0	1	3	0	0	88
07:25:00	26700	54	63	0	249	0	0	0	0	2	2	0	29	47	55	0	109	1	0	0	1	1	3	0	21	0	1	0	0	3	2	0	89
07:30:00	27000	58	62	0	245	0	0	0	0	4	3	0	30	50	50	0	109	0	1	0	0	2	3	0	20	0	0	0	0	2	5	0	86
07:35:00	27300	74	55	0	264	0	0	0	0	3	4	0	29	63	45	0	127	0	0	0	0	3	4	0	19	0	0	0	0	5	2	0	89
07:40:00	27600	75	66	0	273	1	0	0	1	2	4	0	27	63	58	0	132	0	0	0	0	1	0	0	20	1	0	0	1	7	4	0	92
07:45:00	27900	72	68	0	277	1	1	0	1	5	5	0	27	58	57	0	133	1	0	0	1	1	2	0	19	1	1	0	1	5	2	0	95
07:50:00	28200	73	87	0	263	0	0	0	1	3	4	0	26	59	79	0	113	0	1	0	0	2	2	0	19	0	1	0	0	9	0	0	104
07:55:00	28500	70	70	0	263	0	0	0	1	0	5	0	21	63	62	0	114	0	0	0	0	3	3	0	19	0	0	0	0	4	0	0	108
08:00:00	28800	76	61	0	278	1	0	0	2	5	2	0	24	66	53	0	127	0	0	0	0	1	2	0	18	0	0	0	0	3	4	0	107
08:05:00	29100	72	84	0	266	1	2	0	1	1	5	0	20	60	70	0	117	0	0	0	0	2	3	0	17	2	0	0	2	6	4	0	109
08:10:00	29400	94	75	0	285	0	0	0	1	4	4	0	20	81	64	0	134	0	0	0	0	3	3	0	17	2	1	0	3	4	3	0	110
08:15:00	29700	73	91	0	267	0	1	0	0	6	7	0	19	58	71	0	121	2	0	0	2	2	5	0	14	1	3	0	1	4	4	0	110
08:20:00	30000	72	76	0	263	0	0	0	0	4	3	0	20	62	61	0	122	0	2	0	0	1	4	0	11	0	1	0	0	5	5	0	110
08:25:00	30300	89	78	0	274	0	0	0	0	2	2	0	20	78	69	0	131	0	0	0	0	4	1	0	14	0	0	0	0	5	6	0	109
08:30:00	30600	74	77	0	271	1	0	0	1	5	3	0	22	61	69	0	123	0	0	0	0	2	1	0	15	1	0	0	1	4	4	0	109
08:35:00	30900	91	77	0	285	0	1	0	0	6	4	0	24	76	66	0	133	0	0	0	0	1	3	0	13	1	0	0	2	7	3	0	113
08:40:00	31200	85	91	0	279	0	0	0	0	6	4	0	26	73	79	0	127	0	0	0	0	4	2	0	15	0	1	0	1	2	5	0	110
08:45:00	31500	100	82	0	297	0	0	0	0	3	2	0	27	91	76	0	142	0	0	0	0	2	1	0	16	0	0	0	1	4	3	0	111
08:50:00	31800	78	97	0	278	1	0	0	1	0	13	0	14	71	75	0	138	1	0	0	1	2	4	0	14	0	1	0	0	3	4	0	110
08:55:00	32100	82	94	0	266	0	0	0	1	9	1	0	22	64	81	0	121	0	1	0	0	5	3	0	16	0	0	0	0	4	8	0	106
09:00:00	32400	105	84	0	287	0	1	0	0	8	4	0	26	82	72	0	131	0	0	0	0	5	2	0	19	2	1	0	1	8	4	0	110
09:05:00	32700	107	97	0	297	1	0	0	1	6	2	0	30	78	83	0	126	1	1	0	0	3	3	0	19	0	1	0	0	18	7	0	121
09:10:00	33000	111	65	0	343	0	1	0	0	7	5	0	32	89	55	0	160	0	0	0	0	5	2	0	22	2	0	0	2	8	2	0	127
09:15:00	33300	106	124	0	325	0	0	0	0	5	11	0	26	85	103	0	142	0	0	0	0	11	5	0	28	1	1	0	2	4	4	0	127
09:20:00	33600	104	105	0	324	0	0	0	0	4	5	0	25	88	84	0	146	1	0	0	1	3	10	0	21	0	1	0	1	8	5	0	130
09:25:00	33900	108	119	0	313	0	0	0	0	8	5	0	28	91	102	0	135	0	0	0	1	3	2	0	22	0	0	0	1	6	10	0	126
09:30:00	34200	97	97	0	313	1	0	0	1	11	3	0	36	74	81	0	128	1	0	0	2	5	4	0	23	1	1	0	1	4	8	0	122
09:35:00	34500	116	97	0	332	0	1	0	0	6	10	0	32	102	74	0	156	0	2	0	0	3	7	0	19	2	0	0	3	3	3	0	122
09:40:00	34800	108	122	0	318	0	0	0	0	5	11	0	26	89	95	0	150	1	0	0	1	6	4	0	21	1	2	0	2	6	10	0	118
09:45:00	35100	101	116	0	303	0	0	0	0	4	6	0	24	90	100	0	140	0	1	0	0	3	6	0	18	1	0	0	3	3	3	0	118
09:50:00	35400	106	107	0	302	0	0	0	0	6	9	0	21	89	88	0	141	0	0	0	0	5	5	0	18	0	0	0	3	6	5	0	119
09:55:00	35700	101	101	0	302	0	0	0	0	4	4	0	21	88	91	0	138	0	0	0	0	5	5	0	18	0	0	0	3	4	1	0	122
10:00:00	36000	125	112	0	315	1	1	0	0	7	7	0	21	101	94	0	145	1	0	0	1	7	1	0	24	1	1	0	3	7	8	0	121
10:05:00	36300	129	101	0	343	0	0	0	0	6	7	0	20	105	85	0	165	1	1	0	1	4	4	0	24	2	1	0	4	11	3	0	129
10:10:00	36600	95	133	0	305	0	0	0	0	4	5	0	19	80	111	0	134	2	1	0	2	2	8	0	18	1	3	0	2	6	5	0	130
10:15:00	36900	146	101	0	350	1	0	0	1	6	2	0	23	124	83	0	175	1	0	0	3	8	5	0	21	1	1	0	2	5	10	0	125
10:20:00	37200	135	132	0	353	0	1	0	0	2	6	0	19	116	115	0	176	1	2	0	2	8	5	0	24	2	1	0	3	6	2	0	129
10:25:00	37500	122	130	0	345	0	0	0	0	6	6	0	19	103	112	0	167	1	1	0	2	8	4	0	28	0	1	0	2	4	6	0	127
10:30:00	37800	117	115	0	347	0	0	0	0	7	3	0	23	99	103	0	163	0	1	0	1	3	4	0	27	1	1	0	2	7	3	0	131
10:35:00	38100	135	116	0	366	0	0	0	0	5	4	0	24	107	96	0	174	1	1	0	1	5	7	0	25	2	1	0	3	15	7	0	139
10:40:00	38400	127	119	0	374	0	0	0	0	5	8	0	21	104	96	0	182	3	2	0	2	8	5	0	28	1	3	0	1	6	5	0	140
10:45:00	38700	115	132	0	357	1	0	0	1	3	6	0	18	97	112	0	167	0	1	0	1	2	5	0	25	2	0	0	3	10	8	0	142
10:50:00	39000	145	140	0	362	1	2	0	0	7	8	0	17	119	107	0	179	1	1	0	1	6	11	0	20	2	2	0	3	9	9	0	142
10:55:00	39300	135	129	0	368	1	0	0	1	7	3	0	21	115	115	0	179	0	0	0	1	6	5	0	21	1	0	0	4	5	6	0	141
11:00:00	39600	126	137	0	357	0	1	0	0	11	4	0	28	102	112	0	169	0	1	0	0	6	6	0	21	2	1	0	5	5	12	0	134
11:05:00	39900	145	128	0	374	0	0	0	0	9	6	0	31	123	109	0	183	1	0	0	1	3	3	0	21	1	2	0	4	8	8	0	134
11:10:00	40200	131	129	0	376	1	0	0	1	1	4	0	28	117	112	0	188	2	1	0	2	4	3	0	22	0	2	0	2	6	7	0	133
11:15:00	40500	131	132	0	375	0	1	0	0	5	6	0	27	112	111	0	189	0	2	0	0	7	6	0	23	1	0	0	3	6	6	0	133
11:20:00	40800	117	135	0	357	0	0	0	0	6	7	0	26	97	119	0	167	1	0	0	1	5	3	0	25	1	2	0	2	7	4	0	136
11:25:00	41100	134	127	0	364	0	0	0	0	8	4	0	30	118	106	0	179	0	1	0	0	3	8	0	20	1	0	0	3	4	8	0	132
11:30:00	41400	130	131	0	363	0	0	0	0	3	7	0	26	115	105	0	189	2	1	0	1	5	6	0	19	1	2	0	2	4	10	0	126
11:35:00	41700	140	129	0	374	0	0	0	0	6	6	0	26	121	112	0	198	0	0	0	1	6	4	0	21	1	0	0	3	6	7	0	125
11:40:00	42000	126	132	0	368	0	0	0	0	4	6	0	24	108	115	0	191	1	1	0	1	6	2	0	25	1	1	0	3	6	7	0	124
11:45:00	42300	156	134	0	390	0	0	0	0	8	5	0	27	131	113	0	209	2	1	0	2	3	7	0	21	1	2	0	2	11	6	0	129
11:50:00	42600	144	138	0	396	1	1	0	0	5	3	0	29	121	119	0	211	1	1	0	2	6	6	0	21	2	2	0	2	8	6	0	131
11:55:00	42900	155	147	0	404	2	0	0	2	5	6	0	28	143	126	0	228	0	2	0	0	0	4	0	17	0	0	0	2	5	9	0	127
12:00:00	43200	136	156	0	384	1	3	0	0	6	6	0	28	108	135	0	201	1	1	0	0	11	5	0	23	4	1	0	5	5	5	0	127
12:05:00	43500	152	150	0	386	3	1	0	2	10	3	0	35	131	128	0	204	0	0	0	0	3	5	0	21	2	3	0	4	3	10	0	120
12:10:00	43800	131	152	0	365	1	2	0	1	5	6	0	34	109	125	0	188	1	0	0	1	6	6	0	21	3	2	0	5	6	11	0	115
12:15:00	44100	132	127	0	370	2	1	0	2	7	10	0	31	113	102	0	199	0	1	0	0	5	3	0	23	1	2	0	4	4	8	0	111
12:20:00	44400	150	128	0	392	3	3	0	2	5	4	0	32	128	105	0	222	2	0	0	2	3	7	0	19	4	3	0	5	5	6	0	110
12:25:00	44700	140	149	0	383	1	3	0	0	7	6	0	33	120	128	0	214	1	0	0	3	3	4	0	18	3	4	0	4	5	4	0	111
12:30:00	45000	139	160	0	362	1	0	0	1	4	9	0	28	120	134	0	200	1	3	0	1	6	6	0	18	2	4	0	2	5	4	0	112
12:35:00	45300	127	138	0	351	0	1	0	0	3	5	0	26	111	127	0	184	0	0	0	1	4	3	0	19	2	0	0	4	7	2	0	117
12:40:00	45600	142	117	0	376	0	0	0	0	4	9	0	21	117	96	0	205	4	1	0	4	7	5	0	21	3	4	0	3	7	2	0	122
12:45:00	45900	145	131	0	390	1	1	0	0	3	4	0	20	126	114	0	217	0	3	0	1	7	2	0	26	1	1	0	3	7	6	0	123
12:50:00	46200	142	144	0	388	2	0	0	2	2	4	0	18	125	125	0	217	0	1	0	0	6	8	0	24	1	1	0	3	6	5	0	124
12:55:00	46500	149	152	0	385	0	2	0	0	6	3	0	21	127	133	0	211	2	0	0	2	7	7	0	24	2	2	0	3	5	5	0	124
13:00:00	46800	126	147	0	364	1	0	0	1	7	3	0	25	108	130	0	189	0	2	0	0	4	2	0	26	1	2	0	2	5	8	0	121
13:05:00	47100	126	132	0	358	0	1	0	0	5	3	0	27	107	115	0	181	1	0	0	1	8	7	0	27	2	1	0	3	3	5	0	119
13:10:00	47400	139	120	0	377	0	0	0	0	5	6	0	26	116	97	0	200	1	1	0	1	4	6	0	25	1	1	0	3	12	9	0	122
13:15:00	47700	133	137	0	373	2	1	0	1	4	5	0	25	109	109	0	200	3	2	0	2	5	8	0	22	4	4	0	3	6	8	0	120
13:20:00	48000	117	124	0	366	1	1	0	1	8	4	0	29	98	101	0	197	1	2	0	1	4	7	0	19	1	1	0	3	4	8	0	116
13:25:00	48300	126	124	0	368	0	1	0	0	6	4	0	31	103	103	0	197	0	1	0	0	5	5	0	19	3	3	0	3	9	7	0	118
13:30:00	48600	116	132	0	352	0	0	0	0	3	7	0	27	99	118	0	178	1	0	0	1	6	3	0	22	3	1	0	5	4	3	0	119
13:35:00	48900	132	136	0	348	0	0	0	0	0	5	0	22	115	113	0	180	4	2	0	3	6	5	0	23	1	4	0	2	6	7	0	118
13:40:00	49200	125	124	0	349	2	0	0	2	2	1	0	23	116	109	0	187	0	2	0	1	2	5	0	20	0	0	0	2	3	7	0	114
13:45:00	49500	132	142	0	339	1	2	0	1	6	4	0	25	105	123	0	169	1	0	0	2	4	6	0	18	4	2	0	4	11	5	0	120
13:50:00	49800	142	130	0	351	1	2	0	0	5	5	0	25	116	100	0	185	2	2	0	2	10	7	0	21	3	4	0	3	5	10	0	115
13:55:00	50100	153	124	0	380	0	0	0	0	9	3	0	31	129	109	0	205	0	2	0	0	6	2	0	25	2	1	0	4	7	7	0	115
14:00:00	50400	131	123	0	388	2	2	0	0	4	7	0	28	112	102	0	215	2	1	0	1	3	4	0	24	3	2	0	5	5	5	0	115
14:05:00	50700	132	139	0	381	1	0	0	1	6	6	0	28	118	121	0	212	0	1	0	0	3	6	0	21	0	2	0	3	4	3	0	116
14:10:00	51000	136	132	0	385	2	1	0	2	4	5	0	27	117	110	0	219	1	1	0	0	5	6	0	20	3	2	0	4	4	7	0	113
14:15:00	51300	130	147	0	368	0	1	0	1	3	5	0	25	112	123	0	208	2	0	0	2	4	6	0	18	1	2	0	3	8	10	0	111
14:20:00	51600	147	135	0	380	2	1	0	2	2	2	0	25	130	121	0	217	0	2	0	0	8	4	0	22	2	1	0	4	3	4	0	110
14:25:00	51900	118	130	0	368	0	2	0	0	2	1	0	26	105	114	0	208	0	0	0	0	6	7	0	21	3	1	0	6	2	5	0	107
14:30:00	52200	123	122	0	369	2	1	0	1	3	2	0	27	104	107	0	205	2	1	0	1	9	3	0	27	1	4	0	3	2	4	0	105
14:35:00	52500	135	139	0	365	1	1	0	1	3	4	0	26	120	115	0	210	1	1	0	1	4	12	0	19	1	2	0	2	5	4	0	106
14:40:00	52800	138	114	0	389	3	1	0	3	5	5	0	26	118	98	0	230	1	0	0	2	5	4	0	20	2	2	0	2	4	4	0	106
14:45:00	53100	145	151	0	383	4	4	0	3	4	2	0	28	124	130	0	224	1	1	0	2	5	6	0	19	5	3	0	4	2	5	0	103
14:50:00	53400	145	151	0	377	1	3	0	1	5	0	0	33	120	134	0	210	0	1	0	1	6	7	0	18	4	3	0	5	9	3	0	109
14:55:00	53700	127	125	0	379	1	1	0	1	7	4	0	36	107	107	0	210	2	1	0	2	6	3	0	21	1	5	0	1	3	4	0	108
15:00:00	54000	141	124	0	396	0	0	0	1	4	4	0	36	122	105	0	227	1	2	0	1	5	5	0	21	2	2	0	1	7	6	0	109
15:05:00	54300	142	131	0	407	3	2	0	2	5	6	0	35	120	112	0	235	3	2	0	2	4	1	0	24	3	3	0	1	4	5	0	108
15:10:00	54600	155	147	0	415	0	2	0	0	4	4	0	35	133	122	0	246	0	2	0	0	10	6	0	28	2	1	0	2	6	10	0	104
15:15:00	54900	134	141	0	408	0	0	0	0	8	8	0	35	115	119	0	242	0	0	0	0	6	7	0	27	0	2	0	0	5	5	0	104
15:20:00	55200	142	133	0	417	2	1	0	1	3	5	0	33	121	115	0	248	0	0	0	0	10	5	0	32	2	0	0	2	4	7	0	101
15:25:00	55500	143	148	0	412	3	1	0	3	1	3	0	31	124	130	0	242	1	1	0	0	8	5	0	35	1	2	0	1	5	6	0	100
15:30:00	55800	177	164	0	425	2	3	0	2	13	11	0	33	150	135	0	257	1	0	0	1	3	8	0	30	5	3	0	3	3	4	0	99
15:35:00	56100	150	159	0	416	2	3	0	1	2	4	0	31	127	135	0	249	2	2	0	1	5	8	0	27	3	2	0	4	9	5	0	103
15:40:00	56400	162	154	0	424	3	0	0	4	5	7	0	29	143	130	0	262	0	1	0	0	4	5	0	26	3	3	0	4	4	8	0	99
15:45:00	56700	166	152	0	438	1	3	0	2	12	10	0	31	138	123	0	277	3	1	0	2	6	7	0	25	3	3	0	4	3	5	0	97
15:50:00	57000	159	170	0	427	1	0	0	3	13	6	0	38	136	153	0	260	0	2	0	0	5	5	0	25	2	2	0	4	2	2	0	97
15:55:00	57300	151	144	0	434	0	1	0	2	2	3	0	37	138	129	0	269	0	0	0	0	2	5	0	22	1	2	0	3	8	4	0	101
16:00:00	57600	170	169	0	435	1	2	0	1	6	7	0	36	144	143	0	270	3	1	0	2	6	5	0	23	2	3	0	2	8	8	0	101
16:05:00	57900	154	145	0	444	0	1	0	0	4	5	0	35	138	130	0	278	0	1	0	1	5	3	0	25	1	1	0	2	6	4	0	103
16:10:00	58200	179	159	0	464	3	2	0	1	6	6	0	35	148	138	0	288	0	1	0	0	11	4	0	32	4	2	0	4	7	6	0	104
16:15:00	58500	159	172	0	451	2	1	0	2	11	5	0	41	124	152	0	260	3	0	0	3	10	8	0	34	4	3	0	5	5	3	0	106
16:20:00	58800	144	154	0	441	1	1	0	2	7	5	0	43	118	131	0	247	3	4	0	2	7	5	0	36	4	4	0	5	4	4	0	106
16:25:00	59100	159	156	0	444	2	2	0	2	7	8	0	42	132	127	0	252	1	1	0	2	8	10	0	34	3	4	0	4	6	4	0	108
16:30:00	59400	163	164	0	443	0	2	0	0	5	11	0	36	138	132	0	258	2	3	0	1	6	11	0	29	2	3	0	3	10	2	0	116
16:35:00	59700	168	146	0	465	4	3	0	1	4	6	0	34	137	122	0	273	1	1	0	1	8	4	0	33	5	3	0	5	9	7	0	118
16:40:00	60000	179	174	0	470	0	1	0	0	11	8	0	37	151	146	0	278	0	1	0	0	9	11	0	31	1	3	0	3	7	4	0	121
16:45:00	60300	184	167	0	487	2	0	0	2	8	9	0	36	156	143	0	291	2	1	0	1	6	6	0	31	1	3	0	1	9	5	0	125
16:50:00	60600	173	165	0	495	3	4	0	1	7	4	0	39	146	138	0	299	1	2	0	0	3	9	0	25	7	3	0	5	6	5	0	126
16:55:00	60900	180	188	0	487	0	1	0	0	9	14	0	34	149	157	0	291	2	1	0	1	8	3	0	30	2	3	0	4	10	9	0	127
17:00:00	61200	185	174	0	498	3	1	0	2	8	5	0	37	156	153	0	294	2	1	0	2	9	5	0	34	2	4	0	2	5	5	0	127
17:05:00	61500	174	180	0	492	2	3	0	1	5	6	0	36	143	155	0	282	1	2	0	1	8	6	0	36	10	2	0	10	5	6	0	126
17:10:00	61800	166	187	0	471	1	1	0	1	6	6	0	36	141	159	0	264	6	1	0	6	6	4	0	38	3	10	0	3	3	6	0	123
17:15:00	62100	159	185	0	445	3	1	0	3	2	11	0	27	132	149	0	247	3	5	0	4	10	10	0	38	2	3	0	2	7	6	0	124
17:20:00	62400	167	152	0	460	4	6	0	1	12	4	0	35	132	123	0	256	1	3	0	2	2	8	0	32	7	2	0	7	9	6	0	127
17:25:00	62700	165	151	0	474	4	2	0	3	11	5	0	41	136	123	0	269	0	1	0	1	6	11	0	27	2	5	0	4	6	4	0	129
17:30:00	63000	172	156	0	490	2	2	0	3	6	5	0	42	152	134	0	287	1	2	0	0	3	6	0	24	2	3	0	3	6	4	0	131
17:35:00	63300	159	191	0	458	0	2	0	1	8	9	0	41	138	166	0	259	1	1	0	0	5	5	0	24	2	2	0	3	5	6	0	130
17:40:00	63600	139	154	0	443	3	1	0	3	4	12	0	33	120	131	0	248	1	1	0	0	5	4	0	25	1	1	0	3	5	4	0	131
17:45:00	63900	163	157	0	449	1	2	0	2	11	2	0	42	133	136	0	245	1	0	0	1	7	5	0	27	3	5	0	1	7	7	0	131
17:50:00	64200	150	138	0	461	2	3	0	1	5	6	0	41	126	117	0	254	1	1	0	1	7	5	0	29	6	2	0	5	3	4	0	130
17:55:00	64500	151	169	0	443	3	3	0	1	7	9	0	39	124	141	0	237	1	2	0	0	6	7	0	28	4	4	0	5	6	3	0	133
18:00:00	64800	175	157	0	461	1	1	0	1	11	10	0	40	139	129	0	247	2	0	0	2	7	3	0	32	5	5	0	5	10	9	0	134
18:05:00	65100	163	151	0	473	1	1	0	1	2	9	0	33	141	122	0	266	3	3	0	2	9	6	0	35	3	5	0	3	4	5	0	133
18:10:00	65400	135	175	0	433	3	0	0	4	6	8	0	31	109	143	0	232	2	4	0	0	8	12	0	31	1	2	0	2	6	6	0	133
18:15:00	65700	158	147	0	444	2	5	0	1	4	6	0	29	134	118	0	248	3	1	0	2	5	9	0	27	7	5	0	4	3	3	0	133
18:20:00	66000	140	157	0	427	2	1	0	2	5	6	0	28	119	136	0	231	0	2	0	0	5	6	0	26	1	3	0	2	8	3	0	138
18:25:00	66300	153	143	0	437	1	0	0	3	3	8	0	23	135	118	0	248	3	2	0	1	4	3	0	27	2	4	0	0	5	8	0	135
18:30:00	66600	133	164	0	406	1	2	0	2	6	7	0	22	111	138	0	221	0	1	0	0	6	10	0	23	2	1	0	1	7	5	0	137
18:35:00	66900	124	121	0	409	0	1	0	1	6	5	0	23	109	105	0	225	1	0	0	1	4	4	0	23	2	2	0	1	2	4	0	135
18:40:00	67200	141	149	0	401	1	0	0	2	2	4	0	21	126	126	0	225	0	0	0	1	4	10	0	17	2	0	0	3	6	9	0	132
18:45:00	67500	118	137	0	382	0	1	0	1	3	4	0	20	98	118	0	205	2	1	0	2	9	3	0	23	2	3	0	2	4	7	0	129
18:50:00	67800	120	139	0	363	2	1	0	2	4	5	0	19	101	114	0	192	1	2	0	1	2	7	0	18	3	1	0	4	7	9	0	127
18:55:00	68100	111	130	0	344	3	2	0	3	6	5	0	20	92	108	0	176	1	2	0	0	3	5	0	16	3	2	0	5	3	6	0	124
19:00:00	68400	125	131	0	338	0	1	0	2	6	4	0	22	110	110	0	176	2	1	0	1	1	6	0	11	3	4	0	4	3	5	0	122
19:05:00	68700	135	115	0	358	1	0	0	3	4	3	0	23	109	100	0	185	1	2	0	0	7	1	0	17	3	3	0	4	10	6	0	126
19:10:00	69000	106	124	0	340	1	1	0	3	7	6	0	24	89	102	0	172	2	2	0	0	1	6	0	12	1	2	0	3	5	5	0	126
19:15:00	69300	116	128	0	328	2	3	0	2	11	5	0	30	91	110	0	153	2	0	0	2	4	3	0	13	5	3	0	5	1	4	0	123
19:20:00	69600	121	121	0	328	0	1	0	1	7	5	0	32	101	102	0	152	3	3	0	2	1	4	0	10	3	5	0	3	6	1	0	128
19:25:00	69900	125	123	0	330	5	2	0	4	8	8	0	32	97	99	0	150	2	3	0	1	3	2	0	11	4	4	0	3	6	5	0	129
19:30:00	70200	116	106	0	340	2	3	0	3	5	7	0	30	95	90	0	155	1	2	0	0	2	1	0	12	5	2	0	6	6	1	0	134
19:35:00	70500	91	106	0	325	2	4	0	1	5	5	0	30	72	80	0	147	3	3	0	0	4	3	0	13	4	6	0	4	1	5	0	130
19:40:00	70800	81	107	0	299	2	1	0	2	4	4	0	30	67	90	0	124	0	0	0	0	3	1	0	15	2	3	0	3	3	8	0	125
19:45:00	71100	109	104	0	304	3	2	0	3	4	9	0	25	87	77	0	134	1	1	0	0	7	5	0	17	3	3	0	3	4	7	0	122
19:50:00	71400	101	101	0	304	5	4	0	4	5	5	0	25	73	82	0	125	0	0	0	0	6	2	0	21	8	4	0	7	4	4	0	122
19:55:00	71700	96	114	0	286	1	4	0	1	3	2	0	26	73	85	0	113	6	4	0	2	5	5	0	21	5	7	0	5	3	7	0	118
20:00:00	72000	81	90	0	277	6	2	0	5	1	5	0	22	67	70	0	110	1	2	0	1	2	2	0	21	2	4	0	3	2	5	0	115
20:05:00	72300	95	87	0	285	4	6	0	3	1	1	0	22	76	63	0	123	1	2	0	0	3	5	0	19	7	5	0	5	3	5	0	113
20:10:00	72600	85	98	0	272	1	3	0	1	0	1	0	21	69	81	0	111	2	1	0	1	5	3	0	21	6	5	0	6	2	4	0	111
20:15:00	72900	71	95	0	248	1	2	0	0	1	4	0	18	55	78	0	88	2	2	0	1	3	1	0	23	4	4	0	6	5	4	0	112
20:20:00	73200	93	81	0	260	5	3	0	2	4	2	0	20	66	52	0	102	4	4	0	1	5	5	0	23	4	7	0	3	5	8	0	109
20:25:00	73500	70	78	0	252	1	1	0	2	1	3	0	18	56	63	0	95	0	0	0	1	4	5	0	22	4	2	0	5	4	4	0	109
20:30:00	73800	83	80	0	255	2	3	0	1	7	4	0	21	60	59	0	96	2	0	0	3	5	7	0	20	3	3	0	5	4	4	0	109
20:35:00	74100	89	90	0	254	1	1	0	1	9	8	0	22	62	65	0	93	4	4	0	3	5	4	0	21	3	5	0	3	5	3	0	111
20:40:00	74400	74	82	0	246	1	1	0	1	4	1	0	25	59	62	0	90	1	4	0	0	3	5	0	19	3	3	0	3	3	6	0	108
20:45:00	74700	75	68	0	253	2	2	0	1	7	6	0	26	52	50	0	92	3	2	0	1	5	2	0	22	3	3	0	3	3	3	0	108
20:50:00	75000	81	82	0	252	4	3	0	2	6	6	0	26	61	62	0	91	1	1	0	1	3	4	0	21	4	2	0	5	2	4	0	106
20:55:00	75300	57	85	0	224	1	1	0	2	2	7	0	21	44	57	0	78	1	1	0	1	3	7	0	17	2	4	0	3	4	8	0	102
21:00:00	75600	66	58	0	232	2	0	0	4	2	7	0	16	54	46	0	86	1	0	0	2	3	1	0	19	2	3	0	2	2	1	0	103
21:05:00	75900	79	78	0	233	1	4	0	1	4	3	0	17	58	58	0	86	2	3	0	1	5	3	0	21	7	3	0	6	2	4	0	101
21:10:00	76200	65	75	0	223	1	2	0	0	3	1	0	19	53	58	0	81	1	1	0	1	2	3	0	20	2	3	0	5	3	7	0	97
21:15:00	76500	67	67	0	223	1	0	0	1	2	8	0	13	47	42	0	86	6	5	0	2	1	4	0	17	3	6	0	2	7	2	0	102
21:20:00	76800	45	70	0	198	1	1	0	1	2	4	0	11	34	50	0	70	2	3	0	1	0	1	0	16	3	3	0	2	3	8	0	97
21:25:00	77100	51	52	0	197	0	1	0	0	2	1	0	12	41	35	0	76	2	2	0	1	1	4	0	13	1	2	0	1	4	7	0	94
21:30:00	77400	46	45	0	198	0	0	0	0	1	1	0	12	36	37	0	75	1	1	0	1	2	2	0	13	2	2	0	1	4	2	0	96
21:35:00	77700	53	61	0	190	1	0	0	1	0	3	0	9	41	45	0	71	1	2	0	0	2	2	0	13	4	1	0	4	4	8	0	92
21:40:00	78000	70	53	0	207	1	1	0	1	1	0	0	10	64	45	0	90	2	1	0	1	0	1	0	12	2	2	0	4	0	3	0	89
21:45:00	78300	65	70	0	202	1	0	0	2	0	1	0	9	51	52	0	89	5	2	0	4	3	1	0	14	3	6	0	1	2	8	0	83
21:50:00	78600	71	60	0	213	0	2	0	0	1	3	0	7	63	44	0	108	1	4	0	1	2	4	0	12	3	1	0	3	1	2	0	82
21:55:00	78900	88	52	0	249	1	0	0	1	1	1	0	7	82	43	0	147	1	2	0	0	1	0	0	13	0	3	0	0	2	3	0	81
22:00:00	79200	105	76	0	278	1	1	0	1	5	1	0	11	94	67	0	174	1	1	0	0	2	3	0	12	1	1	0	0	1	2	0	80
22:05:00	79500	70	123	0	225	2	1	0	2	4	1	0	14	61	114	0	121	0	0	0	0	0	2	0	10	2	0	0	2	1	5	0	76
22:10:00	79800	41	105	0	161	2	3	0	1	3	0	0	17	29	97	0	53	1	0	0	1	0	1	0	9	5	2	0	5	1	2	0	75
22:15:00	80100	43	52	0	152	3	0	0	4	1	2	0	16	32	41	0	44	1	2	0	0	0	0	0	9	2	4	0	3	4	3	0	76
22:20:00	80400	38	39	0	151	1	2	0	3	2	4	0	14	25	26	0	43	3	1	0	2	1	0	0	10	4	3	0	4	2	3	0	75
22:25:00	80700	37	46	0	142	2	2	0	3	3	2	0	15	25	31	0	37	2	4	0	0	2	2	0	10	3	3	0	4	0	2	0	73
22:30:00	81000	32	40	0	134	2	2	0	3	2	4	0	13	19	25	0	31	2	0	0	2	1	0	0	11	4	4	0	4	2	5	0	70
22:35:00	81300	32	32	0	134	1	1	0	3	0	1	0	12	23	20	0	34	3	2	0	3	2	2	0	11	2	4	0	2	1	2	0	69
22:40:00	81600	26	27	0	133	3	0	0	6	1	3	0	10	19	18	0	35	0	3	0	0	1	1	0	11	1	0	0	3	1	2	0	68
22:45:00	81900	21	28	0	126	0	2	0	4	0	1	0	9	15	21	0	29	1	0	0	1	1	3	0	9	2	1	0	4	2	0	0	70
22:50:00	82200	14	28	0	112	1	0	0	5	1	0	0	10	7	14	0	22	2	1	0	2	1	2	0	8	0	3	0	1	2	8	0	64
22:55:00	82500	28	20	0	120	0	2	0	3	0	1	0	9	23	12	0	33	0	1	0	1	1	1	0	8	3	2	0	2	1	1	0	64
23:00:00	82800	20	31	0	109	0	0	0	3	1	0	0	10	12	25	0	20	2	2	0	1	2	1	0	9	0	2	0	0	3	1	0	66
23:05:00	83100	19	17	0	111	1	1	0	3	2	1	0	11	12	12	0	20	1	1	0	1	0	0	0	9	2	1	0	1	1	1	0	66
23:10:00	83400	24	19	0	116	2	2	0	3	0	0	0	11	18	10	0	28	0	1	0	0	2	0	0	11	2	1	0	2	0	5	0	61
23:15:00	83700	15	25	0	106	3	1	0	5	0	0	0	11	9	16	0	21	1	1	0	0	0	1	0	10	2	3	0	1	0	3	0	58
23:20:00	84000	14	21	0	99	1	1	0	5	0	1	0	10	7	12	0	16	3	1	0	2	0	2	0	8	2	3	0	0	1	1	0	58
23:25:00	84300	16	19	0	96	2	2	0	5	0	1	0	9	10	9	0	17	1	3	0	0	1	0	0	9	2	2	0	0	0	2	0	56
23:30:00	84600	16	18	0	94	0	1	0	4	2	0	0	11	10	14	0	13	0	0	0	0	1	0	0	10	2	0	0	2	1	3	0	54
23:35:00	84900	11	17	0	88	2	1	0	5	0	1	0	10	5	7	0	11	2	1	0	1	0	1	0	9	1	3	0	0	1	3	0	52
23:40:00	85200	18	23	0	83	0	3	0	2	2	1	0	11	9	8	0	12	2	3	0	0	1	2	0	8	4	2	0	2	0	4	0	48
23:45:00	85500	5	15	0	73	0	1	0	1	0	0	0	11	3	10	0	5	0	0	0	0	1	0	0	9	1	0	0	3	0	4	0	44
23:50:00	85800	10	10	0	73	1	0	0	2	0	1	0	10	6	2	0	9	2	1	0	1	0	0	0	9	1	4	0	0	0	2	0	42
23:55:00	86100	9	12	0	70	0	1	0	1	1	0	0	11	7	6	0	10	0	1	0	0	0	1	0	8	1	0	0	1	0	3	0	39
24:00:00	86400	13	12	0	71	0	1	0	0	0	1	0	10	9	6	0	13	1	1	0	0	1	1	0	8	2	1	0	2	0	1	0	38
24:05:00	86700	6	10	0	67	0	0	0	0	0	0	0	10	5	8	0	10	1	1	0	0	0	0	0	8	0	1	0	1	0	0	0	38
24:10:00	87000	9	11	0	65	0	0	0	0	1	2	0	9	6	5	0	11	1	1	0	0	0	2	0	6	0	1	0	0	1	0	0	39
24:15:00	87300	8	9	0	64	0	0	0	0	0	0	0	9	6	7	0	10	0	0	0	0	0	0	0	6	0	0	0	0	2	2	0	39
24:20:00	87600	10	7	0	67	0	0	0	0	1	1	0	9	8	5	0	13	0	0	0	0	0	0	0	6	0	0	0	0	1	1	0	39
24:25:00	87900	3	7	0	63	1	0	0	1	0	0	0	9	2	6	0	9	0	0	0	0	0	0	0	6	0	0	0	0	0	1	0	38
24:30:00	88200	5	5	0	63	1	1	0	1	1	0	0	10	2	3	0	8	0	0	0	0	0	0	0	6	1	0	0	1	0	1	0	37
24:35:00	88500	8	2	0	69	1	1	0	1	1	0	0	11	4	1	0	11	0	0	0	0	0	0	0	6	1	0	0	2	1	0	0	38
24:40:00	88800	6	9	0	66	2	1	0	2	1	0	0	12	2	5	0	8	0	0	0	0	0	1	0	5	1	2	0	1	0	0	0	38
24:45:00	89100	6	8	0	64	1	1	0	2	0	1	0	11	3	1	0	10	1	1	0	0	0	0	0	5	1	1	0	1	0	3	0	35
24:50:00	89400	5	9	0	60	1	0	0	3	0	1	0	10	3	5	0	8	0	0	0	0	0	0	0	5	0	1	0	0	1	2	0	34
24:55:00	89700	5	5	0	60	0	0	0	3	0	0	0	10	4	4	0	8	0	0	0	0	0	0	0	5	1	0	0	1	0	1	0	33
25:00:00	90000	5	5	0	60	0	0	0	3	0	1	0	9	5	4	0	9	0	0	0	0	0	0	0	5	0	0	0	1	0	0	0	33
25:05:00	90300	4	8	0	56	0	1	0	2	0	0	0	9	3	6	0	6	0	0	0	0	0	0	0	5	1	0	0	2	0	1	0	32
25:10:00	90600	3	4	0	55	0	0	0	2	0	0	0	9	2	2	0	6	1	1	0	0	0	0	0	5	0	1	0	1	0	0	0	32
25:15:00	90900	3	6	0	52	0	1	0	1	0	1	0	8	1	2	0	5	1	1	0	0	0	0	0	5	1	1	0	1	0	0	0	32
25:20:00	91200	2	8	0	46	0	0	0	1	0	0	0	8	2	5	0	2	0	0	0	0	0	0	0	5	0	0	0	1	0	3	0	29
25:25:00	91500	1	6	0	41	1	0	0	2	0	2	0	6	0	2	0	0	0	0	0	0	0	1	0	4	0	1	0	0	0	0	0	29
25:30:00	91800	3	3	0	41	0	1	0	1	0	0	0	6	2	0	0	2	0	0	0	0	0	1	0	3	1	0	0	1	0	1	0	28
25:35:00	92100	7	5	0	43	0	1	0	0	0	1	0	5	3	1	0	4	1	1	0	0	2	0	0	5	1	1	0	1	0	0	0	28
25:40:00	92400	1	6	0	38	0	0	0	0	0	0	0	5	0	4	0	0	1	1	0	0	0	0	0	5	0	1	0	0	0	0	0	28
25:45:00	92700	1	3	0	36	0	0	0	0	0	0	0	5	1	0	0	1	0	0	0	0	0	1	0	4	0	0	0	0	0	2	0	26
25:50:00	93000	1	0	0	37	0	0	0	0	0	0	0	5	1	0	0	2	0	0	0	0	0	0	0	4	0	0	0	0	0	0	0	26
25:55:00	93300	2	2	0	37	0	0	0	0	0	0	0	5	2	2	0	2	0	0	0	0	0	0	0	4	0	0	0	0	0	0	0	26
26:00:00	93600	1	2	0	36	0	0	0	0	0	0	0	5	0	2	0	0	0	0	0	0	0	0	0	4	0	0	0	0	1	0	0	27
26:05:00	93900	0	0	0	36	0	0	0	0	0	0	0	5	0	0	0	0	0	0	0	0	0	0	0	4	0	0	0	0	0	0	0	27
26:10:00	94200	1	2	0	35	0	0	0	0	0	0	0	5	0	0	0	0	0	0	0	0	0	0	0	4	0	0	0	0	1	2	0	26
26:15:00	94500	2	1	0	36	0	0	0	0	0	0	0	5	1	0	0	1	0	0	0	0	1	1	0	4	0	0	0	0	0	0	0	26
26:20:00	94800	0	1	0	35	0	0	0	0	0	0	0	5	0	1	0	0	0	0	0	0	0	0	0	4	0	0	0	0	0	0	0	26
26:25:00	95100	0	0	0	35	0	0	0	0	0	0	0	5	0	0	0	0	0	0	0	0	0	0	0	4	0	0	0	0	0	0	0	26
26:30:00	95400	0	0	0	35	0	0	0	0	0	0	0	5	0	0	0	0	0	0	0	0	0	0	0	4	0	0	0	0	0	0	0	26
26:35:00	95700	0	0	0	35	0	0	0	0	0	0	0	5	0	0	0	0	0	0	0	0	0	0	0	4	0	0	0	0	0	0	0	26
26:40:00	96000	1	1	0	35	0	0	0	0	0	0	0	5	0	0	0	0	0	0	0	0	0	0	0	4	0	0	0	0	1	1	0	26
26:45:00	96300	0	1	0	34	0	0	0	0	0	0	0	5	0	0	0	0	0	0	0	0	0	1	0	3	0	0	0	0	0	0	0	26
26:50:00	96600	0	2	0	32	0	0	0	0	0	0	0	5	0	0	0	0	0	0	0	0	0	1	0	2	0	0	0	0	0	1	0	25
26:55:00	96900	0	0	0	32	0	0	0	0	0	0	0	5	0	0	0	0	0	0	0	0	0	0	0	2	0	0	0	0	0	0	0	25
27:00:00	97200	0	0	0	32	0	0	0	0	0	0	0	5	0	0	0	0	0	0	0	0	0	0	0	2	0	0	0	0	0	0	0	25
27:05:00	97500	1	1	0	32	0	0	0	0	0	0	0	5	1	0	0	1	0	0	0	0	0	0	0	2	0	0	0	0	0	1	0	24
27:10:00	97800	0	0	0	32	0	0	0	0	0	0	0	5	0	0	0	1	0	0	0	0	0	0	0	2	0	0	0	0	0	0	0	24
27:15:00	98100	0	1	0	31	0	0	0	0	0	0	0	5	0	1	0	0	0	0	0	0	0	0	0	2	0	0	0	0	0	0	0	24
27:20:00	98400	0	0	0	31	0	0	0	0	0	0	0	5	0	0	0	0	0	0	0	0	0	0	0	2	0	0	0	0	0	0	0	24
27:25:00	98700	0	1	0	30	0	0	0	0	0	0	0	5	0	0	0	0	0	0	0	0	0	0	0	2	0	0	0	0	0	1	0	23
27:30:00	99000	0	0	0	30	0	0	0	0	0	0	0	5	0	0	0	0	0	0	0	0	0	0	0	2	0	0	0	0	0	0	0	23
27:35:00	99300	0	1	0	29	0	0	0	0	0	1	0	4	0	0	0	0	0	0	0	0	0	0	0	2	0	0	0	0	0	0	0	23
27:40:00	99600	0	0	0	29	0	0	0	0	0	0	0	4	0	0	0	0	0	0	0	0	0	0	0	2	0	0	0	0	0	0	0	23
27:45:00	99900	0	0	0	29	0	0	0	0	0	0	0	4	0	0	0	0	0	0	0	0	0	0	0	2	0	0	0	0	0	0	0	23
27:50:00	100200	0	0	0	29	0	0	0	0	0	0	0	4	0	0	0	0	0	0	0	0	0	0	0	2	0	0	0	0	0	0	0	23
27:55:00	100500	0	0	0	29	0	0	0	0	0	0	0	4	0	0	0	0	0	0	0	0	0	0	0	2	0	0	0	0	0	0	0	23
28:00:00	100800	0	0	0	29	0	0	0	0	0	0	0	4	0	0	0	0	0	0	0	0	0	0	0	2	0	0	0	0	0	0	0	23
28:05:00	101100	0	1	0	28	0	0	0	0	0	1	0	3	0	0	0	0	0	0	0	0	0	0	0	2	0	0	0	0	0	0	0	23
28:10:00	101400	0	1	0	27	0	0	0	0	0	0	0	3	0	0	0	0	0	0	0	0	0	0	0	2	0	0	0	0	0	1	0	22
28:15:00	101700	0	1	0	26	0	0	0	0	0	0	0	3	0	0	0	0	0	0	0	0	0	0	0	2	0	0	0	0	0	1	0	21
28:20:00	102000	0	0	0	26	0	0	0	0	0	0	0	3	0	0	0	0	0	0	0	0	0	0	0	2	0	0	0	0	0	0	0	21
28:25:00	102300	0	0	0	26	0	0	0	0	0	0	0	3	0	0	0	0	0	0	0	0	0	0	0	2	0	0	0	0	0	0	0	21
28:30:00	102600	0	1	0	25	0	0	0	0	0	1	0	2	0	0	0	0	0	0	0	0	0	0	0	2	0	0	0	0	0	0	0	21
28:35:00	102900	0	1	0	24	0	0	0	0	0	0	0	2	0	0	0	0	0	0	0	0	0	1	0	1	0	0	0	0	0	0	0	21
28:40:00	103200	0	0	0	24	0	0	0	0	0	0	0	2	0	0	0	0	0	0	0	0	0	0	0	1	0	0	0	0	0	0	0	21
28:45:00	103500	0	1	0	23	0	0	0	0	0	1	0	1	0	0	0	0	0	0	0	0	0	0	0	1	0	0	0	0	0	0	0	21
28:50:00	103800	0	0	0	23	0	0	0	0	0	0	0	1	0	0	0	0	0	0	0	0	0	0	0	1	0	0	0	0	0	0	0	21
28:55:00	104100	0	0	0	23	0	0	0	0	0	0	0	1	0	0	0	0	0	0	0	0	0	0	0	1	0	0	0	0	0	0	0	21
29:00:00	104400	0	0	0	23	0	0	0	0	0	0	0	1	0	0	0	0	0	0	0	0	0	0	0	1	0	0	0	0	0	0	0	21
29:05:00	104700	0	0	0	23	0	0	0	0	0	0	0	1	0	0	0	0	0	0	0	0	0	0	0	1	0	0	0	0	0	0	0	21
29:10:00	105000	0	0	0	23	0	0	0	0	0	0	0	1	0	0	0	0	0	0	0	0	0	0	0	1	0	0	0	0	0	0	0	21
29:15:00	105300	0	0	0	23	0	0	0	0	0	0	0	1	0	0	0	0	0	0	0	0	0	0	0	1	0	0	0	0	0	0	0	21
29:20:00	105600	0	0	0	23	0	0	0	0	0	0	0	1	0	0	0	0	0	0	0	0	0	0	0	1	0	0	0	0	0	0	0	21
29:25:00	105900	0	1	0	22	0	0	0	0	0	0	0	1	0	0	0	0	0	0	0	0	0	0	0	1	0	0	0	0	0	1	0	20
29:30:00	106200	0	1	0	21	0	0	0	0	0	0	0	1	0	0	0	0	0	0	0	0	0	0	0	1	0	0	0	0	0	1	0	19
29:35:00	106500	0	1	0	20	0	0	0	0	0	0	0	1	0	0	0	0	0	0	0	0	0	0	0	1	0	0	0	0	0	1	0	18
29:40:00	106800	0	0	0	20	0	0	0	0	0	0	0	1	0	0	0	0	0	0	0	0	0	0	0	1	0	0	0	0	0	0	0	18
29:45:00	107100	0	0	0	20	0	0	0	0	0	0	0	1	0	0	0	0	0	0	0	0	0	0	0	1	0	0	0	0	0	0	0	18
29:50:00	107400	0	0	0	20	0	0	0	0	0	0	0	1	0	0	0	0	0	0	0	0	0	0	0	1	0	0	0	0	0	0	0	18
29:55:00	107700	0	0	0	20	0	0	0	0	0	0	0	1	0	0	0	0	0	0	0	0	0	0	0	1	0	0	0	0	0	0	0	18
30:00:00	108000	0	0	20	0	0	0	0	0	0	0	1	0	0	0	0	0	0	0	0	0	0	0	1	0	0	0	0	0	0	0	18	0
30:05:00	108300	0	0	0	0	0	0	0	0	0	0	0	0	0	0	0	0	0	0	0	0	0	0	0	0	0	0	0	0	0	0	0	0
