time	time	departures_all	arrivals_all	stuck_all	en-route_all	departures_access_walk_tw	arrivals_access_walk_tw	stuck_access_walk_tw	en-route_access_walk_tw	departures_bike	arrivals_bike	stuck_bike	en-route_bike	departures_car	arrivals_car	stuck_car	en-route_car	departures_egress_walk_tw	arrivals_egress_walk_tw	stuck_egress_walk_tw	en-route_egress_walk_tw	departures_pt	arrivals_pt	stuck_pt	en-route_pt	departures_twoway_vehicle	arrivals_twoway_vehicle	stuck_twoway_vehicle	en-route_twoway_vehicle	departures_walk	arrivals_walk	stuck_walk	en-route_walk
00:00:00	0	5	1	0	4	1	0	0	1	0	0	0	0	2	1	0	1	0	0	0	0	1	0	0	1	0	0	0	0	1	0	0	1
00:05:00	300	3	2	0	5	0	1	0	0	0	0	0	0	2	1	0	2	0	0	0	0	0	0	0	1	1	0	0	1	0	0	0	1
00:10:00	600	0	1	0	4	0	0	0	0	0	0	0	0	0	0	0	2	0	0	0	0	0	0	0	1	0	1	0	0	0	0	0	1
00:15:00	900	2	2	0	4	1	0	0	1	0	0	0	0	1	2	0	1	0	0	0	0	0	0	0	1	0	0	0	0	0	0	0	1
00:20:00	1200	2	1	0	5	0	1	0	0	0	0	0	0	1	0	0	2	0	0	0	0	0	0	0	1	1	0	0	1	0	0	0	1
00:25:00	1500	0	1	0	4	0	0	0	0	0	0	0	0	0	1	0	1	0	0	0	0	0	0	0	1	0	0	0	1	0	0	0	1
00:30:00	1800	0	2	0	2	0	0	0	0	0	0	0	0	0	1	0	0	0	0	0	0	0	0	0	1	0	1	0	0	0	0	0	1
00:35:00	2100	1	1	0	2	0	0	0	0	0	0	0	0	1	0	0	1	0	0	0	0	0	1	0	0	0	0	0	0	0	0	0	1
00:40:00	2400	0	1	0	1	0	0	0	0	0	0	0	0	0	1	0	0	0	0	0	0	0	0	0	0	0	0	0	0	0	0	0	1
00:45:00	2700	2	0	0	3	0	0	0	0	0	0	0	0	2	0	0	2	0	0	0	0	0	0	0	0	0	0	0	0	0	0	0	1
00:50:00	3000	2	0	0	5	1	0	0	1	0	0	0	0	1	0	0	3	0	0	0	0	0	0	0	0	0	0	0	0	0	0	0	1
00:55:00	3300	2	0	0	7	2	0	0	3	0	0	0	0	0	0	0	3	0	0	0	0	0	0	0	0	0	0	0	0	0	0	0	1
01:00:00	3600	6	4	0	9	0	2	0	1	0	0	0	0	4	2	0	5	0	0	0	0	0	0	0	0	2	0	0	2	0	0	0	1
01:05:00	3900	1	2	0	8	0	0	0	1	0	0	0	0	1	2	0	4	0	0	0	0	0	0	0	0	0	0	0	2	0	0	0	1
01:10:00	4200	2	4	0	6	0	1	0	0	0	0	0	0	1	2	0	3	0	0	0	0	0	0	0	0	1	1	0	2	0	0	0	1
01:15:00	4500	3	1	0	8	1	0	0	1	1	0	0	1	1	0	0	4	0	0	0	0	0	0	0	0	0	1	0	1	0	0	0	1
01:20:00	4800	4	2	0	10	0	1	0	0	1	0	0	2	2	0	0	6	0	0	0	0	0	0	0	0	1	1	0	1	0	0	0	1
01:25:00	5100	0	4	0	6	0	0	0	0	0	0	0	2	0	4	0	2	0	0	0	0	0	0	0	0	0	0	0	1	0	0	0	1
01:30:00	5400	5	1	0	10	1	0	0	1	0	0	0	2	3	0	0	5	0	0	0	0	0	0	0	0	1	1	0	1	0	0	0	1
01:35:00	5700	2	4	0	8	0	1	0	0	0	0	0	2	0	2	0	3	1	0	0	1	0	0	0	0	1	1	0	1	0	0	0	1
01:40:00	6000	2	1	0	9	1	0	0	1	0	0	0	2	1	0	0	4	0	1	0	0	0	0	0	0	0	0	0	1	0	0	0	1
01:45:00	6300	2	1	0	10	0	0	0	1	0	0	0	2	2	1	0	5	0	0	0	0	0	0	0	0	0	0	0	1	0	0	0	1
01:50:00	6600	2	3	0	9	0	1	0	0	0	1	0	1	1	1	0	5	0	0	0	0	0	0	0	0	1	0	0	2	0	0	0	1
01:55:00	6900	1	2	0	8	0	0	0	0	0	0	0	1	1	2	0	4	0	0	0	0	0	0	0	0	0	0	0	2	0	0	0	1
02:00:00	7200	0	1	0	7	0	0	0	0	0	0	0	1	0	0	0	4	0	0	0	0	0	0	0	0	0	1	0	1	0	0	0	1
02:05:00	7500	4	1	0	10	0	0	0	0	0	0	0	1	4	1	0	7	0	0	0	0	0	0	0	0	0	0	0	1	0	0	0	1
02:10:00	7800	2	2	0	10	0	0	0	0	1	0	0	2	0	2	0	5	0	0	0	0	0	0	0	0	0	0	0	1	1	0	0	2
02:15:00	8100	2	3	0	9	0	0	0	0	0	1	0	1	1	1	0	5	0	0	0	0	0	0	0	0	0	0	0	1	1	1	0	2
02:20:00	8400	3	1	0	11	1	0	0	1	0	0	0	1	2	1	0	6	0	0	0	0	0	0	0	0	0	0	0	1	0	0	0	2
02:25:00	8700	6	3	0	14	2	1	0	2	0	0	0	1	3	2	0	7	0	0	0	0	0	0	0	0	1	0	0	2	0	0	0	2
02:30:00	9000	8	4	0	18	2	1	0	3	0	0	0	1	5	3	0	9	0	0	0	0	0	0	0	0	1	0	0	3	0	0	0	2
02:35:00	9300	7	4	0	21	0	2	0	1	0	0	0	1	5	1	0	13	0	0	0	0	0	0	0	0	2	0	0	5	0	1	0	1
02:40:00	9600	6	6	0	21	0	1	0	0	0	0	0	1	4	5	0	12	0	0	0	0	1	0	0	1	1	0	0	6	0	0	0	1
02:45:00	9900	4	2	0	23	0	0	0	0	1	0	0	2	3	1	0	14	0	0	0	0	0	0	0	1	0	1	0	5	0	0	0	1
02:50:00	10200	8	4	0	27	1	0	0	1	0	0	0	2	6	3	0	17	0	0	0	0	0	0	0	1	0	1	0	4	1	0	0	2
02:55:00	10500	6	9	0	24	0	0	0	1	0	0	0	2	2	8	0	11	0	0	0	0	1	0	0	2	0	1	0	3	3	0	0	5
03:00:00	10800	3	2	0	25	0	0	0	1	0	0	0	2	3	1	0	13	0	0	0	0	0	1	0	1	0	0	0	3	0	0	0	5
03:05:00	11100	14	0	0	39	2	0	0	3	1	0	0	3	10	0	0	23	0	0	0	0	1	0	0	2	0	0	0	3	0	0	0	5
03:10:00	11400	9	9	0	39	3	3	0	3	1	0	0	4	2	5	0	20	0	0	0	0	0	0	0	2	3	0	0	6	0	1	0	4
03:15:00	11700	8	7	0	40	0	2	0	1	0	0	0	4	6	4	0	22	0	0	0	0	0	0	0	2	2	1	0	7	0	0	0	4
03:20:00	12000	8	9	0	39	1	1	0	1	0	0	0	4	4	6	0	20	0	0	0	0	0	0	0	2	1	2	0	6	2	0	0	6
03:25:00	12300	8	6	0	41	0	0	0	1	0	1	0	3	6	3	0	23	0	0	0	0	0	1	0	1	0	1	0	5	2	0	0	8
03:30:00	12600	15	13	0	43	1	2	0	0	0	0	0	3	11	10	0	24	0	0	0	0	1	0	0	2	2	1	0	6	0	0	0	8
03:35:00	12900	12	6	0	49	0	0	0	0	2	0	0	5	8	4	0	28	0	0	0	0	0	0	0	2	0	2	0	4	2	0	0	10
03:40:00	13200	10	10	0	49	0	0	0	0	0	1	0	4	10	7	0	31	0	0	0	0	0	1	0	1	0	1	0	3	0	0	0	10
03:45:00	13500	15	9	0	55	1	1	0	0	0	0	0	4	11	7	0	35	0	0	0	0	1	0	0	2	1	1	0	3	1	0	0	11
03:50:00	13800	15	12	0	58	0	0	0	0	2	0	0	6	11	9	0	37	0	0	0	0	0	0	0	2	0	3	0	0	2	0	0	13
03:55:00	14100	23	14	0	67	2	0	0	2	1	1	0	6	17	13	0	41	0	0	0	0	0	0	0	2	0	0	0	0	3	0	0	16
04:00:00	14400	16	8	0	75	0	0	0	2	1	1	0	6	15	5	0	51	0	0	0	0	0	2	0	0	0	0	0	0	0	0	0	16
04:05:00	14700	17	16	0	76	0	1	0	1	1	0	0	7	13	14	0	50	0	0	0	0	2	0	0	2	1	0	0	1	0	1	0	15
04:10:00	15000	18	17	0	77	0	1	0	0	1	2	0	6	13	13	0	50	0	0	0	0	3	0	0	5	1	0	0	2	0	1	0	14
04:15:00	15300	23	19	0	81	1	0	0	1	2	0	0	8	19	17	0	52	0	0	0	0	0	0	0	5	0	2	0	0	1	0	0	15
04:20:00	15600	18	19	0	80	0	0	0	1	1	0	0	9	14	18	0	48	0	0	0	0	2	0	0	7	0	0	0	0	1	1	0	15
04:25:00	15900	35	20	0	95	0	0	0	1	2	1	0	10	29	18	0	59	0	0	0	0	2	1	0	8	0	0	0	0	2	0	0	17
04:30:00	16200	18	13	0	100	1	1	0	1	3	0	0	13	11	11	0	59	0	0	0	0	1	1	0	8	1	0	0	1	1	0	0	18
04:35:00	16500	23	16	0	107	1	1	0	1	1	2	0	12	17	13	0	63	0	0	0	0	2	0	0	10	1	0	0	2	1	0	0	19
04:40:00	16800	25	22	0	110	0	1	0	0	1	0	0	13	19	17	0	65	1	0	0	1	0	2	0	8	2	2	0	2	2	0	0	21
04:45:00	17100	21	18	0	113	0	0	0	0	3	2	0	14	14	14	0	65	0	0	0	1	1	0	0	9	0	1	0	1	3	1	0	23
04:50:00	17400	33	23	0	123	4	0	0	4	1	1	0	14	21	20	0	66	0	0	0	1	3	2	0	10	0	0	0	1	4	0	0	27
04:55:00	17700	31	18	0	136	0	0	0	4	1	2	0	13	26	14	0	78	0	1	0	0	2	1	0	11	0	0	0	1	2	0	0	29
05:00:00	18000	32	32	0	136	1	3	0	2	2	1	0	14	24	27	0	75	0	0	0	0	1	0	0	12	3	1	0	3	1	0	0	30
05:05:00	18300	35	28	0	143	1	1	0	2	2	2	0	14	25	21	0	79	0	0	0	0	3	3	0	12	1	1	0	3	3	0	0	33
05:10:00	18600	39	33	0	149	1	3	0	0	2	1	0	15	31	26	0	84	0	0	0	0	1	0	0	13	3	2	0	4	1	1	0	33
05:15:00	18900	31	27	0	153	0	0	0	0	3	1	0	17	25	24	0	85	0	0	0	0	1	0	0	14	0	2	0	2	2	0	0	35
05:20:00	19200	25	36	0	142	0	0	0	0	1	4	0	14	19	26	0	78	0	0	0	0	5	2	0	17	0	1	0	1	0	3	0	32
05:25:00	19500	29	31	0	140	0	0	0	0	1	0	0	15	25	27	0	76	0	0	0	0	1	2	0	16	0	1	0	0	2	1	0	33
05:30:00	19800	38	28	0	150	1	0	0	1	2	0	0	17	30	25	0	81	0	0	0	0	1	2	0	15	0	0	0	0	4	1	0	36
05:35:00	20100	36	23	0	163	0	1	0	0	3	3	0	17	28	18	0	91	0	0	0	0	3	1	0	17	2	0	0	2	0	0	0	36
05:40:00	20400	40	36	0	167	2	0	0	2	1	3	0	15	35	29	0	97	1	0	0	1	0	2	0	15	0	1	0	1	1	1	0	36
05:45:00	20700	35	43	0	159	0	2	0	0	1	3	0	13	27	34	0	90	0	1	0	0	2	1	0	16	2	0	0	3	3	2	0	37
05:50:00	21000	43	42	0	160	2	0	0	2	3	1	0	15	34	33	0	91	0	0	0	0	1	3	0	14	0	2	0	1	3	3	0	37
05:55:00	21300	38	38	0	160	0	2	0	0	1	3	0	13	30	31	0	90	1	0	0	1	0	0	0	14	3	1	0	3	3	1	0	39
06:00:00	21600	51	32	0	179	0	0	0	0	0	1	0	12	44	26	0	108	0	0	0	1	3	1	0	16	0	2	0	1	4	2	0	41
06:05:00	21900	30	44	0	165	0	0	0	0	2	0	0	14	24	40	0	92	0	1	0	0	2	2	0	16	0	0	0	1	2	1	0	42
06:10:00	22200	47	38	0	174	0	0	0	0	2	1	0	15	38	31	0	99	0	0	0	0	2	4	0	14	0	1	0	0	5	1	0	46
06:15:00	22500	54	41	0	187	1	0	0	1	6	1	0	20	42	37	0	104	0	0	0	0	2	2	0	14	0	0	0	0	3	1	0	48
06:20:00	22800	37	43	0	181	0	0	0	1	1	1	0	20	30	40	0	94	0	0	0	0	3	1	0	16	0	0	0	0	3	1	0	50
06:25:00	23100	53	42	0	192	0	0	0	1	3	3	0	20	40	37	0	97	0	0	0	0	5	1	0	20	0	0	0	0	5	1	0	54
06:30:00	23400	41	45	0	188	0	1	0	0	3	2	0	21	33	40	0	90	0	0	0	0	3	1	0	22	1	0	0	1	1	1	0	54
06:35:00	23700	48	33	0	203	0	0	0	0	3	2	0	22	38	27	0	101	0	0	0	0	4	3	0	23	0	1	0	0	3	0	0	57
06:40:00	24000	57	35	0	225	1	0	0	1	5	4	0	23	45	29	0	117	0	0	0	0	3	1	0	25	0	0	0	0	3	1	0	59
06:45:00	24300	59	58	0	226	0	1	0	0	2	3	0	22	48	47	0	118	0	0	0	0	4	5	0	24	2	0	0	2	3	2	0	60
06:50:00	24600	44	47	0	223	0	0	0	0	4	1	0	25	36	42	0	112	1	0	0	1	1	2	0	23	0	1	0	1	2	1	0	61
06:55:00	24900	58	52	0	229	0	0	0	0	4	1	0	28	44	45	0	111	0	1	0	0	3	5	0	21	0	0	0	1	7	0	0	68
07:00:00	25200	66	63	0	232	0	0	0	0	3	4	0	27	56	52	0	115	0	0	0	0	2	5	0	18	0	1	0	0	5	1	0	72
07:05:00	25500	75	58	0	249	0	0	0	0	4	2	0	29	63	47	0	131	0	0	0	0	3	4	0	17	0	0	0	0	5	5	0	72
07:10:00	25800	66	60	0	255	0	0	0	0	4	4	0	29	55	50	0	136	0	0	0	0	5	5	0	17	0	0	0	0	2	1	0	73
07:15:00	26100	70	80	0	245	2	1	0	1	3	2	0	30	56	68	0	124	0	0	0	0	4	7	0	14	1	0	0	1	4	2	0	75
07:20:00	26400	51	64	0	232	0	1	0	0	0	3	0	27	46	57	0	113	0	0	0	0	0	2	0	12	1	0	0	2	4	1	0	78
07:25:00	26700	52	55	0	229	0	0	0	0	0	1	0	26	47	50	0	110	0	0	0	0	0	2	0	10	2	2	0	2	3	0	0	81
07:30:00	27000	54	56	0	227	0	0	0	0	2	1	0	27	47	51	0	106	1	0	0	1	2	2	0	10	1	1	0	2	1	1	0	81
07:35:00	27300	80	64	0	243	0	0	0	0	4	4	0	27	65	52	0	119	2	2	0	1	4	2	0	12	0	2	0	0	5	2	0	84
07:40:00	27600	68	65	0	246	0	0	0	0	7	2	0	32	54	56	0	117	0	1	0	0	3	3	0	12	0	0	0	0	4	3	0	85
07:45:00	27900	83	73	0	256	2	2	0	0	2	5	0	29	67	62	0	122	0	0	0	0	3	3	0	12	2	0	0	2	7	1	0	91
07:50:00	28200	69	68	0	257	0	0	0	0	6	2	0	33	55	63	0	114	0	0	0	0	5	1	0	16	0	1	0	1	3	1	0	93
07:55:00	28500	75	65	0	267	1	0	0	1	6	3	0	36	61	57	0	118	0	0	0	0	3	2	0	17	0	1	0	0	4	2	0	95
08:00:00	28800	80	70	0	277	0	0	0	1	6	6	0	36	69	58	0	129	0	0	0	0	3	4	0	16	2	0	0	2	0	2	0	93
08:05:00	29100	84	88	0	273	0	0	0	1	4	4	0	36	68	73	0	124	2	0	0	2	5	3	0	18	0	2	0	0	5	6	0	92
08:10:00	29400	68	71	0	270	0	0	0	1	4	2	0	38	58	64	0	118	0	1	0	1	3	2	0	19	0	0	0	0	3	2	0	93
08:15:00	29700	81	87	0	264	0	1	0	0	3	10	0	31	71	70	0	119	0	0	0	1	2	2	0	19	2	1	0	1	3	3	0	93
08:20:00	30000	83	61	0	286	0	0	0	0	2	2	0	31	66	51	0	134	1	1	0	1	8	3	0	24	0	1	0	0	6	3	0	96
08:25:00	30300	78	83	0	281	0	0	0	0	5	5	0	31	60	71	0	123	0	0	0	1	6	5	0	25	0	0	0	0	7	2	0	101
08:30:00	30600	91	77	0	295	0	0	0	0	5	4	0	32	73	61	0	135	0	1	0	0	8	6	0	27	1	0	0	1	4	5	0	100
08:35:00	30900	91	93	0	293	2	1	0	1	4	4	0	32	74	76	0	133	1	1	0	0	3	5	0	25	1	1	0	1	6	5	0	101
08:40:00	31200	86	97	0	282	0	1	0	0	9	6	0	35	66	78	0	121	0	0	0	0	6	7	0	24	2	1	0	2	3	4	0	100
08:45:00	31500	101	89	0	294	0	0	0	0	8	8	0	35	87	74	0	134	1	0	0	1	1	4	0	21	1	2	0	1	3	1	0	102
08:50:00	31800	80	97	0	277	0	0	0	0	3	2	0	36	66	85	0	115	1	0	0	2	5	6	0	20	2	1	0	2	3	3	0	102
08:55:00	32100	70	84	0	263	1	0	0	1	2	8	0	30	56	69	0	102	0	2	0	0	7	3	0	24	0	0	0	2	4	2	0	104
09:00:00	32400	88	86	0	265	0	1	0	0	2	6	0	26	74	67	0	109	0	0	0	0	5	6	0	23	1	0	0	3	6	6	0	104
09:05:00	32700	102	98	0	269	0	0	0	0	2	4	0	24	84	82	0	111	0	0	0	0	9	5	0	27	0	0	0	3	7	7	0	104
09:10:00	33000	96	89	0	276	0	0	0	0	3	7	0	20	80	74	0	117	1	0	0	1	6	6	0	27	0	1	0	2	6	1	0	109
09:15:00	33300	92	83	0	285	0	0	0	0	3	2	0	21	80	70	0	127	0	1	0	0	2	5	0	24	0	0	0	2	7	5	0	111
09:20:00	33600	105	82	0	308	1	1	0	0	7	1	0	27	85	72	0	140	0	0	0	0	5	6	0	23	2	1	0	3	5	1	0	115
09:25:00	33900	97	97	0	308	0	0	0	0	7	4	0	30	84	85	0	139	1	0	0	1	3	4	0	22	0	1	0	2	2	3	0	114
09:30:00	34200	96	95	0	309	0	0	0	0	3	0	0	33	79	87	0	131	0	0	0	1	8	4	0	26	1	1	0	2	5	3	0	116
09:35:00	34500	111	92	0	328	0	0	0	0	10	3	0	40	83	73	0	141	0	1	0	0	11	5	0	32	1	0	0	3	6	10	0	112
09:40:00	34800	121	102	0	347	1	0	0	1	7	7	0	40	98	86	0	153	1	0	0	1	5	6	0	31	0	1	0	2	9	2	0	119
09:45:00	35100	128	119	0	356	2	1	0	2	8	13	0	35	105	91	0	167	1	2	0	0	7	8	0	30	2	1	0	3	3	3	0	119
09:50:00	35400	102	119	0	339	0	2	0	0	1	3	0	33	89	106	0	150	1	0	0	1	4	3	0	31	4	2	0	5	3	3	0	119
09:55:00	35700	111	122	0	328	0	0	0	0	5	10	0	28	94	98	0	146	1	1	0	1	5	9	0	27	1	2	0	4	5	2	0	122
10:00:00	36000	110	114	0	324	1	0	0	1	3	5	0	26	93	91	0	148	1	1	0	1	7	12	0	22	1	1	0	4	4	4	0	122
10:05:00	36300	137	100	0	361	1	0	0	2	4	2	0	28	114	91	0	171	0	0	0	1	8	3	0	27	3	1	0	6	7	3	0	126
10:10:00	36600	131	146	0	346	0	0	0	2	7	6	0	29	106	123	0	154	3	3	0	1	7	5	0	29	1	3	0	4	7	6	0	127
10:15:00	36900	121	136	0	331	0	1	0	1	4	7	0	26	101	106	0	149	3	2	0	2	5	7	0	27	2	4	0	2	6	9	0	124
10:20:00	37200	116	116	0	331	1	1	0	1	3	6	0	23	103	94	0	158	0	2	0	0	3	6	0	24	1	0	0	3	5	7	0	122
10:25:00	37500	119	115	0	335	1	2	0	0	11	5	0	29	91	88	0	161	2	0	0	2	3	9	0	18	2	3	0	2	9	8	0	123
10:30:00	37800	131	115	0	351	0	0	0	0	5	4	0	30	117	100	0	178	0	1	0	1	7	2	0	23	0	2	0	0	2	6	0	119
10:35:00	38100	133	127	0	357	0	0	0	0	7	9	0	28	109	107	0	180	0	0	0	1	11	3	0	31	1	0	0	1	5	8	0	116
10:40:00	38400	139	122	0	374	0	0	0	0	7	6	0	29	119	100	0	199	1	1	0	1	7	7	0	31	2	1	0	2	3	7	0	112
10:45:00	38700	122	138	0	358	0	0	0	0	5	8	0	26	104	113	0	190	1	0	0	2	7	10	0	28	1	1	0	2	4	6	0	110
10:50:00	39000	116	135	0	339	0	0	0	0	5	7	0	24	96	117	0	169	2	0	0	4	2	6	0	24	1	2	0	1	10	3	0	117
10:55:00	39300	141	127	0	353	0	0	0	0	11	4	0	31	118	108	0	179	1	2	0	3	4	7	0	21	1	1	0	1	6	5	0	118
11:00:00	39600	139	129	0	363	2	1	0	1	10	7	0	34	111	107	0	183	1	1	0	3	6	6	0	21	3	1	0	3	6	6	0	118
11:05:00	39900	129	109	0	383	1	1	0	1	5	7	0	32	108	87	0	204	2	2	0	3	7	4	0	24	3	3	0	3	3	5	0	116
11:10:00	40200	158	155	0	386	1	1	0	1	9	10	0	31	126	128	0	202	1	2	0	2	11	8	0	27	3	2	0	4	7	4	0	119
11:15:00	40500	145	149	0	382	1	2	0	0	6	9	0	28	121	123	0	200	2	2	0	2	7	6	0	28	3	2	0	5	5	5	0	119
11:20:00	40800	129	138	0	373	0	0	0	0	6	6	0	28	111	113	0	198	2	1	0	3	3	9	0	22	1	4	0	2	6	5	0	120
11:25:00	41100	138	140	0	371	0	0	0	0	6	2	0	32	114	122	0	190	3	1	0	5	7	7	0	22	3	3	0	2	5	5	0	120
11:30:00	41400	139	140	0	370	0	0	0	0	7	9	0	30	127	111	0	206	1	3	0	3	3	10	0	15	0	1	0	1	1	6	0	115
11:35:00	41700	141	144	0	367	2	1	0	1	6	4	0	32	114	127	0	193	1	0	0	4	11	4	0	22	2	2	0	1	5	6	0	114
11:40:00	42000	145	143	0	369	0	1	0	0	8	7	0	33	122	118	0	197	1	4	0	1	8	4	0	26	1	1	0	1	5	8	0	111
11:45:00	42300	131	121	0	379	1	0	0	1	2	7	0	28	116	104	0	209	0	1	0	0	5	3	0	28	1	1	0	1	6	5	0	112
11:50:00	42600	122	134	0	367	1	0	0	2	6	6	0	28	107	112	0	204	0	0	0	0	2	9	0	21	0	0	0	1	6	7	0	111
11:55:00	42900	116	144	0	339	0	1	0	1	5	11	0	22	98	120	0	182	0	0	0	0	2	8	0	15	3	0	0	4	8	4	0	115
12:00:00	43200	138	124	0	353	0	0	0	1	5	6	0	21	115	106	0	191	0	0	0	0	5	5	0	15	1	1	0	4	12	6	0	121
12:05:00	43500	152	124	0	381	0	1	0	0	10	3	0	28	130	110	0	211	0	0	0	0	5	1	0	19	3	0	0	7	4	9	0	116
12:10:00	43800	143	151	0	373	1	0	0	1	4	9	0	23	123	125	0	209	2	1	0	1	9	7	0	21	0	2	0	5	4	7	0	113
12:15:00	44100	138	160	0	351	2	2	0	1	7	6	0	24	110	139	0	180	0	0	0	1	10	8	0	23	2	0	0	7	7	5	0	115
12:20:00	44400	139	132	0	358	0	0	0	1	6	3	0	27	118	113	0	185	0	0	0	1	4	5	0	22	0	1	0	6	11	10	0	116
12:25:00	44700	156	144	0	370	1	0	0	2	11	8	0	30	124	124	0	185	1	1	0	1	9	3	0	28	0	2	0	4	10	6	0	120
12:30:00	45000	132	129	0	373	2	3	0	1	5	9	0	26	108	104	0	189	1	1	0	1	6	7	0	27	3	2	0	5	7	3	0	124
12:35:00	45300	128	126	0	375	2	1	0	2	2	6	0	22	112	110	0	191	1	1	0	1	3	3	0	27	1	3	0	3	7	2	0	129
12:40:00	45600	119	142	0	352	0	2	0	0	4	6	0	20	103	118	0	176	0	1	0	0	6	9	0	24	3	1	0	5	3	5	0	127
12:45:00	45900	115	129	0	338	0	0	0	0	1	8	0	13	109	110	0	175	1	0	0	1	2	5	0	21	0	3	0	2	2	3	0	126
12:50:00	46200	151	127	0	362	2	0	0	2	7	4	0	16	124	107	0	192	0	1	0	0	10	8	0	23	1	0	0	3	7	7	0	126
12:55:00	46500	126	117	0	371	0	1	0	1	5	2	0	19	109	103	0	198	0	0	0	0	3	4	0	22	1	0	0	4	8	7	0	127
13:00:00	46800	149	150	0	370	1	0	0	2	6	3	0	22	125	130	0	193	0	0	0	0	5	8	0	19	3	1	0	6	9	8	0	128
13:05:00	47100	144	133	0	381	1	1	0	2	6	6	0	22	126	110	0	209	3	1	0	2	4	1	0	22	1	3	0	4	3	11	0	120
13:10:00	47400	146	125	0	402	0	1	0	1	7	6	0	23	125	100	0	234	2	2	0	2	5	7	0	20	1	2	0	3	6	7	0	119
13:15:00	47700	138	152	0	388	1	0	0	2	4	5	0	22	119	131	0	222	0	1	0	1	8	7	0	21	0	2	0	1	6	6	0	119
13:20:00	48000	130	144	0	374	0	1	0	1	4	3	0	23	118	125	0	215	1	1	0	1	5	5	0	21	2	2	0	1	0	7	0	112
13:25:00	48300	106	139	0	341	1	1	0	1	3	4	0	22	91	118	0	188	0	1	0	0	6	8	0	19	2	0	0	3	3	7	0	108
13:30:00	48600	144	114	0	371	0	0	0	1	7	10	0	19	124	92	0	220	0	0	0	0	5	5	0	19	2	1	0	4	6	6	0	108
13:35:00	48900	119	124	0	366	3	1	0	3	8	4	0	23	95	105	0	210	2	2	0	0	6	4	0	21	1	2	0	3	4	6	0	106
13:40:00	49200	135	141	0	360	1	2	0	2	8	3	0	28	114	116	0	208	1	0	0	1	3	12	0	12	3	2	0	4	5	6	0	105
13:45:00	49500	123	128	0	355	0	1	0	1	4	3	0	29	106	112	0	202	1	1	0	1	6	4	0	14	2	2	0	4	4	5	0	104
13:50:00	49800	129	138	0	346	0	0	0	1	6	8	0	27	108	120	0	190	1	0	0	2	7	4	0	17	2	3	0	3	5	3	0	106
13:55:00	50100	130	108	0	368	0	0	0	1	4	8	0	23	117	90	0	217	2	2	0	2	3	2	0	18	0	2	0	1	4	4	0	106
14:00:00	50400	121	121	0	368	0	0	0	1	4	7	0	20	103	103	0	217	0	2	0	0	4	1	0	21	1	0	0	2	9	8	0	107
14:05:00	50700	122	133	0	357	2	0	0	3	8	6	0	22	101	118	0	200	1	1	0	0	7	3	0	25	1	1	0	2	2	4	0	105
14:10:00	51000	136	134	0	359	0	2	0	1	2	6	0	18	119	117	0	202	1	0	0	1	3	5	0	23	2	2	0	2	9	2	0	112
14:15:00	51300	135	121	0	373	2	0	0	3	4	3	0	19	122	104	0	220	0	1	0	0	5	9	0	19	1	1	0	2	1	3	0	110
14:20:00	51600	155	142	0	386	0	2	0	1	7	4	0	22	131	124	0	227	2	0	0	2	7	6	0	20	3	4	0	1	5	2	0	113
14:25:00	51900	121	147	0	360	1	2	0	0	8	3	0	27	100	128	0	199	1	1	0	2	8	7	0	21	2	1	0	2	1	5	0	109
14:30:00	52200	123	123	0	360	0	0	0	0	6	6	0	27	104	105	0	198	0	1	0	1	9	5	0	25	0	1	0	1	4	5	0	108
14:35:00	52500	134	117	0	377	0	0	0	0	8	7	0	28	112	94	0	216	1	1	0	1	3	3	0	25	1	2	0	0	9	10	0	107
14:40:00	52800	137	136	0	378	0	0	0	0	7	3	0	32	121	120	0	217	0	1	0	0	4	9	0	20	0	0	0	0	5	3	0	109
14:45:00	53100	145	146	0	377	2	1	0	1	3	4	0	31	122	129	0	210	0	0	0	0	7	6	0	21	2	0	0	2	9	6	0	112
14:50:00	53400	151	130	0	398	1	1	0	1	11	6	0	36	128	113	0	225	0	0	0	0	4	4	0	21	1	1	0	2	6	5	0	113
14:55:00	53700	142	143	0	397	0	1	0	0	7	10	0	33	121	117	0	229	1	1	0	0	6	5	0	22	2	2	0	2	5	7	0	111
15:00:00	54000	131	137	0	391	2	0	0	2	4	4	0	33	114	121	0	222	0	0	0	0	6	4	0	24	0	1	0	1	5	7	0	109
15:05:00	54300	160	131	0	420	0	0	0	2	7	5	0	35	135	111	0	246	1	1	0	0	6	7	0	23	0	1	0	0	11	6	0	114
15:10:00	54600	149	156	0	413	2	2	0	2	8	7	0	36	122	134	0	234	0	0	0	0	3	6	0	20	3	1	0	2	11	6	0	119
15:15:00	54900	148	154	0	407	1	1	0	2	4	9	0	31	122	131	0	225	1	0	0	1	7	4	0	23	1	3	0	0	12	6	0	125
15:20:00	55200	142	125	0	424	2	1	0	3	4	6	0	29	121	112	0	234	1	1	0	1	6	1	0	28	3	1	0	2	5	3	0	127
15:25:00	55500	153	146	0	431	3	4	0	2	9	5	0	33	122	124	0	232	2	2	0	1	6	3	0	31	5	3	0	4	6	5	0	128
15:30:00	55800	151	141	0	441	2	3	0	1	4	5	0	32	128	117	0	243	1	1	0	1	7	3	0	35	3	5	0	2	6	7	0	127
15:35:00	56100	152	138	0	455	0	1	0	0	4	7	0	29	134	119	0	258	0	1	0	0	3	5	0	33	2	1	0	3	9	4	0	132
15:40:00	56400	176	155	0	476	2	1	0	1	7	5	0	31	148	128	0	278	2	2	0	0	11	11	0	33	2	4	0	1	4	4	0	132
15:45:00	56700	145	169	0	452	2	1	0	2	4	10	0	25	126	146	0	258	0	0	0	0	4	6	0	31	1	1	0	1	8	5	0	135
15:50:00	57000	169	150	0	471	1	3	0	0	2	2	0	25	148	133	0	273	1	0	0	1	5	4	0	32	4	3	0	2	8	5	0	138
15:55:00	57300	155	160	0	466	2	0	0	2	5	5	0	25	136	137	0	272	0	1	0	0	5	7	0	30	1	2	0	1	6	8	0	136
16:00:00	57600	169	171	0	464	1	2	0	1	4	6	0	23	144	145	0	271	2	0	0	2	11	7	0	34	3	3	0	1	4	8	0	132
16:05:00	57900	169	173	0	460	0	1	0	0	4	2	0	25	147	151	0	267	0	0	0	2	7	9	0	32	2	1	0	2	9	9	0	132
16:10:00	58200	162	146	0	476	2	0	0	2	8	4	0	29	134	127	0	274	0	1	0	1	7	9	0	30	0	1	0	1	11	4	0	139
16:15:00	58500	184	174	0	486	1	3	0	0	6	8	0	27	156	143	0	287	1	1	0	1	7	7	0	30	5	3	0	3	8	9	0	138
16:20:00	58800	155	169	0	472	0	0	0	0	8	5	0	30	138	145	0	280	1	2	0	0	3	6	0	27	0	2	0	1	5	9	0	134
16:25:00	59100	180	173	0	479	2	0	0	2	4	6	0	28	156	152	0	284	2	0	0	2	9	10	0	26	1	2	0	0	6	3	0	137
16:30:00	59400	182	170	0	491	2	2	0	2	10	7	0	31	151	147	0	288	0	2	0	0	7	8	0	25	2	1	0	1	10	3	0	144
16:35:00	59700	174	180	0	485	2	3	0	1	10	5	0	36	143	155	0	276	0	0	0	0	6	5	0	26	4	3	0	2	9	9	0	144
16:40:00	60000	174	156	0	503	1	2	0	0	6	7	0	35	147	133	0	290	1	1	0	0	8	6	0	28	4	2	0	4	7	5	0	146
16:45:00	60300	145	173	0	475	0	0	0	0	6	6	0	35	122	153	0	259	2	1	0	1	4	3	0	29	0	4	0	0	11	6	0	151
16:50:00	60600	164	152	0	487	0	0	0	0	5	10	0	30	150	127	0	282	0	1	0	0	6	9	0	26	1	0	0	1	2	5	0	148
16:55:00	60900	190	171	0	506	1	1	0	0	6	10	0	26	172	149	0	305	0	0	0	0	4	6	0	24	1	0	0	2	6	5	0	149
17:00:00	61200	157	198	0	465	2	0	0	2	3	5	0	24	138	174	0	269	2	0	0	2	2	5	0	21	4	3	0	3	6	11	0	144
17:05:00	61500	183	182	0	466	4	3	0	3	7	4	0	27	149	157	0	261	4	3	0	3	8	5	0	24	5	4	0	4	6	6	0	144
17:10:00	61800	166	149	0	483	2	3	0	2	6	0	0	33	140	129	0	272	1	3	0	1	5	6	0	23	5	2	0	7	7	6	0	145
17:15:00	62100	179	156	0	506	3	3	0	2	7	2	0	38	149	132	0	289	1	1	0	1	3	8	0	18	6	6	0	7	10	4	0	151
17:20:00	62400	176	199	0	483	1	2	0	1	8	9	0	37	143	166	0	266	4	2	0	3	7	6	0	19	2	8	0	1	11	6	0	156
17:25:00	62700	154	150	0	487	0	1	0	0	4	2	0	39	136	130	0	272	0	3	0	0	8	5	0	22	1	2	0	0	5	7	0	154
17:30:00	63000	161	176	0	472	1	1	0	0	9	9	0	39	131	155	0	248	0	0	0	0	10	4	0	28	3	0	0	3	7	7	0	154
17:35:00	63300	138	159	0	451	0	0	0	0	9	11	0	37	111	129	0	230	3	2	0	1	5	6	0	27	2	4	0	1	8	7	0	155
17:40:00	63600	153	150	0	454	3	0	0	3	6	7	0	36	131	127	0	234	1	2	0	0	2	6	0	23	0	1	0	0	10	7	0	158
17:45:00	63900	157	123	0	488	3	3	0	3	7	5	0	38	129	103	0	260	0	0	0	0	4	6	0	21	3	0	0	3	11	6	0	163
17:50:00	64200	169	169	0	488	0	3	0	0	7	5	0	40	142	150	0	252	0	0	0	0	8	2	0	27	4	5	0	2	8	4	0	167
17:55:00	64500	143	156	0	475	0	0	0	0	5	7	0	38	130	133	0	249	1	1	0	0	0	5	0	22	1	2	0	1	6	8	0	165
18:00:00	64800	139	155	0	459	1	1	0	0	8	10	0	36	113	129	0	233	1	0	0	1	5	4	0	23	2	1	0	2	9	10	0	164
18:05:00	65100	155	148	0	466	1	0	0	1	4	5	0	35	133	129	0	237	2	0	0	3	6	3	0	26	4	3	0	3	5	8	0	161
18:10:00	65400	135	159	0	442	2	2	0	1	4	6	0	33	113	134	0	216	2	4	0	1	4	6	0	24	3	2	0	4	7	5	0	163
18:15:00	65700	141	132	0	451	1	2	0	0	4	2	0	35	122	113	0	225	2	2	0	1	1	3	0	22	4	3	0	5	7	7	0	163
18:20:00	66000	146	148	0	449	2	2	0	0	7	10	0	32	124	126	0	223	1	2	0	0	5	3	0	24	2	1	0	6	5	4	0	164
18:25:00	66300	127	145	0	431	0	0	0	0	5	8	0	29	115	117	0	221	1	1	0	0	2	6	0	20	2	6	0	2	2	7	0	159
18:30:00	66600	140	150	0	421	2	1	0	1	9	5	0	33	113	134	0	200	3	2	0	1	6	2	0	24	2	3	0	1	5	3	0	161
18:35:00	66900	123	129	0	415	0	1	0	0	4	4	0	33	100	108	0	192	1	1	0	1	6	5	0	25	3	2	0	2	9	8	0	162
18:40:00	67200	130	126	0	419	0	0	0	0	5	5	0	33	117	105	0	204	0	0	0	1	1	7	0	19	1	1	0	2	6	8	0	160
18:45:00	67500	128	145	0	402	1	0	0	1	4	9	0	28	109	122	0	191	2	2	0	1	5	5	0	19	3	2	0	3	4	5	0	159
18:50:00	67800	134	127	0	409	3	2	0	2	5	5	0	28	110	101	0	200	2	3	0	0	6	4	0	21	2	2	0	3	6	10	0	155
18:55:00	68100	120	154	0	375	0	2	0	0	6	5	0	29	98	135	0	163	1	1	0	0	7	3	0	25	2	3	0	2	6	5	0	156
19:00:00	68400	130	106	0	399	4	3	0	1	7	9	0	27	101	81	0	183	0	0	0	0	8	5	0	28	4	3	0	3	6	5	0	157
19:05:00	68700	121	124	0	396	5	2	0	4	5	4	0	28	98	101	0	180	0	0	0	0	3	7	0	24	3	2	0	4	7	8	0	156
19:10:00	69000	120	118	0	398	2	5	0	1	4	5	0	27	91	90	0	181	3	1	0	2	6	4	0	26	8	6	0	6	6	7	0	155
19:15:00	69300	110	131	0	377	3	3	0	1	1	3	0	25	85	105	0	161	3	4	0	1	8	5	0	29	4	7	0	3	6	4	0	157
19:20:00	69600	105	120	0	362	4	1	0	4	6	5	0	26	84	95	0	150	0	1	0	0	3	8	0	24	2	3	0	2	6	7	0	156
19:25:00	69900	124	119	0	367	2	2	0	4	4	7	0	23	107	99	0	158	0	0	0	0	4	4	0	24	3	1	0	4	4	6	0	154
19:30:00	70200	108	114	0	361	2	4	0	2	6	3	0	26	82	91	0	149	2	2	0	0	5	3	0	26	5	4	0	5	6	7	0	153
19:35:00	70500	100	100	0	361	2	2	0	2	1	2	0	25	82	82	0	149	2	1	0	1	8	6	0	28	2	4	0	3	3	3	0	153
19:40:00	70800	92	97	0	356	3	1	0	4	4	2	0	27	77	82	0	144	0	1	0	0	3	7	0	24	2	1	0	4	3	3	0	153
19:45:00	71100	109	117	0	348	0	3	0	1	5	4	0	28	89	95	0	138	2	1	0	1	2	2	0	24	5	4	0	5	6	8	0	151
19:50:00	71400	99	105	0	342	4	3	0	2	4	4	0	28	82	77	0	143	2	2	0	1	2	8	0	18	4	4	0	5	1	7	0	145
19:55:00	71700	95	118	0	319	1	3	0	0	8	6	0	30	71	91	0	123	3	1	0	3	2	5	0	15	7	6	0	6	3	6	0	142
20:00:00	72000	91	108	0	302	2	0	0	2	5	7	0	28	75	85	0	113	2	3	0	2	2	4	0	13	0	5	0	1	5	4	0	143
20:05:00	72300	79	83	0	298	1	2	0	1	4	2	0	30	59	63	0	109	1	3	0	0	2	1	0	14	5	1	0	5	7	11	0	139
20:10:00	72600	93	81	0	310	1	1	0	1	5	7	0	28	76	62	0	123	2	1	0	1	0	1	0	13	1	2	0	4	8	7	0	140
20:15:00	72900	100	95	0	315	3	1	0	3	5	7	0	26	79	69	0	133	3	3	0	1	1	4	0	10	5	5	0	4	4	6	0	138
20:20:00	73200	62	108	0	269	1	3	0	1	3	3	0	26	48	89	0	92	2	2	0	1	3	3	0	10	4	3	0	5	1	5	0	134
20:25:00	73500	82	80	0	271	1	0	0	2	2	6	0	22	70	61	0	101	1	1	0	1	3	2	0	11	1	3	0	3	4	7	0	131
20:30:00	73800	87	72	0	286	2	1	0	3	0	2	0	20	73	60	0	114	2	2	0	1	4	0	0	15	5	3	0	5	1	4	0	128
20:35:00	74100	86	99	0	273	6	3	0	6	2	5	0	17	60	74	0	100	3	1	0	3	4	3	0	16	4	4	0	5	7	9	0	126
20:40:00	74400	82	87	0	268	2	5	0	3	2	2	0	17	61	64	0	97	5	5	0	3	1	1	0	16	10	7	0	8	1	3	0	124
20:45:00	74700	82	95	0	255	3	3	0	3	1	0	0	18	61	70	0	88	4	5	0	2	7	2	0	21	3	7	0	4	3	8	0	119
20:50:00	75000	75	79	0	251	0	1	0	2	1	4	0	15	66	56	0	98	1	3	0	0	4	6	0	19	2	4	0	2	1	5	0	115
20:55:00	75300	73	77	0	247	0	1	0	1	3	3	0	15	62	62	0	98	1	1	0	0	3	4	0	18	1	3	0	0	3	3	0	115
21:00:00	75600	63	64	0	246	2	2	0	1	3	1	0	17	49	54	0	93	0	0	0	0	2	4	0	16	4	0	0	4	3	3	0	115
21:05:00	75900	62	72	0	236	0	1	0	0	0	3	0	14	51	59	0	85	1	0	0	1	4	2	0	18	4	3	0	5	2	4	0	113
21:10:00	76200	53	69	0	220	0	0	0	0	3	2	0	15	42	46	0	81	4	2	0	3	0	5	0	13	1	5	0	1	3	9	0	107
21:15:00	76500	68	63	0	225	1	0	0	1	3	4	0	14	56	51	0	86	1	1	0	3	0	1	0	12	2	1	0	2	5	5	0	107
21:20:00	76800	56	62	0	219	1	1	0	1	1	4	0	11	49	47	0	88	1	1	0	3	2	4	0	10	2	1	0	3	0	4	0	103
21:25:00	77100	55	81	0	193	2	1	0	2	0	1	0	10	45	64	0	69	2	3	0	2	1	2	0	9	3	3	0	3	2	7	0	98
21:30:00	77400	62	67	0	188	2	1	0	3	3	3	0	10	45	54	0	60	2	2	0	2	2	1	0	10	2	3	0	2	6	3	0	101
21:35:00	77700	54	49	0	193	1	3	0	1	4	1	0	13	38	38	0	60	1	2	0	1	2	0	0	12	4	2	0	4	4	3	0	102
21:40:00	78000	58	43	0	208	1	0	0	2	2	0	0	15	48	32	0	76	2	2	0	1	3	2	0	13	0	4	0	0	2	3	0	101
21:45:00	78300	41	54	0	195	1	1	0	2	2	3	0	14	35	42	0	69	0	1	0	0	1	4	0	10	1	0	0	1	1	3	0	99
21:50:00	78600	65	54	0	206	0	1	0	1	0	2	0	12	56	38	0	87	1	1	0	0	2	0	0	12	3	1	0	3	3	11	0	91
21:55:00	78900	96	58	0	244	1	0	0	2	1	2	0	11	88	47	0	128	2	1	0	1	0	2	0	10	1	3	0	1	3	3	0	91
22:00:00	79200	136	68	0	312	1	2	0	1	2	3	0	10	123	53	0	198	2	1	0	2	2	1	0	11	6	2	0	5	0	6	0	85
22:05:00	79500	69	142	0	239	3	0	0	4	1	2	0	9	58	129	0	127	3	3	0	2	1	1	0	11	1	4	0	2	2	3	0	84
22:10:00	79800	37	108	0	168	2	2	0	4	0	3	0	6	29	94	0	62	1	3	0	0	0	0	0	11	2	3	0	1	3	3	0	84
22:15:00	80100	34	48	0	154	1	1	0	4	0	1	0	5	30	39	0	53	0	0	0	0	0	1	0	10	1	2	0	0	2	4	0	82
22:20:00	80400	35	42	0	147	0	2	0	2	0	0	0	5	25	32	0	46	1	1	0	0	3	1	0	12	4	2	0	2	2	4	0	80
22:25:00	80700	29	32	0	144	2	1	0	3	1	0	0	6	20	26	0	40	1	0	0	1	1	3	0	10	4	1	0	5	0	1	0	79
22:30:00	81000	37	42	0	139	0	1	0	2	3	1	0	8	28	29	0	39	4	5	0	0	1	1	0	10	1	4	0	2	0	1	0	78
22:35:00	81300	24	36	0	127	3	1	0	4	1	1	0	8	18	26	0	31	0	0	0	0	0	2	0	8	2	1	0	3	0	5	0	73
22:40:00	81600	30	34	0	123	1	4	0	1	1	1	0	8	18	19	0	30	4	2	0	2	0	0	0	8	5	5	0	3	1	3	0	71
22:45:00	81900	24	26	0	121	1	1	0	1	2	2	0	8	17	16	0	31	1	2	0	1	0	0	0	8	2	3	0	2	1	2	0	70
22:50:00	82200	27	25	0	123	0	1	0	0	0	2	0	6	24	17	0	38	1	0	0	2	0	1	0	7	2	1	0	3	0	3	0	67
22:55:00	82500	21	33	0	111	2	1	0	1	0	1	0	5	16	22	0	32	2	3	0	1	0	1	0	6	1	3	0	1	0	2	0	65
23:00:00	82800	16	25	0	102	1	1	0	1	0	0	0	5	13	22	0	23	0	0	0	1	0	0	0	6	1	1	0	1	1	1	0	65
23:05:00	83100	14	17	0	99	3	1	0	3	0	1	0	4	9	11	0	21	1	1	0	1	0	0	0	6	1	1	0	1	0	2	0	63
23:10:00	83400	17	19	0	97	1	0	0	4	1	0	0	5	12	12	0	21	0	1	0	0	1	1	0	6	1	1	0	1	1	4	0	60
23:15:00	83700	26	24	0	99	4	4	0	4	1	1	0	5	13	13	0	21	0	0	0	0	0	0	0	6	4	1	0	4	4	5	0	59
23:20:00	84000	17	20	0	96	0	1	0	3	1	1	0	5	13	12	0	22	2	1	0	1	0	1	0	5	1	4	0	1	0	0	0	59
23:25:00	84300	22	22	0	96	1	3	0	1	1	0	0	6	13	13	0	22	1	1	0	1	1	0	0	6	4	3	0	2	1	2	0	58
23:30:00	84600	18	20	0	94	2	0	0	3	0	0	0	6	11	12	0	21	1	2	0	0	0	1	0	5	1	2	0	1	3	3	0	58
23:35:00	84900	12	21	0	85	0	1	0	2	0	1	0	5	9	11	0	19	1	1	0	0	1	0	0	6	1	1	0	1	0	6	0	52
23:40:00	85200	11	12	0	84	1	1	0	2	0	0	0	5	7	8	0	18	1	1	0	0	0	1	0	5	1	1	0	1	1	0	0	53
23:45:00	85500	11	12	0	83	1	2	0	1	0	0	0	5	4	6	0	16	1	0	0	1	1	1	0	5	3	2	0	2	1	1	0	53
23:50:00	85800	14	14	0	83	2	1	0	2	1	0	0	6	7	8	0	15	1	2	0	0	1	1	0	5	2	1	0	3	0	1	0	52
23:55:00	86100	8	12	0	79	2	1	0	3	0	0	0	6	4	5	0	14	1	0	0	1	0	0	0	5	1	4	0	0	0	2	0	50
24:00:00	86400	10	13	0	76	0	0	0	3	2	2	0	6	7	9	0	12	0	1	0	0	0	0	0	5	1	0	0	1	0	1	0	49
24:05:00	86700	11	13	0	74	0	1	0	2	1	1	0	6	9	8	0	13	0	0	0	0	0	1	0	4	1	0	0	2	0	2	0	47
24:10:00	87000	6	9	0	71	0	0	0	2	0	1	0	5	5	6	0	12	1	1	0	0	0	0	0	4	0	1	0	1	0	0	0	47
24:15:00	87300	7	10	0	68	0	0	0	2	0	0	0	5	2	4	0	10	2	2	0	0	1	0	0	5	1	2	0	0	1	2	0	46
24:20:00	87600	9	11	0	66	0	0	0	2	1	1	0	5	5	5	0	10	1	0	0	1	1	2	0	4	1	1	0	0	0	2	0	44
24:25:00	87900	3	8	0	61	0	0	0	2	0	2	0	3	3	3	0	10	0	0	0	1	0	1	0	3	0	0	0	0	0	2	0	42
24:30:00	88200	8	9	0	60	2	0	0	4	0	1	0	2	4	5	0	9	0	1	0	0	0	0	0	3	1	0	0	1	1	2	0	41
24:35:00	88500	8	7	0	61	0	2	0	2	0	0	0	2	5	4	0	10	0	0	0	0	0	0	0	3	2	0	0	3	1	1	0	41
24:40:00	88800	8	9	0	60	1	1	0	2	0	0	0	2	4	6	0	8	1	0	0	1	1	0	0	4	1	2	0	2	0	0	0	41
24:45:00	89100	9	14	0	55	1	2	0	1	0	0	0	2	3	5	0	6	2	3	0	0	0	1	0	3	3	3	0	2	0	0	0	41
24:50:00	89400	7	9	0	53	0	1	0	0	0	0	0	2	2	3	0	5	2	2	0	0	0	1	0	2	2	2	0	2	1	0	0	42
24:55:00	89700	4	6	0	51	0	0	0	0	0	0	0	2	2	3	0	4	2	1	0	1	0	0	0	2	0	2	0	0	0	0	0	42
25:00:00	90000	2	4	0	49	0	0	0	0	0	0	0	2	0	2	0	2	0	1	0	0	0	0	0	2	0	0	0	0	2	1	0	43
25:05:00	90300	2	2	0	49	0	0	0	0	0	0	0	2	2	2	0	2	0	0	0	0	0	0	0	2	0	0	0	0	0	0	0	43
25:10:00	90600	1	0	0	50	0	0	0	0	1	0	0	3	0	0	0	2	0	0	0	0	0	0	0	2	0	0	0	0	0	0	0	43
25:15:00	90900	3	2	0	51	0	0	0	0	0	1	0	2	3	1	0	4	0	0	0	0	0	0	0	2	0	0	0	0	0	0	0	43
25:20:00	91200	1	3	0	49	0	0	0	0	0	0	0	2	1	2	0	3	0	0	0	0	0	0	0	2	0	0	0	0	0	1	0	42
25:25:00	91500	2	6	0	45	0	0	0	0	0	1	0	1	1	2	0	2	0	0	0	0	0	0	0	2	0	0	0	0	1	3	0	40
25:30:00	91800	2	1	0	46	0	0	0	0	0	0	0	1	2	0	0	4	0	0	0	0	0	1	0	1	0	0	0	0	0	0	0	40
25:35:00	92100	0	3	0	43	0	0	0	0	0	0	0	1	0	2	0	2	0	0	0	0	0	0	0	1	0	0	0	0	0	1	0	39
25:40:00	92400	1	2	0	42	0	0	0	0	0	0	0	1	0	0	0	2	0	0	0	0	0	0	0	1	0	0	0	0	1	2	0	38
25:45:00	92700	1	2	0	41	0	0	0	0	0	0	0	1	1	2	0	1	0	0	0	0	0	0	0	1	0	0	0	0	0	0	0	38
25:50:00	93000	1	1	0	41	0	0	0	0	0	0	0	1	1	0	0	2	0	0	0	0	0	0	0	1	0	0	0	0	0	1	0	37
25:55:00	93300	0	3	0	38	0	0	0	0	0	0	0	1	0	2	0	0	0	0	0	0	0	0	0	1	0	0	0	0	0	1	0	36
26:00:00	93600	1	0	0	39	0	0	0	0	0	0	0	1	1	0	0	1	0	0	0	0	0	0	0	1	0	0	0	0	0	0	0	36
26:05:00	93900	0	1	0	38	0	0	0	0	0	0	0	1	0	0	0	1	0	0	0	0	0	0	0	1	0	0	0	0	0	1	0	35
26:10:00	94200	1	1	0	38	0	0	0	0	0	0	0	1	0	0	0	1	0	0	0	0	0	1	0	0	0	0	0	0	1	0	0	36
26:15:00	94500	1	2	0	37	0	0	0	0	0	0	0	1	0	0	0	1	0	0	0	0	0	0	0	0	0	0	0	0	1	2	0	35
26:20:00	94800	2	2	0	37	0	0	0	0	0	0	0	1	2	1	0	2	0	0	0	0	0	0	0	0	0	0	0	0	0	1	0	34
26:25:00	95100	1	0	0	38	0	0	0	0	0	0	0	1	1	0	0	3	0	0	0	0	0	0	0	0	0	0	0	0	0	0	0	34
26:30:00	95400	0	1	0	37	0	0	0	0	0	0	0	1	0	1	0	2	0	0	0	0	0	0	0	0	0	0	0	0	0	0	0	34
26:35:00	95700	1	1	0	37	0	0	0	0	0	0	0	1	1	1	0	2	0	0	0	0	0	0	0	0	0	0	0	0	0	0	0	34
26:40:00	96000	0	2	0	35	0	0	0	0	0	0	0	1	0	2	0	0	0	0	0	0	0	0	0	0	0	0	0	0	0	0	0	34
26:45:00	96300	1	0	0	36	0	0	0	0	0	0	0	1	1	0	0	1	0	0	0	0	0	0	0	0	0	0	0	0	0	0	0	34
26:50:00	96600	0	2	0	34	0	0	0	0	0	0	0	1	0	1	0	0	0	0	0	0	0	0	0	0	0	0	0	0	0	1	0	33
26:55:00	96900	1	1	0	34	0	0	0	0	0	0	0	1	0	0	0	0	0	0	0	0	0	0	0	0	0	0	0	0	1	1	0	33
27:00:00	97200	0	1	0	33	0	0	0	0	0	0	0	1	0	0	0	0	0	0	0	0	0	0	0	0	0	0	0	0	0	1	0	32
27:05:00	97500	0	0	0	33	0	0	0	0	0	0	0	1	0	0	0	0	0	0	0	0	0	0	0	0	0	0	0	0	0	0	0	32
27:10:00	97800	0	1	0	32	0	0	0	0	0	0	0	1	0	0	0	0	0	0	0	0	0	0	0	0	0	0	0	0	0	1	0	31
27:15:00	98100	0	1	0	31	0	0	0	0	0	0	0	1	0	0	0	0	0	0	0	0	0	0	0	0	0	0	0	0	0	1	0	30
27:20:00	98400	0	0	0	31	0	0	0	0	0	0	0	1	0	0	0	0	0	0	0	0	0	0	0	0	0	0	0	0	0	0	0	30
27:25:00	98700	0	0	0	31	0	0	0	0	0	0	0	1	0	0	0	0	0	0	0	0	0	0	0	0	0	0	0	0	0	0	0	30
27:30:00	99000	0	0	0	31	0	0	0	0	0	0	0	1	0	0	0	0	0	0	0	0	0	0	0	0	0	0	0	0	0	0	0	30
27:35:00	99300	0	0	0	31	0	0	0	0	0	0	0	1	0	0	0	0	0	0	0	0	0	0	0	0	0	0	0	0	0	0	0	30
27:40:00	99600	0	0	0	31	0	0	0	0	0	0	0	1	0	0	0	0	0	0	0	0	0	0	0	0	0	0	0	0	0	0	0	30
27:45:00	99900	0	0	0	31	0	0	0	0	0	0	0	1	0	0	0	0	0	0	0	0	0	0	0	0	0	0	0	0	0	0	0	30
27:50:00	100200	0	1	0	30	0	0	0	0	0	0	0	1	0	0	0	0	0	0	0	0	0	0	0	0	0	0	0	0	0	1	0	29
27:55:00	100500	0	0	0	30	0	0	0	0	0	0	0	1	0	0	0	0	0	0	0	0	0	0	0	0	0	0	0	0	0	0	0	29
28:00:00	100800	0	0	0	30	0	0	0	0	0	0	0	1	0	0	0	0	0	0	0	0	0	0	0	0	0	0	0	0	0	0	0	29
28:05:00	101100	0	0	0	30	0	0	0	0	0	0	0	1	0	0	0	0	0	0	0	0	0	0	0	0	0	0	0	0	0	0	0	29
28:10:00	101400	0	0	0	30	0	0	0	0	0	0	0	1	0	0	0	0	0	0	0	0	0	0	0	0	0	0	0	0	0	0	0	29
28:15:00	101700	0	0	0	30	0	0	0	0	0	0	0	1	0	0	0	0	0	0	0	0	0	0	0	0	0	0	0	0	0	0	0	29
28:20:00	102000	0	1	0	29	0	0	0	0	0	1	0	0	0	0	0	0	0	0	0	0	0	0	0	0	0	0	0	0	0	0	0	29
28:25:00	102300	0	0	0	29	0	0	0	0	0	0	0	0	0	0	0	0	0	0	0	0	0	0	0	0	0	0	0	0	0	0	0	29
28:30:00	102600	0	0	0	29	0	0	0	0	0	0	0	0	0	0	0	0	0	0	0	0	0	0	0	0	0	0	0	0	0	0	0	29
28:35:00	102900	0	0	0	29	0	0	0	0	0	0	0	0	0	0	0	0	0	0	0	0	0	0	0	0	0	0	0	0	0	0	0	29
28:40:00	103200	0	0	0	29	0	0	0	0	0	0	0	0	0	0	0	0	0	0	0	0	0	0	0	0	0	0	0	0	0	0	0	29
28:45:00	103500	0	0	0	29	0	0	0	0	0	0	0	0	0	0	0	0	0	0	0	0	0	0	0	0	0	0	0	0	0	0	0	29
28:50:00	103800	0	0	0	29	0	0	0	0	0	0	0	0	0	0	0	0	0	0	0	0	0	0	0	0	0	0	0	0	0	0	0	29
28:55:00	104100	0	1	0	28	0	0	0	0	0	0	0	0	0	0	0	0	0	0	0	0	0	0	0	0	0	0	0	0	0	1	0	28
29:00:00	104400	0	0	0	28	0	0	0	0	0	0	0	0	0	0	0	0	0	0	0	0	0	0	0	0	0	0	0	0	0	0	0	28
29:05:00	104700	0	1	0	27	0	0	0	0	0	0	0	0	0	0	0	0	0	0	0	0	0	0	0	0	0	0	0	0	0	1	0	27
29:10:00	105000	0	0	0	27	0	0	0	0	0	0	0	0	0	0	0	0	0	0	0	0	0	0	0	0	0	0	0	0	0	0	0	27
29:15:00	105300	0	0	0	27	0	0	0	0	0	0	0	0	0	0	0	0	0	0	0	0	0	0	0	0	0	0	0	0	0	0	0	27
29:20:00	105600	0	0	0	27	0	0	0	0	0	0	0	0	0	0	0	0	0	0	0	0	0	0	0	0	0	0	0	0	0	0	0	27
29:25:00	105900	0	0	0	27	0	0	0	0	0	0	0	0	0	0	0	0	0	0	0	0	0	0	0	0	0	0	0	0	0	0	0	27
29:30:00	106200	0	0	0	27	0	0	0	0	0	0	0	0	0	0	0	0	0	0	0	0	0	0	0	0	0	0	0	0	0	0	0	27
29:35:00	106500	0	0	0	27	0	0	0	0	0	0	0	0	0	0	0	0	0	0	0	0	0	0	0	0	0	0	0	0	0	0	0	27
29:40:00	106800	1	2	0	26	0	0	0	0	0	0	0	0	0	0	0	0	0	0	0	0	0	0	0	0	0	0	0	0	1	2	0	26
29:45:00	107100	0	1	0	25	0	0	0	0	0	0	0	0	0	0	0	0	0	0	0	0	0	0	0	0	0	0	0	0	0	1	0	25
29:50:00	107400	0	0	0	25	0	0	0	0	0	0	0	0	0	0	0	0	0	0	0	0	0	0	0	0	0	0	0	0	0	0	0	25
29:55:00	107700	1	1	0	25	0	0	0	0	0	0	0	0	0	0	0	0	0	0	0	0	0	0	0	0	0	0	0	0	1	1	0	25
30:00:00	108000	0	0	25	0	0	0	0	0	0	0	0	0	0	0	0	0	0	0	0	0	0	0	0	0	0	0	0	0	0	0	25	0
30:05:00	108300	0	0	0	0	0	0	0	0	0	0	0	0	0	0	0	0	0	0	0	0	0	0	0	0	0	0	0	0	0	0	0	0
