12095571

12095581
12095582
12095583

12096511

12096521
12096522
12096523

12096531
12096532
12096533
12096534

12096541
12096542

12102611

12102621
12102622

12102631
12102632

12102641
12102642

12102661
12102662

12102671

12102681
12102682

12102691
12102692

12102701
12102702

12103611
12103612
12103613

12103621
12103622
12103623
12103624

12103631
12103632

12103641
12103642
12103643
12103644

12103661

12103671

12103681
12103682

12104631
12104632

12104641

12104661
12104662
12104663

12104671
12104672
12104673
12104674

12104681
12104682

12104691
12104692

12104701
12104702

12104711
12104712

12105611
12105612
12105613
12105614

12106611
12106612
12106613

12107621
12107622

12107631
12107632
12107633

12107641

12108611
12108612

12111611
12111612
12111613

12120621
12120622
12120623

12120631
12120632
12120633
12120634

12120651
12120652
12120653

12120661
12120662

12121611

12121621
12121622
12121623

12121631
12121632

12121641
12121642
12121643

12121651
12121652

12122611
12122612
12122613

12122631
12122632

12122641
12122642
12122643

12131611
12131612
12131613

12131621
12131622

12131631
12131632
12131633

12131641
12131642

12131651
12131652

12131661
12131662
12131663

12131671
12131672

12131681
12131682

12132611
12132612
12132613

12132621
12132622

12132631
12132632
12132633

12132641
12132642

12132651
12132652
12132653

12132661
12132662
12132663

12132671
12132672

12132681
12132682

12132691

12133611
12133612

12133621
12133622

12133631
12133632

12133641
12133642

12133651
12133652

12133661
12133662
12133663

12133671
12133672
12133673

12133681
12133682
12133683

12133691
12133692
12133693

12133701
12133702

12133711
12133712

12133721
12133722

12133731
12133732
12133733
12133734