1209557,725
1209652,1
1209653,238
1210262,2543
1210264,612
1210270,3725
1210361,804
1210363,351
1210364,320
1210463,168
1210466,877
1210467,193
1210469,185
1210471,635
1210561,146
1210763,423
1210764,1
1210861,419
1212062,408
1212063,452
1212066,432
1212163,601
1212164,439
1212261,382
1212263,526
1213161,99
1213163,472
1213164,578
1213165,223
1213166,446
1213168,1394
1213261,165
1213262,1
1213265,522
1213363,181
1213364,672
1213365,649
1213366,1235
1213367,627
1213368,415
1213369,1804
1213371,1572
1213372,773
1213373,259
