1209557,593
1209558,483
1209651,253
1209652,822
1209653,238
1209654,230
1210262,924
1210263,785
1210264,834
1210266,1878
1210267,409
1210268,256
1210269,480
1210270,2573
1210361,1887
1210362,405
1210363,351
1210364,3735
1210368,561
1210463,542
1210464,308
1210466,2255
1210467,2066
1210468,1558
1210469,2253
1210470,1294
1210471,5113
1210561,1804
1210661,2577
1210762,852
1210763,591
1210764,2
1210861,5276
1211161,509
1212062,158
1212063,1076
1212066,1144
1212161,674
1212162,1191
1212163,1461
1212164,439
1212165,1334
1212261,382
1212263,526
1213161,820
1213162,545
1213163,418
1213164,954
1213165,223
1213166,446
1213168,732
1213261,252
1213262,1
1213264,282
1213265,1158
1213266,1258
1213267,555
1213268,904
1213269,944
1213361,1623
1213362,320
1213363,1633
1213364,196
1213365,259
1213366,395
1213367,920
1213368,51
1213369,2142
1213371,7662
1213372,3739
1213373,738
