29192138,356,21.45
28634356,349,11.2
27277649,193,10.94
27518969,171,21.37
27703922,596,10.54
28704787,234,13.85
29466384,4422,13.01
27564862,238,58.17
29183787,718,10.66
27139995,181,28.99
27741199,596,10.81
27840954,297,18.77
29056301,334,16.23
33681735,485,5.67
33681734,485,0
27884882,98,14.2
28168860,233,11.41
27071639,126,8.47
27180197,688,0.99
26867543,344,10.23
28096589,259,5.65
27760840,305,8.73
28008802,146,3.81
29312809,364,5.75
32107184,121,17.33
29192140,356,21.45
29312807,364,5.75
26857866,653,42.32
27445140,596,0.25
28581959,570,19.69
32870411,318,11.64
27098904,266,14.74
33262080,98,0
26760170,3215,8.26
27937051,136,10.97
30437737,364,5.78
34617832,690,7.52
27812228,300,0.82
29414923,691,6.7
28254074,161,15.92
29067223,781,5.59
27219414,163,8.95
28154665,299,5.5
27239397,98,20.35
29776267,318,11.64
32952841,360,11.02
27619637,89,5.4
27619638,89,5.4
32674453,288,20.09
34063378,145,0.51
28154652,98,5.78
28151382,1,24.61
28235682,455,18.32
30437736,364,5.78
27295278,342,4.09
28339980,1098,8.15
29339050,548,0.37
27467290,278,10.76
27148279,150,14.53
27929850,619,3.29
28623142,344,2.64
28076797,692,1.27
29466066,1001,14.02
27072893,240,11.76
27415808,557,1.24
26923421,406,5.16
26785687,1188,11.38
32285566,91,6.51
27540731,439,9.57
27527512,573,0
28810916,378,11.65
31386721,311,3.68
26808788,147,6.43
29183476,308,9.28
29317060,587,15.06
26695510,248,11.26
26696720,254,3.77
28763578,314,14.59
27941963,1052,0
26693570,1,6.07
26880577,1093,0
28923301,164,8.09
28031638,431,8.67
28057804,301,13.94
28479717,297,3.19
26695508,248,7.08
28677063,193,6.14
33025684,835,11.21
29690807,269,14.56
27903046,587,12.3
26970500,373,0.57
28920154,122,19.69
28031309,669,10.16
28751477,739,6.71
28416528,351,24.58
28415797,326,17.13
29550622,305,5.23
26696719,254,3.77
34889448,929,8.15
27092681,266,9.16
27548451,247,23.53
33015509,464,11.43
27164892,2856,14.67
27704722,957,6.12
26996423,326,13.48
26933106,266,8.83
26933107,266,8.83
27121291,369,12.65
27003666,275,4
27468661,305,6.24
29059307,163,9.1
28439751,98,15.95
26793155,368,12.33
26769049,1,21.7
27875548,338,10.93
26889733,835,9.31
26905506,701,5.99
26736116,1813,13
27308508,259,11.38
28053912,290,6.56
27050544,1,9.46
27601859,127,2.98
29083410,436,9.55
26960595,927,0.83
27305231,141,11.04
27258177,165,7.59
26800101,778,1.28
27145930,149,6.32
28068296,91,13.73
26951895,426,6.74
27248587,290,7.62
28046488,352,14.16
28176764,158,13.59
26725247,275,6.06
26795596,232,6.75
29612713,1219,17.34
27714563,142,5.36
26716528,234,7.34
27564566,113,5.74
27418930,259,11.07
26760447,366,7.86
26917884,269,0
31224598,1,11.61
33490036,145,11.28
28121110,205,1.99
28121111,205,129.3
27452087,300,15.59
33141345,271,8.06
29286821,171,5.44
32321432,254,2.01
29017550,234,16.74
26880919,149,10.64
27634505,631,4.87
29101995,205,11.95
26772894,295,19.27
27236459,171,8.6
29530837,245,5.28
27445225,382,11.17
27340041,7496,3.35
27515378,393,10.24
26843420,389,10.16
29916963,378,22.37
28517648,275,15.43
28563787,223,4.13
29866529,383,4.23
28563789,223,4.13
27258130,284,6.42
27416730,201,8.89
27178888,297,4.66
32950700,318,2.18
28403639,150,12.65
27694923,1034,6.73
27694922,1034,9.11
31502089,1123,8.42
27961511,278,2.16
28769279,345,1.67
28631277,227,20.45
26886278,318,0
32796888,369,6.55
31179974,330,4.58
32796891,165,15.03
29013173,583,3.54
26986814,479,6.94
28912024,370,7.42
27131387,344,10.26
32899898,485,5.04
27880711,592,2.76
26809327,917,1.8
29201599,127,4.51
27102936,149,11.74
28600680,238,45.67
28014482,143,13.66
26841256,368,8.15
27329469,150,7.03
28176452,288,15.95
26818285,296,15
26845977,318,19.33
26738200,201,13.17
33670722,359,6.25
27641061,259,13.92
27493889,378,10
27937406,825,15.09
28176454,1293,6.88
28934487,392,8.46
28600676,238,6.61
28588940,90,3.3
28932186,319,11.96
27916969,2480,5.42
27753936,290,3.66
29388617,364,14.52
26531740,168,11.52
29784866,532,2.98
28763835,429,14.98
28869916,178,4.76
26905504,1,5.99
27889513,196,2.64
27738678,477,18.25
26820227,94,5.05
27315081,395,16.62
28625941,191,3.95
29426711,486,0
28626918,698,25.43
29107016,608,5.11
32414409,297,25.73
28685029,296,7.26
27999083,467,2.66
29028763,364,12.07
27714140,491,5.95
33624130,528,16.26
32286062,371,6.62
27397893,1018,7.63
32394521,297,5.61
26758312,327,2.8
31574958,156,6.86
29366096,126,2.29
27544572,823,8.16
27819321,378,0
27820663,288,13.16
27397896,259,7.63
31420147,340,0.37
26992920,141,4.86
28546282,382,0.25
27467747,514,3.17
28665783,920,6.9
28161672,191,5.36
27120453,242,6.99
29134707,479,22.73
26905247,117,49.41
28203261,359,18.97
26992808,316,4.03
33675945,405,11.73
27723099,253,0.99
26992807,886,4.03
27260533,334,8.25
27723097,391,0.99
27495069,779,3.61
33008747,1,9.68
27382061,127,9.82
26815767,552,0.99
27317964,234,9.34
28663373,238,2.38
29838166,783,20.2
28663372,554,13.32
29040308,515,11.65
28301823,301,5.64
26710150,692,10.49
31091680,834,5.66
32289422,146,1.3
28629898,398,22.31
33937858,283,2.06
26814681,157,14
27117040,387,9.64
27609177,141,2.4
27611478,161,6.49
29838398,901,6.75
26973124,310,8.08
26884554,1,21.7
28581141,318,13.94
27376986,345,1.66
28981081,359,19.11
26804999,293,1.36
29436393,929,2.97
34731144,297,20.93
34668948,365,11.5
27581445,118,7.65
27581444,914,9.58
29241158,370,9.22
34898747,351,21.92
27946745,567,12.59
29150139,271,13.77
33038387,201,4.6
28111597,786,19.44
27056720,118,0.88
27179698,227,2.46
29015405,127,8.69
31882953,123,12.32
34688641,391,8.02
31136697,198,12.92
28338904,126,8.38
29612570,51,3.36
29150141,2057,0.27
28342043,234,12.3
27317443,647,2.47
27359048,311,12.43
27014091,1653,8.61
29107755,3547,8.49
27936841,177,9.02
27796219,122,11.99
27582675,6922,5.8
28661153,325,9.55
27413174,290,5.03
26918640,232,15.23
28150949,791,46.95
29152779,1006,9.23
27159863,368,3.67
26675332,168,11.43
32153781,405,0
27104043,248,26.85
26918639,831,15.23
30406769,522,13.28
29923502,254,0.25
28716384,439,0
27915918,122,1.22
27056719,118,0.88
29700592,115,19.62
29130643,477,32.41
28894009,314,9.88
32425013,127,3.78
33044840,359,4.22
29888922,409,13.03
29013791,485,6.05
29553322,171,9.99
29049289,147,9.24
27318751,305,21.12
28971240,178,5.85
28378037,444,8.13
29096296,835,5.86
29390245,901,10.97
27178172,906,23.7
28286168,453,14.49
27030498,502,0
28674767,310,1.82
26768742,385,3.58
27008203,446,12.46
35031325,296,11.85
29567250,321,7.85
27859869,264,12.63
28337972,718,3.65
27635061,292,4.6
29052345,297,68.7
27145374,1,4.85
27493290,196,10.71
26710753,1014,10.92
32757889,370,18.66
28684563,282,4.54
26697580,232,5.13
27138138,323,5.86
29288788,334,18.2
27733842,479,14.51
27288123,149,3.28
29617937,351,10.02
32262119,295,1.98
28114293,358,1
27764486,723,22.79
34857460,351,6.64
27578650,1,0
26995486,145,5.28
31116873,535,2.14
29549838,630,4.65
26803144,409,18.03
31306889,240,6.27
26771946,1178,35.52
28021892,91,10.06
29695576,288,4.79
32743397,492,9.45
28067973,377,8.36
27269838,172,12.93
27695237,185,6.38
28379275,445,15.6
27501481,1018,1.82
27878389,205,10.98
28709493,371,0.87
27803022,259,0.24
28721633,98,15.95
29149573,165,13.11
29149572,165,13.11
29229683,697,0.37
28160401,90,0.84
27138597,149,13.11
27504749,596,6.77
26808958,320,26.48
26790583,369,11.48
26837898,334,10.26
27837361,421,27.34
28466936,351,6.6
26806990,286,18.41
28559961,678,3.73
27181130,713,38.03
28238167,815,5.78
29922715,352,2.43
34477979,266,7.96
31996068,234,11.72
34356365,177,0.77
27878180,3428,5.69
32683341,718,9.25
26835484,253,3.66
27780645,107,10.61
29874702,209,7.56
27884962,567,18.88
28218398,977,32.77
28894500,290,1.94
28338627,387,10.94
27485246,479,26.85
26733464,275,2.81
26930696,112,6.18
28392302,163,4.73
26836584,268,8.31
28673883,810,17.88
27379595,118,20.7
27707022,232,27.98
27169370,91,2.52
30578497,417,4.68
30578496,417,4.68
27010232,201,2.99
28563091,165,14.3
28684559,282,9.01
31066366,230,7.91
28161884,358,5.69
27033556,118,21.37
28966982,323,11.31
32022676,423,5.53
28799455,201,10.39
31067584,319,5.62
34013823,171,4.76
28046757,1,10.19
27463342,233,21.61
29102238,185,13.85
28521381,145,14.36
33117976,562,3.61
26769971,132,7.91
26858022,244,7.01
26769973,132,4.42
26779753,274,19.65
27348893,372,9.71
33753371,2689,2.19
26956602,244,2.97
28021585,127,9.69
28021586,127,9.69
28471173,334,17.24
29597072,288,24.25
26835393,331,9.15
28471172,1034,17.24
32777331,369,1.88
26808914,143,1.78
26790781,417,6.37
29755413,171,13.06
28171453,188,1.67
